Name: Lepidolite K(Li,Al)3(Si,Al)_4O_10(F,OH)_2
Type: Mineral
Class: Silicates
Subclass: Phyllosilicates
Particle Size: 45-125um
Sample No.: PS-13B
Owner: JPL
Wavelength range: IR
Origin: South Africa
Collected by Ward's
Description:  Lavender lepidolite. 





Measurement: Hemispherical reflectance
First Column: X
Second Column: Y
X Units:  Wavelength (micrometers)
Y Units:  Reflectance (percent)
First X Value: 15.3853
Last X Value: 2.00032
Number of X Values: 2256
Additional information: ps13ba.txt
 
15.3853	1.06548
15.3397	1.05169
15.2945	0.855967
15.2495	0.854391
15.2048	0.901853
15.1603	1.0641
15.1161	1.23462
15.0722	1.15353
15.0285	1.07459
14.9851	1.12822
14.9419	1.16428
14.8989	1.22053
14.8563	1.53239
14.8138	1.63107
14.7716	1.61714
14.7296	1.69025
14.6879	1.54487
14.6464	1.46099
14.6052	1.41926
14.5641	1.53154
14.5233	1.67168
14.4828	1.39713
14.4424	1.22565
14.4023	1.41684
14.3624	1.60325
14.3227	1.72516
14.2833	1.82938
14.244	1.94836
14.205	1.7921
14.1662	1.71467
14.1276	1.71512
14.0892	1.73185
14.051	1.78297
14.0131	1.76543
13.9753	1.82074
13.9377	2.13637
13.9004	2.31128
13.8632	2.36151
13.8262	2.35864
13.7895	2.35172
13.7529	2.37402
13.7165	2.30396
13.6803	2.26561
13.6443	2.37716
13.6085	2.43915
13.5729	2.37182
13.5374	2.3061
13.5022	2.39206
13.4671	2.54269
13.4322	2.52878
13.3975	2.44872
13.363	2.39592
13.3286	2.34414
13.2944	2.31201
13.2604	2.20966
13.2266	2.12847
13.193	2.15779
13.1595	2.25068
13.1262	2.17431
13.093	2.05336
13.06	2.05775
13.0272	2.0977
12.9946	2.09818
12.9621	2.2159
12.9298	2.21308
12.8976	2.2066
12.8656	2.2109
12.8337	2.28686
12.8021	2.32577
12.7705	2.35357
12.7391	2.54751
12.7079	2.67519
12.6769	2.5265
12.6459	2.39079
12.6152	2.43087
12.5845	2.60919
12.5541	2.71071
12.5238	2.57512
12.4936	2.44313
12.4635	2.43166
12.4337	2.51941
12.4039	2.68589
12.3743	2.67465
12.3448	2.60258
12.3155	2.71716
12.2863	2.71337
12.2573	2.76569
12.2284	2.94681
12.1996	3.1229
12.171	3.1788
12.1425	3.27895
12.1141	3.27206
12.0859	3.25573
12.0578	3.30628
12.0298	3.41779
12.0019	3.43662
11.9742	3.486
11.9466	3.57638
11.9192	3.59412
11.8918	3.72825
11.8646	3.7062
11.8375	3.66381
11.8106	3.74748
11.7837	3.90786
11.757	4.05321
11.7304	4.05328
11.7039	4.05736
11.6776	4.17494
11.6513	4.1482
11.6252	4.15678
11.5992	4.17708
11.5733	4.15246
11.5475	4.13725
11.5219	4.16309
11.4963	4.20887
11.4709	4.28128
11.4455	4.3584
11.4203	4.51764
11.3952	4.61746
11.3702	4.68236
11.3454	4.67947
11.3206	4.71676
11.2959	4.78441
11.2714	4.76495
11.2469	4.7412
11.2226	4.86748
11.1983	5.03442
11.1742	5.17816
11.1502	5.15331
11.1263	5.23254
11.1024	5.45823
11.0787	5.54776
11.0551	5.45668
11.0316	5.47734
11.0081	5.6371
10.9848	5.60599
10.9616	5.54502
10.9385	5.62338
10.9154	5.8277
10.8925	5.96831
10.8697	5.89586
10.8469	5.9223
10.8243	5.93276
10.8017	6.11031
10.7793	6.15018
10.7569	6.15668
10.7346	6.30455
10.7125	6.33572
10.6904	6.3898
10.6684	6.52699
10.6465	6.67119
10.6247	6.83034
10.6029	7.02686
10.5813	7.11297
10.5597	7.26552
10.5383	7.4944
10.5169	7.66606
10.4956	7.96503
10.4744	8.38572
10.4533	8.7964
10.4323	9.12065
10.4113	9.39324
10.3904	9.66897
10.3697	10.0038
10.349	10.1174
10.3284	10.118
10.3078	10.2318
10.2874	10.3083
10.267	10.3709
10.2467	10.5499
10.2265	10.8372
10.2064	11.1672
10.1863	11.5065
10.1663	11.8636
10.1464	12.1901
10.1266	12.6831
10.1069	13.2391
10.0872	13.6666
10.0676	14.1673
10.0481	14.5462
10.0287	14.7125
10.0093	14.9224
9.99005	15.0179
9.97084	15.1634
9.95169	15.4769
9.93263	15.666
9.91364	15.7811
9.89472	15.9754
9.87587	16.2932
9.8571	16.6117
9.83839	16.8689
9.81976	17.1479
9.80119	17.4946
9.78271	17.9343
9.76428	18.4864
9.74592	19.0928
9.72764	19.5804
9.70943	20.1798
9.69128	20.8131
9.6732	21.5067
9.65518	22.2971
9.63724	22.7851
9.61935	23.1963
9.60155	23.5383
9.5838	23.5403
9.56611	23.1616
9.5485	22.5983
9.53094	21.9323
9.51345	21.1184
9.49604	20.2497
9.47867	19.5269
9.46137	18.9179
9.44414	18.4644
9.42697	18.2697
9.40986	18.1991
9.39281	18.369
9.37583	18.7215
9.35891	19.0087
9.34204	19.0576
9.32524	19.1252
9.3085	19.1511
9.29182	18.9241
9.27519	18.7979
9.25863	18.6823
9.24213	18.4411
9.22568	18.0871
9.2093	17.7226
9.19297	17.488
9.17669	17.413
9.16048	17.5394
9.14433	17.7002
9.12823	17.7117
9.11218	17.8291
9.0962	18.0227
9.08027	18.1022
9.06439	18.1314
9.04858	18.1706
9.03281	18.2612
9.0171	18.2333
9.00145	18.1392
8.98585	18.0394
8.9703	17.8863
8.9548	17.6223
8.93937	17.089
8.92398	16.5633
8.90865	16.1759
8.89337	15.7217
8.87814	15.2955
8.86296	14.8348
8.84784	14.1715
8.83277	13.5911
8.81774	13.1331
8.80277	12.577
8.78786	12.0567
8.77298	11.5222
8.75816	10.7768
8.7434	9.99503
8.72868	9.39589
8.714	8.95327
8.69938	8.39657
8.68481	7.7602
8.67029	7.15664
8.65581	6.52054
8.64139	5.90381
8.62701	5.47216
8.61268	5.1086
8.5984	4.76062
8.58416	4.44986
8.56997	4.15963
8.55583	3.97723
8.54174	3.69863
8.52769	3.41904
8.51368	3.2445
8.49973	2.97308
8.48582	2.75783
8.47195	2.75536
8.45813	2.62286
8.44436	2.34019
8.43062	2.21316
8.41693	2.0398
8.4033	1.88532
8.3897	1.83932
8.37614	1.77035
8.36264	1.57385
8.34917	1.46502
8.33574	1.47829
8.32236	1.39862
8.30903	1.29152
8.29573	1.18662
8.28248	1.12963
8.26927	1.17932
8.2561	1.24061
8.24298	1.12962
8.2299	1.06304
8.21685	1.08422
8.20385	1.07636
8.19089	1.03029
8.17797	1.06199
8.16509	0.979489
8.15225	0.955553
8.13946	0.951794
8.1267	0.929932
8.11398	0.773335
8.10131	0.70422
8.08867	0.700817
8.07606	0.682574
8.0635	0.685057
8.05099	0.744798
8.0385	0.785551
8.02606	0.775919
8.01366	0.693917
8.00129	0.71242
7.98896	0.749474
7.97667	0.814691
7.96442	0.940183
7.9522	0.978803
7.94002	0.869
7.92788	0.783523
7.91578	0.837649
7.90371	0.918118
7.89168	0.925055
7.87969	0.976807
7.86773	0.988907
7.85581	0.979442
7.84392	1.02851
7.83207	0.998757
7.82026	1.03809
7.80849	1.13069
7.79674	1.26878
7.78503	1.34315
7.77337	1.35654
7.76173	1.3856
7.75012	1.36738
7.73856	1.33959
7.72703	1.40201
7.71553	1.51627
7.70406	1.59523
7.69263	1.6499
7.68123	1.75838
7.66987	1.88244
7.65855	1.87917
7.64725	1.86974
7.63598	1.93508
7.62475	2.01924
7.61356	2.08262
7.60239	2.16592
7.59126	2.23937
7.58017	2.24395
7.5691	2.22889
7.55806	2.34845
7.54707	2.49398
7.5361	2.5663
7.52516	2.61346
7.51425	2.67713
7.50338	2.72082
7.49253	2.71946
7.48172	2.86763
7.47094	3.02032
7.46019	2.98789
7.44947	3.03323
7.43879	3.1171
7.42813	3.19352
7.4175	3.3057
7.4069	3.33694
7.39634	3.40164
7.3858	3.54155
7.37529	3.60225
7.36482	3.61912
7.35437	3.64767
7.34396	3.65122
7.33357	3.66787
7.32321	3.76376
7.31288	3.91187
7.30258	4.03345
7.29231	4.16139
7.28207	4.16278
7.27185	4.18597
7.26167	4.23418
7.25152	4.3097
7.24139	4.44561
7.23129	4.57044
7.22122	4.64907
7.21117	4.70695
7.20116	4.79265
7.19117	4.83986
7.18121	4.87451
7.17128	4.99539
7.16137	5.06461
7.1515	5.06427
7.14164	5.10524
7.13182	5.196
7.12203	5.29368
7.11225	5.33678
7.10251	5.38714
7.0928	5.49089
7.08311	5.58498
7.07344	5.6604
7.06381	5.78671
7.0542	5.9304
7.04461	6.05418
7.03506	6.11129
7.02552	6.20336
7.01601	6.228
7.00653	6.24761
6.99708	6.30706
6.98765	6.38766
6.97824	6.55046
6.96886	6.78613
6.95951	6.8912
6.95018	6.89236
6.94087	6.89738
6.9316	6.96226
6.92234	7.05293
6.91311	7.18057
6.90391	7.27656
6.89473	7.32039
6.88557	7.46621
6.87644	7.67865
6.86733	7.88092
6.85824	7.921
6.84918	7.97321
6.84015	8.07138
6.83114	8.12341
6.82215	8.20791
6.81319	8.2718
6.80424	8.36329
6.79532	8.54281
6.78643	8.73434
6.77756	8.81961
6.76871	8.8918
6.75989	8.9514
6.75109	8.98917
6.74231	9.0736
6.73355	9.27808
6.72482	9.42145
6.71611	9.53253
6.70742	9.63211
6.69875	9.63057
6.69011	9.73272
6.68149	9.88042
6.67289	9.88797
6.66431	9.92609
6.65576	10.0387
6.64722	10.1763
6.63871	10.3918
6.63022	10.3886
6.62175	10.2625
6.61331	10.3289
6.60488	10.3647
6.59648	10.4005
6.5881	10.4768
6.57974	10.5657
6.5714	10.725
6.56308	10.7335
6.55478	10.7547
6.54651	10.7777
6.53825	10.8092
6.53001	10.8628
6.5218	10.9636
6.51361	11.1019
6.50544	11.3104
6.49729	11.5397
6.48915	11.543
6.48104	11.3896
6.47295	11.4519
6.46488	11.5095
6.45683	11.5038
6.4488	11.5233
6.44079	11.5664
6.4328	11.7219
6.42482	11.7932
6.41687	11.977
6.40894	11.8934
6.40103	11.6662
6.39314	11.6055
6.38526	11.6257
6.37741	11.7585
6.36957	11.821
6.36176	11.7384
6.35396	11.8144
6.34618	12.0162
6.33843	11.9416
6.33069	11.8055
6.32297	11.7848
6.31527	11.8511
6.30758	11.93
6.29992	11.995
6.29227	12.0261
6.28465	12.0962
6.27704	12.1179
6.26945	12.0844
6.26188	12.0511
6.25432	12.0159
6.24679	12.0199
6.23927	11.9724
6.23177	11.8889
6.22429	11.8503
6.21683	11.8251
6.20938	11.7684
6.20195	11.7662
6.19454	11.8657
6.18715	11.9242
6.17978	11.6839
6.17242	11.4232
6.16508	11.3856
6.15776	11.3736
6.15045	11.1922
6.14317	11.0907
6.1359	11.0933
6.12864	10.8834
6.12141	10.8155
6.11419	10.9787
6.10699	10.8054
6.0998	10.624
6.09263	10.5829
6.08549	10.4189
6.07835	10.4054
6.07123	10.3618
6.06413	10.1232
6.05705	10.0888
6.04998	10.1984
6.04293	9.93856
6.0359	9.64063
6.02888	9.46619
6.02187	9.4032
6.01489	9.41016
6.00792	9.21253
6.00096	8.98949
5.99403	9.00856
5.98711	8.98771
5.9802	8.87504
5.97331	8.86102
5.96644	8.85165
5.95958	8.76208
5.95274	8.74855
5.94591	8.77988
5.9391	8.91384
5.9323	8.93172
5.92552	8.77296
5.91876	8.71694
5.91201	8.69497
5.90528	8.69586
5.89856	8.86219
5.89186	8.97169
5.88517	9.09052
5.8785	9.14588
5.87184	9.01939
5.8652	9.05916
5.85857	9.13715
5.85196	9.17891
5.84536	9.19516
5.83878	9.16881
5.83221	9.28868
5.82566	9.47721
5.81912	9.44076
5.81259	9.27461
5.80608	9.26843
5.79959	9.31557
5.79311	9.23612
5.78665	9.20812
5.78019	9.19934
5.77376	9.15997
5.76734	9.23894
5.76093	9.16251
5.75453	8.99946
5.74815	8.94387
5.74179	8.77811
5.73543	8.67174
5.7291	8.64708
5.72277	8.63949
5.71646	8.6109
5.71017	8.51276
5.70389	8.42549
5.69762	8.3445
5.69136	8.28456
5.68513	8.23598
5.6789	8.25872
5.67268	8.26457
5.66648	8.21487
5.6603	8.19461
5.65413	8.19681
5.64797	8.30024
5.64182	8.35178
5.63569	8.24646
5.62957	8.20749
5.62347	8.22191
5.61737	8.25745
5.61129	8.21955
5.60522	8.24841
5.59917	8.2734
5.59313	8.26999
5.5871	8.29015
5.58109	8.2934
5.57509	8.32739
5.5691	8.27665
5.56312	8.23773
5.55716	8.26349
5.55121	8.29035
5.54528	8.30322
5.53935	8.3371
5.53344	8.29364
5.52754	8.31386
5.52166	8.39307
5.51578	8.40429
5.50992	8.40083
5.50407	8.52085
5.49823	8.54761
5.49241	8.54917
5.4866	8.63436
5.4808	8.74804
5.47501	8.75385
5.46923	8.80499
5.46347	8.87156
5.45772	8.77548
5.45198	8.79429
5.44625	8.94686
5.44054	8.9819
5.43484	8.9725
5.42914	9.0709
5.42347	9.19187
5.4178	9.20795
5.41214	9.21788
5.4065	9.24275
5.40087	9.28458
5.39525	9.43565
5.38964	9.51147
5.38404	9.52935
5.37846	9.59708
5.37288	9.68264
5.36732	9.7608
5.36177	9.81758
5.35623	9.88159
5.35071	10.0071
5.34519	10.0938
5.33968	10.1684
5.33419	10.2904
5.32871	10.4624
5.32324	10.6387
5.31778	10.7628
5.31233	10.9713
5.30689	11.1967
5.30147	11.3447
5.29605	11.5757
5.29065	11.8444
5.28525	12.0266
5.27987	12.2474
5.2745	12.5802
5.26914	12.9009
5.26379	13.1215
5.25845	13.3068
5.25312	13.596
5.24781	13.9487
5.2425	14.3247
5.23721	14.6901
5.23192	15.0181
5.22665	15.3942
5.22138	15.7523
5.21613	16.0464
5.21089	16.3995
5.20566	16.7869
5.20044	17.2426
5.19522	17.6381
5.19002	17.9621
5.18483	18.4062
5.17965	18.8311
5.17448	19.2392
5.16933	19.6829
5.16418	20.0512
5.15904	20.4434
5.15391	20.8974
5.14879	21.2813
5.14368	21.6042
5.13859	21.9715
5.1335	22.2854
5.12842	22.6333
5.12335	22.9033
5.1183	23.1331
5.11325	23.377
5.10821	23.5673
5.10318	23.811
5.09817	24.016
5.09316	24.1482
5.08816	24.2595
5.08317	24.3197
5.07819	24.4155
5.07322	24.5317
5.06826	24.5389
5.06331	24.5163
5.05837	24.5712
5.05344	24.5801
5.04852	24.5555
5.04361	24.5288
5.03871	24.5331
5.03382	24.5402
5.02894	24.6101
5.02406	24.7268
5.0192	24.7469
5.01435	24.7557
5.0095	24.7392
5.00467	24.68
4.99984	24.6748
4.99502	24.6693
4.99021	24.6484
4.98542	24.6393
4.98063	24.6025
4.97585	24.5898
4.97108	24.6642
4.96632	24.6837
4.96156	24.5884
4.95682	24.5408
4.95209	24.5744
4.94736	24.5518
4.94264	24.5092
4.93794	24.5404
4.93324	24.5527
4.92855	24.5838
4.92387	24.638
4.9192	24.6558
4.91453	24.6622
4.90988	24.7299
4.90524	24.8832
4.9006	24.9383
4.89597	24.9404
4.89135	25.021
4.88674	25.1026
4.88214	25.162
4.87755	25.265
4.87296	25.3866
4.86839	25.4698
4.86382	25.6049
4.85926	25.7732
4.85471	25.8948
4.85017	25.9378
4.84564	25.9674
4.84111	26.051
4.8366	26.1613
4.83209	26.2448
4.82759	26.3312
4.8231	26.4448
4.81862	26.5447
4.81415	26.6895
4.80968	26.7807
4.80522	26.863
4.80077	26.9404
4.79633	26.957
4.7919	27.0449
4.78747	27.1998
4.78306	27.3384
4.77865	27.4625
4.77425	27.6486
4.76986	27.8657
4.76547	28.0886
4.7611	28.2838
4.75673	28.4955
4.75237	28.6234
4.74802	28.8336
4.74367	29.1171
4.73934	29.3564
4.73501	29.5455
4.73069	29.7416
4.72638	29.9647
4.72207	30.2369
4.71777	30.5001
4.71348	30.6655
4.7092	30.8909
4.70493	31.1579
4.70066	31.3784
4.69641	31.58
4.69216	31.7868
4.68791	32.0683
4.68368	32.4448
4.67945	32.8131
4.67523	33.0257
4.67102	33.2919
4.66682	33.7047
4.66262	34.1197
4.65843	34.5099
4.65425	34.8094
4.65007	35.166
4.64591	35.5755
4.64175	35.978
4.6376	36.3584
4.63345	36.8136
4.62932	37.2282
4.62519	37.582
4.62106	37.8995
4.61695	38.2641
4.61284	38.6732
4.60874	39.0745
4.60465	39.4169
4.60056	39.7339
4.59648	40.0328
4.59241	40.3273
4.58835	40.6729
4.58429	41.0122
4.58024	41.3386
4.5762	41.6856
4.57216	42.0204
4.56814	42.3509
4.56411	42.62
4.5601	42.9014
4.55609	43.3207
4.55209	43.6756
4.5481	43.9861
4.54411	44.2761
4.54013	44.6177
4.53616	44.9818
4.5322	45.4051
4.52824	45.7822
4.52429	46.0949
4.52034	46.4498
4.51641	46.8131
4.51247	47.1838
4.50855	47.4897
4.50463	47.803
4.50072	48.1531
4.49682	48.4565
4.49292	48.7733
4.48903	49.1815
4.48515	49.5798
4.48127	49.934
4.4774	50.3074
4.47354	50.7038
4.46968	51.1474
4.46584	51.5528
4.46199	51.9791
4.45815	52.3833
4.45432	52.8135
4.4505	53.2869
4.44668	53.7011
4.44287	54.0576
4.43907	54.5152
4.43527	55.0581
4.43148	55.6207
4.4277	56.049
4.42392	56.4034
4.42015	56.863
4.41638	57.3626
4.41262	57.7837
4.40887	58.1923
4.40513	58.6145
4.40139	59.0076
4.39765	59.4375
4.39393	59.8925
4.39021	60.3187
4.38649	60.7321
4.38278	61.0483
4.37908	61.3497
4.37539	61.6902
4.3717	62.0603
4.36801	62.3767
4.36434	62.6117
4.36067	62.8899
4.357	63.1354
4.35335	63.3302
4.34969	63.5853
4.34605	63.8287
4.34241	63.9971
4.33877	64.1264
4.33514	64.2815
4.33152	64.448
4.32791	64.583
4.3243	64.6807
4.32069	64.7889
4.3171	64.8912
4.31351	64.9726
4.30992	65.0754
4.30634	65.1046
4.30277	65.0519
4.2992	65.0599
4.29564	65.1239
4.29208	65.158
4.28853	65.1428
4.28499	65.1371
4.28145	65.139
4.27792	65.1092
4.27439	65.0849
4.27087	65.1033
4.26735	65.1505
4.26384	65.2072
4.26034	65.2663
4.25684	65.3605
4.25335	65.5263
4.24986	65.5879
4.24638	65.5241
4.24291	65.6157
4.23944	65.8868
4.23598	66.1971
4.23252	66.5312
4.22906	66.7677
4.22562	66.9164
4.22218	67.042
4.21874	67.092
4.21531	67.1194
4.21189	67.1859
4.20847	67.2697
4.20506	67.3573
4.20165	67.3952
4.19825	67.4135
4.19485	67.4931
4.19146	67.571
4.18807	67.6321
4.18469	67.7057
4.18132	67.7077
4.17795	67.7323
4.17458	67.805
4.17123	67.7743
4.16787	67.7881
4.16453	67.8691
4.16118	67.9905
4.15785	68.011
4.15451	68.0223
4.15119	68.0775
4.14787	68.087
4.14455	68.1531
4.14124	68.2288
4.13794	68.2335
4.13464	68.2837
4.13134	68.3436
4.12805	68.3925
4.12477	68.4558
4.12149	68.5193
4.11822	68.5038
4.11495	68.4812
4.11168	68.5445
4.10843	68.5874
4.10517	68.6583
4.10192	68.7579
4.09868	68.7649
4.09545	68.7421
4.09221	68.7778
4.08899	68.8592
4.08576	68.916
4.08255	68.9518
4.07933	68.9352
4.07613	68.9689
4.07292	68.9812
4.06973	68.9897
4.06654	68.9837
4.06335	69.022
4.06017	69.043
4.05699	69.1102
4.05382	69.1216
4.05065	69.1459
4.04749	69.1835
4.04433	69.2103
4.04118	69.2269
4.03803	69.1917
4.03489	69.181
4.03175	69.1847
4.02862	69.1592
4.02549	69.1434
4.02237	69.1857
4.01925	69.2111
4.01614	69.1779
4.01303	69.1755
4.00993	69.1954
4.00683	69.243
4.00373	69.306
4.00064	69.3218
3.99756	69.3138
3.99448	69.3271
3.9914	69.3892
3.98833	69.4483
3.98527	69.4633
3.98221	69.447
3.97915	69.5212
3.9761	69.6101
3.97305	69.6405
3.97001	69.7104
3.96697	69.7064
3.96394	69.7132
3.96091	69.7549
3.95789	69.796
3.95487	69.8696
3.95186	69.9199
3.94885	69.9424
3.94584	69.9802
3.94284	70.0073
3.93984	70.1067
3.93685	70.1736
3.93386	70.2529
3.93088	70.2799
3.9279	70.2608
3.92493	70.2584
3.92196	70.3535
3.919	70.4565
3.91604	70.4883
3.91308	70.5189
3.91013	70.5266
3.90718	70.5495
3.90424	70.6124
3.9013	70.747
3.89837	70.811
3.89544	70.7979
3.89252	70.8034
3.8896	70.8801
3.88668	70.981
3.88377	70.9704
3.88086	71.0086
3.87796	71.0865
3.87506	71.1967
3.87217	71.2892
3.86928	71.3018
3.86639	71.3316
3.86351	71.4069
3.86064	71.4566
3.85776	71.5316
3.8549	71.5356
3.85203	71.5566
3.84917	71.5494
3.84631	71.6231
3.84346	71.6574
3.84062	71.6609
3.83777	71.7131
3.83494	71.8226
3.8321	71.9117
3.82927	71.8823
3.82644	71.8736
3.82362	71.9622
3.82081	71.9792
3.81799	71.978
3.81518	71.9973
3.81238	71.9917
3.80958	71.9669
3.80678	71.9471
3.80399	71.984
3.8012	71.9295
3.79841	71.8667
3.79563	71.8283
3.79286	71.8019
3.79008	71.8361
3.78731	71.8747
3.78455	71.8395
3.78179	71.7652
3.77903	71.6534
3.77628	71.5703
3.77353	71.5328
3.77079	71.4852
3.76805	71.3891
3.76531	71.2428
3.76258	71.0515
3.75985	70.902
3.75713	70.7443
3.7544	70.5185
3.75169	70.2431
3.74898	69.9704
3.74627	69.6897
3.74356	69.3849
3.74086	69.0657
3.73816	68.7809
3.73547	68.5879
3.73278	68.4865
3.7301	68.4131
3.72741	68.2902
3.72474	68.1707
3.72206	68.1125
3.71939	68.1183
3.71673	68.0509
3.71406	67.9278
3.71141	67.8554
3.70875	67.8119
3.7061	67.8491
3.70345	67.9286
3.70081	67.953
3.69817	68.0228
3.69553	68.1178
3.6929	68.2246
3.69027	68.316
3.68765	68.4337
3.68503	68.47
3.68241	68.4435
3.6798	68.4201
3.67719	68.3968
3.67458	68.4369
3.67198	68.4836
3.66938	68.4594
3.66678	68.4608
3.66419	68.4731
3.66161	68.4732
3.65902	68.4575
3.65644	68.4892
3.65387	68.5255
3.65129	68.5892
3.64872	68.6071
3.64616	68.6006
3.64359	68.6823
3.64103	68.7872
3.63848	68.8071
3.63593	68.7662
3.63338	68.8754
3.63084	68.955
3.6283	68.9619
3.62576	68.9531
3.62322	69.0784
3.62069	69.2153
3.61817	69.263
3.61564	69.381
3.61312	69.4792
3.61061	69.508
3.6081	69.5399
3.60559	69.5558
3.60308	69.5549
3.60058	69.5177
3.59808	69.5316
3.59558	69.6235
3.59309	69.6405
3.59061	69.5726
3.58812	69.5612
3.58564	69.5056
3.58316	69.434
3.58069	69.4494
3.57822	69.4212
3.57575	69.2816
3.57328	69.1659
3.57082	69.1304
3.56836	69.1021
3.56591	69.074
3.56346	69.0474
3.56101	68.9803
3.55857	68.8887
3.55613	68.8904
3.55369	68.8545
3.55126	68.7248
3.54883	68.6426
3.5464	68.6774
3.54397	68.5824
3.54155	68.458
3.53914	68.4136
3.53672	68.3367
3.53431	68.2656
3.5319	68.2796
3.5295	68.2599
3.5271	68.1374
3.5247	68.0515
3.52231	68.0101
3.51991	67.9183
3.51753	67.8557
3.51514	67.7454
3.51276	67.6136
3.51038	67.5856
3.50801	67.4383
3.50563	67.2266
3.50327	67.2347
3.5009	67.303
3.49854	67.2465
3.49618	67.24
3.49382	67.2312
3.49147	67.2282
3.48912	67.2313
3.48677	67.2702
3.48443	67.2359
3.48209	67.2009
3.47975	67.1913
3.47742	67.082
3.47509	66.9898
3.47276	67.0085
3.47044	67.0422
3.46812	67.0774
3.4658	67.05
3.46348	67.038
3.46117	66.9918
3.45886	66.8073
3.45656	66.7336
3.45425	66.8168
3.45195	66.7955
3.44966	66.6669
3.44736	66.5382
3.44507	66.418
3.44279	66.3427
3.4405	66.2781
3.43822	66.1663
3.43594	66.041
3.43367	65.8723
3.43139	65.8155
3.42912	65.7896
3.42686	65.512
3.42459	65.281
3.42233	65.1819
3.42007	65.0281
3.41782	64.9801
3.41557	64.899
3.41332	64.7611
3.41108	64.6279
3.40883	64.5296
3.40659	64.4756
3.40435	64.4507
3.40212	64.3966
3.39989	64.3434
3.39766	64.3516
3.39544	64.3153
3.39322	64.2765
3.391	64.1854
3.38878	63.9877
3.38657	63.867
3.38436	63.8322
3.38215	63.7968
3.37994	63.6355
3.37774	63.3899
3.37554	63.3167
3.37335	63.3528
3.37115	63.3218
3.36896	63.2551
3.36678	63.1926
3.36459	63.138
3.36241	63.1141
3.36023	63.0563
3.35805	62.9105
3.35588	62.7302
3.35371	62.6264
3.35154	62.6234
3.34938	62.5425
3.34721	62.4422
3.34505	62.3716
3.3429	62.2046
3.34074	62.0913
3.33859	62.0438
3.33644	61.9757
3.3343	61.9212
3.33215	61.855
3.33001	61.8092
3.32788	61.763
3.32574	61.6963
3.32361	61.6134
3.32148	61.5713
3.31936	61.4185
3.31723	61.2744
3.31511	61.2898
3.31299	61.2976
3.31088	61.1908
3.30876	61.0993
3.30665	61.0709
3.30455	60.9601
3.30244	60.8345
3.30034	60.8401
3.29824	60.8361
3.29614	60.7877
3.29405	60.6448
3.29196	60.4983
3.28987	60.4378
3.28778	60.4
3.2857	60.3935
3.28362	60.3818
3.28154	60.3169
3.27946	60.1959
3.27739	60.0941
3.27532	60.0558
3.27325	60.0339
3.27119	59.9279
3.26913	59.8116
3.26707	59.7411
3.26501	59.6323
3.26295	59.5433
3.2609	59.517
3.25885	59.4759
3.2568	59.4001
3.25476	59.3314
3.25272	59.2716
3.25068	59.2065
3.24864	59.0916
3.24661	58.923
3.24458	58.8501
3.24255	58.8963
3.24052	58.7909
3.2385	58.5626
3.23648	58.4492
3.23446	58.3905
3.23244	58.2764
3.23043	58.1247
3.22841	57.944
3.2264	57.8065
3.2244	57.6654
3.22239	57.5323
3.22039	57.346
3.21839	57.1778
3.2164	57.0681
3.2144	56.9749
3.21241	56.8222
3.21042	56.7594
3.20844	56.6876
3.20645	56.5083
3.20447	56.3225
3.20249	56.169
3.20051	56.032
3.19854	55.932
3.19657	55.807
3.1946	55.6853
3.19263	55.5399
3.19067	55.3886
3.1887	55.2248
3.18674	55.1782
3.18479	55.0611
3.18283	54.8931
3.18088	54.7961
3.17893	54.7101
3.17698	54.6228
3.17504	54.5102
3.17309	54.4225
3.17115	54.3806
3.16921	54.262
3.16728	54.0723
3.16534	53.941
3.16341	53.9194
3.16148	53.8791
3.15956	53.7966
3.15763	53.6483
3.15571	53.4179
3.15379	53.2171
3.15187	53.2187
3.14996	53.26
3.14805	53.1096
3.14614	52.8648
3.14423	52.7728
3.14232	52.7517
3.14042	52.6203
3.13852	52.4592
3.13662	52.354
3.13472	52.2894
3.13283	52.1209
3.13094	51.9009
3.12905	51.8316
3.12716	51.7947
3.12528	51.6607
3.12339	51.5673
3.12151	51.3968
3.11964	51.2133
3.11776	51.1142
3.11589	50.981
3.11401	50.899
3.11214	50.7719
3.11028	50.6799
3.10841	50.6038
3.10655	50.4422
3.10469	50.3444
3.10283	50.2918
3.10098	50.2764
3.09912	50.2099
3.09727	50.018
3.09542	49.9113
3.09358	49.8926
3.09173	49.7876
3.08989	49.7048
3.08805	49.6258
3.08621	49.4733
3.08437	49.4025
3.08254	49.3378
3.08071	49.2024
3.07888	49.1313
3.07705	49.0493
3.07523	48.9546
3.0734	48.8601
3.07158	48.7899
3.06977	48.8003
3.06795	48.6865
3.06613	48.6044
3.06432	48.611
3.06251	48.5415
3.0607	48.3565
3.0589	48.193
3.0571	48.207
3.05529	48.2302
3.05349	48.1202
3.0517	47.9411
3.0499	47.9061
3.04811	47.9216
3.04632	47.7944
3.04453	47.6076
3.04274	47.5733
3.04096	47.6151
3.03918	47.6003
3.0374	47.5426
3.03562	47.3849
3.03384	47.2171
3.03207	47.275
3.03029	47.3302
3.02852	47.2802
3.02676	47.1546
3.02499	47.0856
3.02323	47.1861
3.02146	47.2095
3.0197	47.2286
3.01795	47.278
3.01619	47.1903
3.01444	47.1168
3.01269	47.1461
3.01094	47.2301
3.00919	47.2574
3.00744	47.2235
3.0057	47.1862
3.00396	47.1969
3.00222	47.1392
3.00048	47.0736
2.99875	47.1271
2.99701	47.1659
2.99528	47.0614
2.99355	46.9819
2.99183	46.9653
2.9901	46.9157
2.98838	46.7964
2.98666	46.7478
2.98494	46.7785
2.98322	46.7795
2.9815	46.5789
2.97979	46.3932
2.97808	46.2614
2.97637	46.201
2.97466	46.1806
2.97295	46.2025
2.97125	46.0782
2.96955	45.9513
2.96785	45.922
2.96615	45.737
2.96446	45.5512
2.96276	45.5263
2.96107	45.5105
2.95938	45.4163
2.95769	45.2673
2.95601	45.1211
2.95432	45.003
2.95264	44.8055
2.95096	44.6934
2.94928	44.6666
2.9476	44.6057
2.94593	44.507
2.94425	44.3163
2.94258	44.1149
2.94092	43.8123
2.93925	43.5609
2.93758	43.4409
2.93592	43.1911
2.93426	43.0159
2.9326	42.8666
2.93094	42.7277
2.92928	42.4454
2.92763	42.1266
2.92598	41.8947
2.92433	41.7018
2.92268	41.5185
2.92103	41.2429
2.91939	40.9236
2.91775	40.6782
2.9161	40.4232
2.91447	40.1225
2.91283	39.7916
2.91119	39.5355
2.90956	39.3933
2.90793	39.1738
2.9063	38.9909
2.90467	38.8481
2.90304	38.6292
2.90142	38.4218
2.89979	38.2989
2.89817	38.2517
2.89656	38.145
2.89494	37.9796
2.89332	37.8677
2.89171	37.9187
2.8901	38.0054
2.88849	37.9953
2.88688	38.0029
2.88527	37.9586
2.88367	37.9143
2.88206	37.7963
2.88046	37.8157
2.87886	37.9379
2.87727	37.9706
2.87567	37.9031
2.87408	37.8173
2.87248	37.7849
2.87089	37.8053
2.8693	37.8182
2.86772	37.8373
2.86613	37.879
2.86455	37.8684
2.86297	37.8662
2.86139	37.8263
2.85981	37.8117
2.85823	37.6754
2.85666	37.5385
2.85508	37.3889
2.85351	37.1976
2.85194	36.9959
2.85038	36.7753
2.84881	36.4749
2.84724	36.0833
2.84568	35.5646
2.84412	35.2122
2.84256	34.9332
2.841	34.5886
2.83945	34.1776
2.83789	33.7234
2.83634	33.1578
2.83479	32.7984
2.83324	32.6506
2.83169	32.273
2.83015	31.8104
2.82861	31.535
2.82706	31.3027
2.82552	30.9516
2.82398	30.548
2.82245	30.1938
2.82091	29.8103
2.81938	29.3265
2.81784	28.7732
2.81631	28.2381
2.81479	27.7867
2.81326	27.1724
2.81173	26.4296
2.81021	25.6196
2.80869	24.6065
2.80716	23.521
2.80565	22.8075
2.80413	22.469
2.80261	21.9774
2.8011	21.2785
2.79959	20.3862
2.79808	19.4299
2.79657	18.46
2.79506	17.3469
2.79355	16.1943
2.79205	15.0706
2.79055	14.0338
2.78904	13.1678
2.78754	12.5481
2.78605	11.7115
2.78455	10.6048
2.78306	9.33032
2.78156	8.61585
2.78007	8.06672
2.77858	7.14574
2.77709	6.37977
2.77561	5.61887
2.77412	4.82357
2.77264	4.29966
2.77116	4.05854
2.76968	3.90737
2.7682	3.74062
2.76672	3.54528
2.76524	3.47971
2.76377	3.42196
2.7623	3.30699
2.76083	3.21867
2.75936	2.92687
2.75789	2.67959
2.75642	2.64633
2.75496	2.56588
2.7535	2.53266
2.75203	2.72021
2.75057	2.84449
2.74912	2.75716
2.74766	2.75305
2.7462	2.73217
2.74475	2.75504
2.7433	2.84403
2.74185	2.88881
2.7404	2.91262
2.73895	2.89501
2.7375	2.74958
2.73606	2.78918
2.73462	2.8509
2.73318	2.92323
2.73174	3.02349
2.7303	3.16979
2.72886	3.24773
2.72742	3.25308
2.72599	3.55934
2.72456	3.92113
2.72313	4.25777
2.7217	4.91921
2.72027	5.80784
2.71884	6.56603
2.71742	7.39235
2.71599	8.36312
2.71457	9.56119
2.71315	10.957
2.71173	12.261
2.71032	13.2294
2.7089	13.9
2.70748	14.4982
2.70607	15.1223
2.70466	15.7373
2.70325	16.4638
2.70184	17.4727
2.70043	18.7976
2.69903	20.7378
2.69762	23.4494
2.69622	26.6311
2.69482	30.1137
2.69342	33.3688
2.69202	35.5762
2.69062	37.0347
2.68923	38.0707
2.68783	38.8562
2.68644	39.523
2.68505	40.0722
2.68366	40.5072
2.68227	40.8845
2.68089	41.3683
2.6795	41.9277
2.67812	42.4646
2.67673	43.0794
2.67535	43.2704
2.67397	43.3463
2.6726	43.8216
2.67122	44.9342
2.66984	45.5738
2.66847	45.5656
2.6671	46.1703
2.66572	46.6255
2.66435	46.7255
2.66299	46.6906
2.66162	47.0146
2.66025	47.3952
2.65889	47.7342
2.65753	47.864
2.65616	48.2043
2.65481	48.4909
2.65345	48.9348
2.65209	49.3325
2.65073	49.4083
2.64938	49.3413
2.64803	49.405
2.64667	49.56
2.64532	49.7109
2.64397	49.7762
2.64263	49.8352
2.64128	49.7603
2.63994	49.8758
2.63859	50.0159
2.63725	50.0183
2.63591	49.9131
2.63457	50.0588
2.63323	50.1053
2.6319	50.1522
2.63056	50.3326
2.62923	50.0644
2.62789	49.9618
2.62656	50.0735
2.62523	49.772
2.6239	49.4515
2.62258	49.3671
2.62125	49.7793
2.61993	49.9802
2.6186	49.8565
2.61728	50.1244
2.61596	49.9541
2.61464	49.6208
2.61332	49.7628
2.61201	49.839
2.61069	50.0246
2.60938	50.0937
2.60807	50.1331
2.60675	50.3605
2.60544	50.6104
2.60414	50.6898
2.60283	50.7998
2.60152	50.7816
2.60022	50.9801
2.59891	51.3449
2.59761	51.6913
2.59631	52.4466
2.59501	53.4155
2.59371	53.1555
2.59242	52.7629
2.59112	52.9273
2.58983	53.3295
2.58853	53.5665
2.58724	53.7021
2.58595	53.6001
2.58466	53.8593
2.58338	53.9792
2.58209	53.7939
2.5808	53.8058
2.57952	53.5761
2.57824	53.5984
2.57695	53.8359
2.57567	53.9201
2.5744	54.1616
2.57312	54.2063
2.57184	53.9098
2.57057	54.1465
2.56929	54.3595
2.56802	54.2062
2.56675	54.2307
2.56548	54.4469
2.56421	54.7285
2.56294	54.8786
2.56168	54.9801
2.56041	54.9696
2.55915	54.9852
2.55789	55.0836
2.55662	55.1636
2.55536	55.159
2.5541	55.2259
2.55285	55.3706
2.55159	55.5277
2.55034	55.6211
2.54908	55.7343
2.54783	55.9827
2.54658	56.0146
2.54533	55.9719
2.54408	55.9937
2.54283	56.2253
2.54159	56.3685
2.54034	56.3079
2.5391	56.2843
2.53785	56.3568
2.53661	56.3968
2.53537	56.2968
2.53413	56.1154
2.53289	56.0897
2.53166	56.1856
2.53042	56.0614
2.52919	55.7846
2.52795	55.7045
2.52672	55.6863
2.52549	55.5172
2.52426	55.285
2.52303	55.076
2.52181	54.9938
2.52058	54.9686
2.51936	54.7505
2.51813	54.4554
2.51691	54.1852
2.51569	54.0018
2.51447	53.8275
2.51325	53.6391
2.51203	53.4633
2.51082	53.1877
2.5096	52.9921
2.50839	52.885
2.50717	52.7923
2.50596	52.6012
2.50475	52.4554
2.50354	52.2314
2.50233	51.8655
2.50113	51.6881
2.49992	51.6436
2.49872	51.4055
2.49751	51.101
2.49631	50.9881
2.49511	50.9919
2.49391	51.0059
2.49271	50.837
2.49151	50.6714
2.49031	50.6014
2.48912	50.5307
2.48792	50.3865
2.48673	50.3067
2.48554	50.3228
2.48435	50.3274
2.48316	50.3496
2.48197	50.1419
2.48078	49.9895
2.4796	49.9656
2.47841	49.9112
2.47723	49.7322
2.47604	49.6634
2.47486	49.6771
2.47368	49.5636
2.4725	49.3595
2.47132	49.1662
2.47014	49.0389
2.46897	48.9588
2.46779	48.8708
2.46662	48.8288
2.46545	48.6234
2.46427	48.3072
2.4631	48.1797
2.46193	48.0533
2.46077	47.9555
2.4596	47.7025
2.45843	47.4767
2.45727	47.4447
2.4561	47.2962
2.45494	47.087
2.45378	46.8951
2.45262	46.7515
2.45146	46.5662
2.4503	46.5228
2.44914	46.5103
2.44799	46.2733
2.44683	46.0822
2.44568	45.9771
2.44452	45.921
2.44337	45.8308
2.44222	45.7186
2.44107	45.6374
2.43992	45.6011
2.43877	45.5222
2.43763	45.4341
2.43648	45.5266
2.43534	45.5989
2.43419	45.6604
2.43305	45.7107
2.43191	46.0085
2.43077	46.3596
2.42963	46.4487
2.42849	46.5621
2.42736	46.8686
2.42622	47.1167
2.42509	47.3707
2.42395	47.5575
2.42282	47.8128
2.42169	48.17
2.42056	48.5352
2.41943	48.7743
2.4183	48.9512
2.41717	49.3345
2.41605	49.7255
2.41492	50.142
2.4138	50.5465
2.41267	50.9192
2.41155	51.3057
2.41043	51.6607
2.40931	52.0113
2.40819	52.2998
2.40707	52.541
2.40595	52.7867
2.40484	53.0386
2.40372	53.4501
2.40261	53.6891
2.4015	53.8808
2.40039	54.1449
2.39928	54.2739
2.39817	54.4552
2.39706	54.647
2.39595	54.7195
2.39484	54.7421
2.39374	54.7635
2.39263	54.7558
2.39153	54.8532
2.39043	55.0031
2.38932	54.9566
2.38822	54.898
2.38712	54.8149
2.38603	54.7197
2.38493	54.6861
2.38383	54.7445
2.38274	54.6824
2.38164	54.5706
2.38055	54.7336
2.37946	54.8145
2.37836	54.7212
2.37727	54.7442
2.37618	54.7992
2.3751	54.7647
2.37401	54.8332
2.37292	54.9039
2.37184	54.8835
2.37075	54.8951
2.36967	54.8635
2.36859	54.7397
2.3675	54.6794
2.36642	54.5834
2.36534	54.5281
2.36427	54.3877
2.36319	54.1866
2.36211	54.0258
2.36104	53.8233
2.35996	53.6611
2.35889	53.4919
2.35781	53.3104
2.35674	53.0339
2.35567	52.7206
2.3546	52.5098
2.35353	52.31
2.35247	52.1755
2.3514	52.1415
2.35033	52.0392
2.34927	51.7925
2.3482	51.7187
2.34714	51.7471
2.34608	51.8727
2.34502	52.085
2.34396	52.2497
2.3429	52.3354
2.34184	52.6174
2.34078	52.9056
2.33973	53.268
2.33867	53.5117
2.33762	53.5602
2.33656	53.8322
2.33551	54.3654
2.33446	54.7688
2.33341	55.1306
2.33236	55.5
2.33131	55.8082
2.33026	56.2456
2.32922	56.6839
2.32817	57.1041
2.32712	57.6347
2.32608	58.1675
2.32504	58.6412
2.324	59.1556
2.32295	59.6298
2.32191	59.9839
2.32087	60.4389
2.31984	61.0147
2.3188	61.3407
2.31776	61.6167
2.31673	62.0662
2.31569	62.6332
2.31466	63.0763
2.31362	63.4708
2.31259	63.8167
2.31156	64.1781
2.31053	64.6104
2.3095	65.0643
2.30847	65.4381
2.30745	65.7488
2.30642	66.0504
2.3054	66.4974
2.30437	66.9216
2.30335	67.1372
2.30232	67.4565
2.3013	67.8255
2.30028	68.1241
2.29926	68.4614
2.29824	68.7341
2.29722	68.9941
2.29621	69.3825
2.29519	69.4957
2.29417	69.5558
2.29316	69.6689
2.29215	69.9738
2.29113	70.2826
2.29012	70.4261
2.28911	70.5001
2.2881	70.6256
2.28709	70.7959
2.28608	70.9624
2.28507	71.0189
2.28407	71.0365
2.28306	71.1334
2.28206	71.3705
2.28105	71.4596
2.28005	71.5537
2.27905	71.5876
2.27805	71.6882
2.27705	71.802
2.27605	71.8408
2.27505	71.8479
2.27405	71.9342
2.27305	71.974
2.27206	71.988
2.27106	72.0267
2.27007	72.0907
2.26907	72.0478
2.26808	72.0675
2.26709	72.107
2.2661	72.1585
2.26511	72.2026
2.26412	72.1048
2.26313	71.9526
2.26214	71.9082
2.26116	72.0139
2.26017	72.1518
2.25919	71.9755
2.2582	71.7942
2.25722	71.8206
2.25624	71.8773
2.25526	71.6891
2.25428	71.5661
2.2533	71.62
2.25232	71.5993
2.25134	71.6119
2.25036	71.5372
2.24939	71.3364
2.24841	71.3497
2.24744	71.4285
2.24646	71.3293
2.24549	71.2579
2.24452	71.1491
2.24355	71.0682
2.24257	71.023
2.24161	70.9162
2.24064	70.7424
2.23967	70.6988
2.2387	70.7078
2.23774	70.532
2.23677	70.3112
2.23581	70.2402
2.23484	70.1191
2.23388	69.8515
2.23292	69.577
2.23196	69.227
2.231	68.9408
2.23004	68.8172
2.22908	68.6777
2.22812	68.2287
2.22716	67.8344
2.22621	67.4621
2.22525	66.9127
2.2243	66.441
2.22334	66.0754
2.22239	65.4228
2.22144	64.8096
2.22049	64.0999
2.21953	63.2918
2.21859	62.413
2.21764	61.3275
2.21669	60.3554
2.21574	59.4
2.21479	58.3182
2.21385	57.1694
2.2129	55.9844
2.21196	54.7801
2.21102	53.5429
2.21007	52.228
2.20913	50.9813
2.20819	49.9045
2.20725	48.7329
2.20631	47.6218
2.20537	46.7247
2.20444	45.8903
2.2035	45.3053
2.20256	44.819
2.20163	44.2094
2.20069	43.7036
2.19976	43.2847
2.19883	42.976
2.19789	42.8264
2.19696	42.6767
2.19603	42.5363
2.1951	42.5762
2.19417	42.6501
2.19325	42.9402
2.19232	43.4267
2.19139	43.9016
2.19047	44.6309
2.18954	45.397
2.18862	46.2454
2.18769	47.0828
2.18677	48.0156
2.18585	49.1395
2.18493	50.1175
2.18401	50.9874
2.18309	52.0035
2.18217	53.3378
2.18125	54.6048
2.18033	55.7763
2.17942	56.8283
2.1785	57.9162
2.17759	58.975
2.17667	60.0858
2.17576	61.2203
2.17485	62.3921
2.17393	63.4963
2.17302	64.3719
2.17211	65.0609
2.1712	65.9529
2.17029	66.8257
2.16939	67.536
2.16848	68.172
2.16757	68.9309
2.16667	69.6203
2.16576	69.9793
2.16486	70.2497
2.16395	70.7571
2.16305	71.406
2.16215	72.0713
2.16125	72.4827
2.16035	72.6413
2.15945	72.8421
2.15855	73.2885
2.15765	73.808
2.15675	74.1834
2.15586	74.4634
2.15496	74.5782
2.15406	74.7407
2.15317	75.0203
2.15228	75.2667
2.15138	75.4447
2.15049	75.883
2.1496	76.1212
2.14871	76.36
2.14782	76.5242
2.14693	76.5463
2.14604	76.8695
2.14515	77.0353
2.14427	76.8015
2.14338	76.8357
2.14249	77.1946
2.14161	77.361
2.14072	77.6347
2.13984	77.9014
2.13896	77.9563
2.13808	77.9077
2.13719	77.7904
2.13631	77.8015
2.13543	77.9645
2.13455	78.1065
2.13368	78.1862
2.1328	78.1812
2.13192	78.1807
2.13105	78.1237
2.13017	78.0596
2.1293	78.0614
2.12842	78.0064
2.12755	77.752
2.12668	77.6904
2.1258	77.8923
2.12493	77.9287
2.12406	77.8404
2.12319	77.7944
2.12232	77.6221
2.12145	77.4012
2.12059	77.3408
2.11972	77.5072
2.11885	77.5892
2.11799	77.5532
2.11712	77.6782
2.11626	77.8247
2.1154	77.9951
2.11453	78.2099
2.11367	78.1507
2.11281	78.1396
2.11195	78.3453
2.11109	78.6676
2.11023	78.752
2.10937	78.7118
2.10851	78.7192
2.10766	78.8758
2.1068	79.0254
2.10594	79.1449
2.10509	79.2475
2.10423	79.5925
2.10338	79.7829
2.10253	79.8432
2.10168	79.8402
2.10082	79.7877
2.09997	80.0396
2.09912	80.4335
2.09827	80.6665
2.09742	80.5887
2.09658	80.6597
2.09573	80.9776
2.09488	81.3198
2.09404	81.6861
2.09319	81.605
2.09235	81.6196
2.0915	81.7456
2.09066	82.0723
2.08982	82.4218
2.08897	82.4482
2.08813	82.4444
2.08729	82.6686
2.08645	82.6892
2.08561	82.8147
2.08477	83.108
2.08394	83.1708
2.0831	83.1295
2.08226	83.2944
2.08143	83.3746
2.08059	83.3702
2.07976	83.5122
2.07892	83.7417
2.07809	83.8504
2.07726	83.746
2.07643	83.8983
2.07559	84.5646
2.07476	84.7211
2.07393	84.6233
2.0731	84.3732
2.07228	84.251
2.07145	84.2373
2.07062	84.1187
2.06979	84.168
2.06897	84.4549
2.06814	84.5278
2.06732	84.5458
2.06649	84.7297
2.06567	84.6382
2.06485	84.9356
2.06403	85.1944
2.0632	85.0595
2.06238	84.9393
2.06156	85.0292
2.06074	85.3651
2.05993	85.3931
2.05911	85.3161
2.05829	85.4216
2.05747	85.428
2.05666	85.3969
2.05584	85.3615
2.05503	85.3627
2.05421	85.315
2.0534	85.2459
2.05259	85.217
2.05177	85.2382
2.05096	85.3075
2.05015	85.3417
2.04934	85.337
2.04853	85.2213
2.04772	85.2689
2.04691	85.2892
2.04611	85.267
2.0453	85.3739
2.04449	85.5346
2.04369	85.4914
2.04288	85.4498
2.04208	85.3776
2.04127	85.4266
2.04047	85.5144
2.03967	85.4241
2.03886	85.4483
2.03806	85.5492
2.03726	85.5919
2.03646	85.6789
2.03566	85.588
2.03486	85.5358
2.03407	85.724
2.03327	85.6729
2.03247	85.6132
2.03167	85.6808
2.03088	85.7372
2.03008	85.8007
2.02929	85.9815
2.0285	86.0882
2.0277	86.0769
2.02691	85.9514
2.02612	85.896
2.02533	85.7412
2.02453	85.6046
2.02374	85.7073
2.02295	85.7918
2.02217	85.9913
2.02138	85.8986
2.02059	85.6771
2.0198	85.6565
2.01902	85.8297
2.01823	85.9516
2.01744	86.043
2.01666	86.0997
2.01588	86.069
2.01509	85.9265
2.01431	85.9264
2.01353	85.908
2.01275	85.8929
2.01196	85.9873
2.01118	85.8972
2.0104	85.7602
2.00963	85.7705
2.00885	85.8966
2.00807	85.9594
2.00729	86.0355
2.00651	86.1344
2.00574	86.0637
2.00496	86.0841
2.00419	86.1242
2.00341	86.0256
2.00264	86.0567
2.00187	86.1164
2.00109	86.0256
2.00032	86.036
