Name: Glauconite (K,Na)(Fe^3+,Al,Mg)_2(Si,Al)_4O_10(OH)_2
Type: Mineral
Class: Silicates
Subclass: Phyllosilicates
Particle Size: 0-45um
Sample No.: PS-19A
Owner: JPL
Wavelength range: IR
Origin: USA, New Jersey
Collected by Ward's
Description: 





Measurement: Hemispherical reflectance
First Column: X
Second Column: Y
X Units:  Wavelength (micrometers)
Y Units:  Reflectance (percent)
First X Value: 15.3853
Last X Value: 2.00032
Number of X Values: 2256
Additional information: ps19aa.txt
 
15.3853	1.09167
15.3397	0.817731
15.2945	0.662902
15.2495	0.835156
15.2048	1.0649
15.1603	1.20592
15.1161	1.343
15.0722	1.15689
15.0285	1.01561
14.9851	1.19606
14.9419	1.14884
14.8989	1.00721
14.8563	0.947895
14.8138	0.986118
14.7716	1.15475
14.7296	1.28673
14.6879	1.14604
14.6464	1.04215
14.6052	1.12924
14.5641	0.870017
14.5233	0.659725
14.4828	0.806338
14.4424	0.927602
14.4023	1.07218
14.3624	1.27452
14.3227	1.37981
14.2833	1.57132
14.244	1.77864
14.205	1.76797
14.1662	1.75088
14.1276	1.7741
14.0892	1.74557
14.051	1.77767
14.0131	1.87968
13.9753	1.88552
13.9377	1.90175
13.9004	1.94273
13.8632	2.23128
13.8262	2.46284
13.7895	2.45967
13.7529	2.38875
13.7165	2.30083
13.6803	2.31388
13.6443	2.46207
13.6085	2.62302
13.5729	2.77038
13.5374	2.90231
13.5022	2.76488
13.4671	2.76916
13.4322	2.78766
13.3975	2.9348
13.363	2.96657
13.3286	2.83226
13.2944	2.8443
13.2604	2.74574
13.2266	2.57902
13.193	2.69397
13.1595	2.82141
13.1262	2.73611
13.093	2.70581
13.06	2.79016
13.0272	2.82749
12.9946	2.81968
12.9621	3.00291
12.9298	3.00421
12.8976	2.91483
12.8656	2.95092
12.8337	3.07393
12.8021	3.16951
12.7705	3.06321
12.7391	2.88004
12.7079	2.75928
12.6769	2.77828
12.6459	2.72399
12.6152	2.60225
12.5845	2.5314
12.5541	2.42617
12.5238	2.38149
12.4936	2.44885
12.4635	2.51934
12.4337	2.51906
12.4039	2.42494
12.3743	2.3015
12.3448	2.31926
12.3155	2.40083
12.2863	2.47054
12.2573	2.51311
12.2284	2.45938
12.1996	2.48256
12.171	2.6086
12.1425	2.5148
12.1141	2.47387
12.0859	2.68383
12.0578	2.79253
12.0298	2.67755
12.0019	2.80017
11.9742	2.81056
11.9466	2.78617
11.9192	2.95828
11.8918	2.98166
11.8646	3.06737
11.8375	3.24134
11.8106	3.35766
11.7837	3.4719
11.757	3.55095
11.7304	3.50207
11.7039	3.52553
11.6776	3.44608
11.6513	3.34679
11.6252	3.35512
11.5992	3.36634
11.5733	3.32993
11.5475	3.36275
11.5219	3.4254
11.4963	3.52199
11.4709	3.54502
11.4455	3.50089
11.4203	3.50242
11.3952	3.57337
11.3702	3.65171
11.3454	3.68471
11.3206	3.77723
11.2959	3.80436
11.2714	3.83877
11.2469	3.84496
11.2226	3.74933
11.1983	3.68519
11.1742	3.79703
11.1502	3.73675
11.1263	3.74349
11.1024	3.69823
11.0787	3.65106
11.0551	3.61944
11.0316	3.47345
11.0081	3.38062
10.9848	3.28781
10.9616	3.24242
10.9385	3.32159
10.9154	3.34522
10.8925	3.32947
10.8697	3.27515
10.8469	3.30903
10.8243	3.4159
10.8017	3.44284
10.7793	3.30594
10.7569	3.20771
10.7346	3.12095
10.7125	3.13096
10.6904	3.1412
10.6684	3.11742
10.6465	3.12978
10.6247	3.0292
10.6029	2.83038
10.5813	2.8911
10.5597	2.88932
10.5383	2.80196
10.5169	2.73594
10.4956	2.87173
10.4744	2.96146
10.4533	2.84646
10.4323	2.75537
10.4113	2.7495
10.3904	2.7511
10.3697	2.69251
10.349	2.63298
10.3284	2.66126
10.3078	2.69006
10.2874	2.67923
10.267	2.77419
10.2467	2.83968
10.2265	2.84345
10.2064	2.81705
10.1863	2.79736
10.1663	2.92287
10.1464	2.92415
10.1266	2.83701
10.1069	2.88797
10.0872	3.01716
10.0676	2.96142
10.0481	2.89892
10.0287	2.83358
10.0093	2.83773
9.99005	2.89517
9.97084	2.97748
9.95169	3.05289
9.93263	3.04903
9.91364	2.93879
9.89472	2.91322
9.87587	2.99112
9.8571	3.04798
9.83839	3.09121
9.81976	3.15563
9.80119	3.28098
9.78271	3.32902
9.76428	3.31689
9.74592	3.24817
9.72764	3.21301
9.70943	3.30574
9.69128	3.28201
9.6732	3.23515
9.65518	3.38312
9.63724	3.4732
9.61935	3.48538
9.60155	3.38714
9.5838	3.35766
9.56611	3.4928
9.5485	3.59887
9.53094	3.66575
9.51345	3.65244
9.49604	3.47132
9.47867	3.42908
9.46137	3.47052
9.44414	3.37941
9.42697	3.31382
9.40986	3.31605
9.39281	3.11623
9.37583	2.84177
9.35891	2.69339
9.34204	2.70197
9.32524	2.80465
9.3085	2.71827
9.29182	2.66026
9.27519	2.62191
9.25863	2.5718
9.24213	2.44104
9.22568	2.44062
9.2093	2.57299
9.19297	2.44361
9.17669	2.29422
9.16048	2.38492
9.14433	2.4621
9.12823	2.4963
9.11218	2.40208
9.0962	2.28318
9.08027	2.14084
9.06439	2.07357
9.04858	1.97459
9.03281	1.86137
9.0171	1.87781
9.00145	1.78396
8.98585	1.70011
8.9703	1.71195
8.9548	1.72568
8.93937	1.82273
8.92398	1.74094
8.90865	1.61384
8.89337	1.58516
8.87814	1.52821
8.86296	1.45731
8.84784	1.35246
8.83277	1.29394
8.81774	1.22181
8.80277	1.04472
8.78786	0.891119
8.77298	0.912032
8.75816	1.02668
8.7434	1.02472
8.72868	0.972224
8.714	0.938103
8.69938	0.825317
8.68481	0.739498
8.67029	0.813674
8.65581	0.77563
8.64139	0.689451
8.62701	0.627467
8.61268	0.655478
8.5984	0.646242
8.58416	0.640892
8.56997	0.606908
8.55583	0.628439
8.54174	0.682673
8.52769	0.59131
8.51368	0.577253
8.49973	0.673437
8.48582	0.736185
8.47195	0.744685
8.45813	0.68504
8.44436	0.600262
8.43062	0.58253
8.41693	0.629976
8.4033	0.718135
8.3897	0.759238
8.37614	0.530436
8.36264	0.451277
8.34917	0.588915
8.33574	0.794977
8.32236	0.73176
8.30903	0.682378
8.29573	0.779167
8.28248	0.929247
8.26927	0.941449
8.2561	0.914035
8.24298	0.910119
8.2299	0.852459
8.21685	0.98869
8.20385	1.19613
8.19089	1.35902
8.17797	1.46255
8.16509	1.48165
8.15225	1.48369
8.13946	1.46909
8.1267	1.36385
8.11398	1.38436
8.10131	1.50144
8.08867	1.69056
8.07606	1.81723
8.0635	1.89179
8.05099	2.0602
8.0385	2.13205
8.02606	2.185
8.01366	2.30411
8.00129	2.36547
7.98896	2.42626
7.97667	2.50567
7.96442	2.50967
7.9522	2.65697
7.94002	2.88495
7.92788	2.97954
7.91578	3.0536
7.90371	3.14859
7.89168	3.22877
7.87969	3.43049
7.86773	3.58025
7.85581	3.59497
7.84392	3.66165
7.83207	3.8572
7.82026	4.02353
7.80849	4.09513
7.79674	4.14191
7.78503	4.3281
7.77337	4.52484
7.76173	4.60863
7.75012	4.69968
7.73856	4.7696
7.72703	4.84291
7.71553	4.95234
7.70406	5.07867
7.69263	5.20591
7.68123	5.23772
7.66987	5.30486
7.65855	5.46934
7.64725	5.62047
7.63598	5.7774
7.62475	5.93821
7.61356	6.00049
7.60239	6.07654
7.59126	6.18361
7.58017	6.29699
7.5691	6.42366
7.55806	6.60568
7.54707	6.74656
7.5361	6.75867
7.52516	6.83237
7.51425	6.99894
7.50338	7.1224
7.49253	7.25334
7.48172	7.36127
7.47094	7.40184
7.46019	7.46709
7.44947	7.57577
7.43879	7.66697
7.42813	7.73211
7.4175	7.88571
7.4069	8.04156
7.39634	8.11212
7.3858	8.25758
7.37529	8.35245
7.36482	8.4091
7.35437	8.56857
7.34396	8.70839
7.33357	8.76204
7.32321	8.83638
7.31288	8.94194
7.30258	9.00442
7.29231	9.10429
7.28207	9.15954
7.27185	9.22491
7.26167	9.36416
7.25152	9.45865
7.24139	9.51854
7.23129	9.61069
7.22122	9.76468
7.21117	9.84291
7.20116	9.99697
7.19117	10.1428
7.18121	10.194
7.17128	10.2342
7.16137	10.3499
7.1515	10.4992
7.14164	10.5649
7.13182	10.5686
7.12203	10.556
7.11225	10.6947
7.10251	10.8298
7.0928	10.8583
7.08311	10.9556
7.07344	11.0334
7.06381	11.0993
7.0542	11.0533
7.04461	11.0136
7.03506	11.1465
7.02552	11.2279
7.01601	11.2381
7.00653	11.2901
6.99708	11.3496
6.98765	11.4589
6.97824	11.5072
6.96886	11.532
6.95951	11.6138
6.95018	11.9303
6.94087	12.2331
6.9316	12.3907
6.92234	12.5321
6.91311	12.6488
6.90391	12.6376
6.89473	12.6485
6.88557	12.5282
6.87644	12.4766
6.86733	12.4678
6.85824	12.6346
6.84918	12.9119
6.84015	13.1231
6.83114	13.2279
6.82215	13.3387
6.81319	13.5363
6.80424	13.7052
6.79532	13.7829
6.78643	13.8373
6.77756	14.1
6.76871	14.4068
6.75989	14.6683
6.75109	14.8646
6.74231	15.081
6.73355	15.275
6.72482	15.412
6.71611	15.4057
6.70742	15.4146
6.69875	15.5608
6.69011	15.6021
6.68149	15.6114
6.67289	15.7436
6.66431	15.845
6.65576	15.9454
6.64722	15.9311
6.63871	15.7663
6.63022	15.9101
6.62175	16.1688
6.61331	16.2638
6.60488	16.3187
6.59648	16.3551
6.5881	16.4027
6.57974	16.2937
6.5714	16.1677
6.56308	16.2776
6.55478	16.2394
6.54651	16.3612
6.53825	16.5596
6.53001	16.5973
6.5218	16.4731
6.51361	16.5075
6.50544	16.4309
6.49729	16.1305
6.48915	15.9806
6.48104	16.0645
6.47295	16.1666
6.46488	16.1689
6.45683	16.1553
6.4488	16.1587
6.44079	16.0976
6.4328	15.9425
6.42482	15.7377
6.41687	15.2934
6.40894	15.2204
6.40103	15.4888
6.39314	15.4701
6.38526	15.3596
6.37741	15.1497
6.36957	14.9225
6.36176	14.864
6.35396	14.6562
6.34618	14.36
6.33843	14.2215
6.33069	14.1075
6.32297	13.8675
6.31527	13.6632
6.30758	13.4464
6.29992	13.1196
6.29227	12.7651
6.28465	12.443
6.27704	12.1651
6.26945	11.863
6.26188	11.5117
6.25432	11.1836
6.24679	10.7716
6.23927	10.3517
6.23177	9.96081
6.22429	9.56496
6.21683	9.17205
6.20938	8.82625
6.20195	8.47064
6.19454	8.03479
6.18715	7.545
6.17978	7.2595
6.17242	7.0507
6.16508	6.76119
6.15776	6.62106
6.15045	6.53947
6.14317	6.30656
6.1359	6.1007
6.12864	6.03071
6.12141	6.00826
6.11419	5.90854
6.10699	5.91564
6.0998	6.04429
6.09263	6.11804
6.08549	6.18588
6.07835	6.29376
6.07123	6.4684
6.06413	6.69405
6.05705	6.82979
6.04998	6.87773
6.04293	7.10106
6.0359	7.40983
6.02888	7.56678
6.02187	7.74191
6.01489	7.99476
6.00792	8.30424
6.00096	8.54202
5.99403	8.67978
5.98711	8.87991
5.9802	9.14955
5.97331	9.41015
5.96644	9.75433
5.95958	10.2164
5.95274	10.6047
5.94591	10.8523
5.9391	10.9651
5.9323	11.2698
5.92552	11.7625
5.91876	12.1196
5.91201	12.4762
5.90528	12.7909
5.89856	12.9572
5.89186	13.2896
5.88517	13.5306
5.8785	13.8065
5.87184	14.2984
5.8652	14.6798
5.85857	15.0435
5.85196	15.4428
5.84536	15.7737
5.83878	15.9667
5.83221	16.1647
5.82566	16.23
5.81912	16.4784
5.81259	16.955
5.80608	17.1936
5.79959	17.401
5.79311	17.6514
5.78665	17.823
5.78019	18.0442
5.77376	18.1376
5.76734	18.055
5.76093	18.359
5.75453	18.6733
5.74815	18.8014
5.74179	19.0472
5.73543	19.2667
5.7291	19.3948
5.72277	19.4112
5.71646	19.4712
5.71017	19.6171
5.70389	19.8794
5.69762	20.0574
5.69136	20.1265
5.68513	20.2557
5.6789	20.3131
5.67268	20.4725
5.66648	20.7036
5.6603	20.8051
5.65413	20.8263
5.64797	20.886
5.64182	20.9189
5.63569	21.1923
5.62957	21.4567
5.62347	21.5245
5.61737	21.5411
5.61129	21.6361
5.60522	21.7752
5.59917	21.9079
5.59313	22.0101
5.5871	22.0072
5.58109	22.0073
5.57509	22.1294
5.5691	22.3248
5.56312	22.4317
5.55716	22.5482
5.55121	22.714
5.54528	22.7737
5.53935	22.858
5.53344	23.0168
5.52754	23.1648
5.52166	23.269
5.51578	23.3822
5.50992	23.5296
5.50407	23.5733
5.49823	23.7088
5.49241	23.938
5.4866	23.9589
5.4808	23.9014
5.47501	24.0836
5.46923	24.2517
5.46347	24.2507
5.45772	24.4062
5.45198	24.5671
5.44625	24.7086
5.44054	24.8472
5.43484	24.9314
5.42914	24.9361
5.42347	24.9322
5.4178	25.1037
5.41214	25.2415
5.4065	25.3022
5.40087	25.4372
5.39525	25.5562
5.38964	25.6651
5.38404	25.7683
5.37846	25.8729
5.37288	25.9526
5.36732	26.0512
5.36177	26.1032
5.35623	26.1227
5.35071	26.2246
5.34519	26.4236
5.33968	26.5331
5.33419	26.6605
5.32871	26.8373
5.32324	26.9964
5.31778	27.1595
5.31233	27.2685
5.30689	27.3799
5.30147	27.5083
5.29605	27.6938
5.29065	27.8838
5.28525	28.0376
5.27987	28.1736
5.2745	28.314
5.26914	28.5914
5.26379	28.8456
5.25845	29.0367
5.25312	29.169
5.24781	29.3172
5.2425	29.4636
5.23721	29.6124
5.23192	29.771
5.22665	30.0039
5.22138	30.2133
5.21613	30.3095
5.21089	30.4238
5.20566	30.545
5.20044	30.6982
5.19522	30.9128
5.19002	31.0043
5.18483	31.0931
5.17965	31.206
5.17448	31.3096
5.16933	31.4418
5.16418	31.5796
5.15904	31.7104
5.15391	31.7752
5.14879	31.8086
5.14368	31.8939
5.13859	31.9975
5.1335	32.0466
5.12842	32.086
5.12335	32.2402
5.1183	32.3711
5.11325	32.4599
5.10821	32.5147
5.10318	32.5184
5.09817	32.6155
5.09316	32.7503
5.08816	32.7927
5.08317	32.7943
5.07819	32.9409
5.07322	33.0826
5.06826	33.1065
5.06331	33.1374
5.05837	33.1621
5.05344	33.2156
5.04852	33.3101
5.04361	33.4061
5.03871	33.4853
5.03382	33.5093
5.02894	33.5746
5.02406	33.6487
5.0192	33.682
5.01435	33.7584
5.0095	33.7745
5.00467	33.8417
4.99984	33.9333
4.99502	33.9027
4.99021	33.97
4.98542	34.0968
4.98063	34.185
4.97585	34.2274
4.97108	34.2811
4.96632	34.3402
4.96156	34.4389
4.95682	34.4774
4.95209	34.4955
4.94736	34.5125
4.94264	34.5656
4.93794	34.6942
4.93324	34.7391
4.92855	34.7857
4.92387	34.848
4.9192	34.8966
4.91453	34.9443
4.90988	35.0058
4.90524	35.1224
4.9006	35.188
4.89597	35.2015
4.89135	35.26
4.88674	35.2939
4.88214	35.3901
4.87755	35.4957
4.87296	35.5007
4.86839	35.5019
4.86382	35.552
4.85926	35.6144
4.85471	35.7039
4.85017	35.8165
4.84564	35.9165
4.84111	35.949
4.8366	35.9974
4.83209	36.0777
4.82759	36.1139
4.8231	36.163
4.81862	36.2441
4.81415	36.3415
4.80968	36.4211
4.80522	36.4246
4.80077	36.4908
4.79633	36.6203
4.7919	36.7007
4.78747	36.7736
4.78306	36.895
4.77865	36.9897
4.77425	37.082
4.76986	37.1729
4.76547	37.2776
4.7611	37.3971
4.75673	37.4437
4.75237	37.4848
4.74802	37.6188
4.74367	37.7241
4.73934	37.7929
4.73501	37.9076
4.73069	37.9301
4.72638	37.9883
4.72207	38.1235
4.71777	38.1505
4.71348	38.2133
4.7092	38.3427
4.70493	38.456
4.70066	38.5212
4.69641	38.6234
4.69216	38.6943
4.68791	38.7067
4.68368	38.7782
4.67945	38.9031
4.67523	38.9685
4.67102	39.027
4.66682	39.0651
4.66262	39.0856
4.65843	39.1613
4.65425	39.2862
4.65007	39.3593
4.64591	39.3719
4.64175	39.4434
4.6376	39.5085
4.63345	39.5545
4.62932	39.6352
4.62519	39.7392
4.62106	39.809
4.61695	39.7783
4.61284	39.8977
4.60874	39.9812
4.60465	40.0146
4.60056	40.0632
4.59648	40.1302
4.59241	40.2058
4.58835	40.2593
4.58429	40.3165
4.58024	40.3478
4.5762	40.3889
4.57216	40.4388
4.56814	40.4768
4.56411	40.5267
4.5601	40.5305
4.55609	40.6032
4.55209	40.7634
4.5481	40.8919
4.54411	40.8903
4.54013	40.8733
4.53616	40.9451
4.5322	41.0253
4.52824	41.1328
4.52429	41.1617
4.52034	41.1679
4.51641	41.2444
4.51247	41.2916
4.50855	41.3244
4.50463	41.3958
4.50072	41.4612
4.49682	41.5761
4.49292	41.6343
4.48903	41.5865
4.48515	41.6013
4.48127	41.6574
4.4774	41.6951
4.47354	41.7654
4.46968	41.844
4.46584	41.8632
4.46199	41.9853
4.45815	42.0492
4.45432	42.0819
4.4505	42.0916
4.44668	42.0945
4.44287	42.1295
4.43907	42.1852
4.43527	42.2722
4.43148	42.3447
4.4277	42.4185
4.42392	42.4874
4.42015	42.4341
4.41638	42.4258
4.41262	42.5132
4.40887	42.5635
4.40513	42.5598
4.40139	42.5492
4.39765	42.6257
4.39393	42.7205
4.39021	42.7312
4.38649	42.7372
4.38278	42.7825
4.37908	42.7954
4.37539	42.7722
4.3717	42.8589
4.36801	42.9725
4.36434	43.0034
4.36067	43.002
4.357	43.0561
4.35335	43.1103
4.34969	43.1298
4.34605	43.0561
4.34241	43.0514
4.33877	43.1606
4.33514	43.243
4.33152	43.2659
4.32791	43.2679
4.3243	43.1986
4.32069	43.2189
4.3171	43.2635
4.31351	43.274
4.30992	43.2936
4.30634	43.3193
4.30277	43.3546
4.2992	43.4157
4.29564	43.4487
4.29208	43.4236
4.28853	43.4541
4.28499	43.4799
4.28145	43.4671
4.27792	43.4464
4.27439	43.4789
4.27087	43.5033
4.26735	43.5629
4.26384	43.7071
4.26034	43.7914
4.25684	43.7981
4.25335	43.7569
4.24986	43.7462
4.24638	43.7882
4.24291	43.799
4.23944	43.8779
4.23598	43.9037
4.23252	43.8908
4.22906	43.875
4.22562	43.8913
4.22218	44.0054
4.21874	44.063
4.21531	44.091
4.21189	44.1298
4.20847	44.1275
4.20506	44.1259
4.20165	44.2048
4.19825	44.2048
4.19485	44.235
4.19146	44.2998
4.18807	44.2915
4.18469	44.288
4.18132	44.3432
4.17795	44.329
4.17458	44.3673
4.17123	44.4293
4.16787	44.4167
4.16453	44.4144
4.16118	44.4585
4.15785	44.5045
4.15451	44.5485
4.15119	44.5284
4.14787	44.4752
4.14455	44.4801
4.14124	44.5688
4.13794	44.6328
4.13464	44.6318
4.13134	44.6666
4.12805	44.6642
4.12477	44.6434
4.12149	44.656
4.11822	44.6572
4.11495	44.6461
4.11168	44.7132
4.10843	44.8128
4.10517	44.8513
4.10192	44.8528
4.09868	44.8349
4.09545	44.8337
4.09221	44.7574
4.08899	44.7224
4.08576	44.8284
4.08255	44.8689
4.07933	44.8808
4.07613	44.9195
4.07292	44.8755
4.06973	44.851
4.06654	44.9304
4.06335	44.9285
4.06017	44.8647
4.05699	44.8884
4.05382	44.896
4.05065	44.9331
4.04749	44.9305
4.04433	44.9121
4.04118	44.9596
4.03803	44.9716
4.03489	45.0231
4.03175	45.0236
4.02862	44.9877
4.02549	44.9951
4.02237	45.0048
4.01925	45.0271
4.01614	45.0336
4.01303	45.041
4.00993	45.0129
4.00683	44.9968
4.00373	45.0005
4.00064	45.0436
3.99756	45.0333
3.99448	45.0271
3.9914	45.0362
3.98833	44.9897
3.98527	44.9358
3.98221	44.9416
3.97915	44.963
3.9761	44.8461
3.97305	44.756
3.97001	44.7472
3.96697	44.7848
3.96394	44.8452
3.96091	44.9016
3.95789	44.9041
3.95487	44.889
3.95186	44.8386
3.94885	44.8115
3.94584	44.8351
3.94284	44.8313
3.93984	44.7965
3.93685	44.7942
3.93386	44.8106
3.93088	44.7895
3.9279	44.7627
3.92493	44.7595
3.92196	44.7663
3.919	44.7942
3.91604	44.7229
3.91308	44.6518
3.91013	44.6595
3.90718	44.6987
3.90424	44.6162
3.9013	44.5714
3.89837	44.626
3.89544	44.5923
3.89252	44.4962
3.8896	44.4891
3.88668	44.5192
3.88377	44.4004
3.88086	44.355
3.87796	44.3361
3.87506	44.2571
3.87217	44.2443
3.86928	44.3211
3.86639	44.3305
3.86351	44.2775
3.86064	44.2349
3.85776	44.1183
3.8549	43.9898
3.85203	43.9599
3.84917	43.9535
3.84631	43.9081
3.84346	43.9118
3.84062	43.8424
3.83777	43.759
3.83494	43.6698
3.8321	43.5769
3.82927	43.5865
3.82644	43.5465
3.82362	43.4815
3.82081	43.3621
3.81799	43.2028
3.81518	43.2109
3.81238	43.2198
3.80958	43.0978
3.80678	43.0672
3.80399	43.0659
3.8012	43.0321
3.79841	42.9533
3.79563	42.8019
3.79286	42.7113
3.79008	42.6692
3.78731	42.6104
3.78455	42.5693
3.78179	42.5272
3.77903	42.4125
3.77628	42.32
3.77353	42.242
3.77079	42.1767
3.76805	42.1387
3.76531	42.0148
3.76258	41.9428
3.75985	41.7845
3.75713	41.6601
3.7544	41.6593
3.75169	41.6545
3.74898	41.588
3.74627	41.441
3.74356	41.3041
3.74086	41.2001
3.73816	41.1314
3.73547	41.0148
3.73278	40.8691
3.7301	40.7785
3.72741	40.7899
3.72474	40.7174
3.72206	40.518
3.71939	40.4383
3.71673	40.3339
3.71406	40.2112
3.71141	40.2169
3.70875	40.1389
3.7061	39.9323
3.70345	39.7759
3.70081	39.6777
3.69817	39.5612
3.69553	39.4309
3.6929	39.39
3.69027	39.3442
3.68765	39.2337
3.68503	39.1148
3.68241	38.9836
3.6798	38.8148
3.67719	38.6468
3.67458	38.4916
3.67198	38.4469
3.66938	38.4218
3.66678	38.3056
3.66419	38.2062
3.66161	38.1269
3.65902	37.9626
3.65644	37.7757
3.65387	37.7093
3.65129	37.6756
3.64872	37.5071
3.64616	37.3163
3.64359	37.2149
3.64103	37.1037
3.63848	37.0263
3.63593	36.9255
3.63338	36.772
3.63084	36.5656
3.6283	36.5242
3.62576	36.4944
3.62322	36.432
3.62069	36.3073
3.61817	36.161
3.61564	35.9893
3.61312	35.8294
3.61061	35.7235
3.6081	35.6657
3.60559	35.5819
3.60308	35.3894
3.60058	35.168
3.59808	35.0037
3.59558	34.9326
3.59309	34.8632
3.59061	34.7914
3.58812	34.644
3.58564	34.4972
3.58316	34.3941
3.58069	34.2447
3.57822	34.0977
3.57575	34.0137
3.57328	33.8854
3.57082	33.7728
3.56836	33.669
3.56591	33.5614
3.56346	33.3693
3.56101	33.1651
3.55857	33.0757
3.55613	32.9632
3.55369	32.825
3.55126	32.7118
3.54883	32.5586
3.5464	32.4069
3.54397	32.2429
3.54155	32.099
3.53914	32.0406
3.53672	31.8836
3.53431	31.6489
3.5319	31.4896
3.5295	31.3493
3.5271	31.1345
3.5247	30.9223
3.52231	30.8069
3.51991	30.6102
3.51753	30.3504
3.51514	30.1627
3.51276	29.9815
3.51038	29.8041
3.50801	29.6477
3.50563	29.4373
3.50327	29.2069
3.5009	29.0715
3.49854	29.0789
3.49618	29.0433
3.49382	28.9339
3.49147	28.7739
3.48912	28.5657
3.48677	28.4583
3.48443	28.4165
3.48209	28.3995
3.47975	28.3
3.47742	28.0912
3.47509	27.9531
3.47276	27.874
3.47044	27.7836
3.46812	27.6363
3.4658	27.4857
3.46348	27.3407
3.46117	27.1549
3.45886	27.0314
3.45656	26.9609
3.45425	26.8946
3.45195	26.6685
3.44966	26.4338
3.44736	26.3615
3.44507	26.2427
3.44279	26.1026
3.4405	25.9351
3.43822	25.8199
3.43594	25.6758
3.43367	25.4192
3.43139	25.18
3.42912	24.9268
3.42686	24.7544
3.42459	24.6445
3.42233	24.4478
3.42007	24.1768
3.41782	24.0219
3.41557	23.9591
3.41332	23.8751
3.41108	23.8154
3.40883	23.8503
3.40659	23.7596
3.40435	23.6499
3.40212	23.5803
3.39989	23.5433
3.39766	23.3794
3.39544	23.2453
3.39322	23.2165
3.391	23.0841
3.38878	22.8971
3.38657	22.7952
3.38436	22.6906
3.38215	22.6572
3.37994	22.537
3.37774	22.3819
3.37554	22.3397
3.37335	22.2352
3.37115	22.1648
3.36896	22.11
3.36678	22.1733
3.36459	21.9915
3.36241	21.741
3.36023	21.684
3.35805	21.7034
3.35588	21.5893
3.35371	21.3934
3.35154	21.2562
3.34938	21.1417
3.34721	21.1019
3.34505	20.9896
3.3429	20.8664
3.34074	20.7315
3.33859	20.6203
3.33644	20.4185
3.3343	20.4113
3.33215	20.4426
3.33001	20.3116
3.32788	20.1476
3.32574	20.0114
3.32361	19.9282
3.32148	19.8247
3.31936	19.6856
3.31723	19.5578
3.31511	19.48
3.31299	19.3815
3.31088	19.2551
3.30876	19.0969
3.30665	18.936
3.30455	18.8487
3.30244	18.8347
3.30034	18.6641
3.29824	18.6338
3.29614	18.6009
3.29405	18.3624
3.29196	18.1782
3.28987	18.0789
3.28778	17.9366
3.2857	17.8271
3.28362	17.853
3.28154	17.7452
3.27946	17.5088
3.27739	17.3775
3.27532	17.4188
3.27325	17.4129
3.27119	17.2172
3.26913	17.0726
3.26707	16.9962
3.26501	16.8229
3.26295	16.7109
3.2609	16.6292
3.25885	16.5364
3.2568	16.3786
3.25476	16.278
3.25272	16.1644
3.25068	16.09
3.24864	16.0212
3.24661	15.9036
3.24458	15.6873
3.24255	15.5627
3.24052	15.5471
3.2385	15.4342
3.23648	15.3194
3.23446	15.2416
3.23244	15.1067
3.23043	15.0359
3.22841	14.9505
3.2264	14.9014
3.2244	14.903
3.22239	14.805
3.22039	14.6897
3.21839	14.5544
3.2164	14.3938
3.2144	14.2676
3.21241	14.1954
3.21042	14.166
3.20844	14.0843
3.20645	13.9517
3.20447	13.8102
3.20249	13.6823
3.20051	13.5769
3.19854	13.5372
3.19657	13.5781
3.1946	13.4333
3.19263	13.2305
3.19067	13.0599
3.1887	13.0859
3.18674	13.1261
3.18479	12.9616
3.18283	12.76
3.18088	12.8384
3.17893	12.8034
3.17698	12.5883
3.17504	12.507
3.17309	12.4389
3.17115	12.3564
3.16921	12.2675
3.16728	12.1019
3.16534	11.9771
3.16341	11.9179
3.16148	11.7924
3.15956	11.7197
3.15763	11.6804
3.15571	11.6208
3.15379	11.5812
3.15187	11.5313
3.14996	11.4606
3.14805	11.3931
3.14614	11.2056
3.14423	11.0841
3.14232	11.0512
3.14042	10.9955
3.13852	10.9066
3.13662	10.8563
3.13472	10.8034
3.13283	10.6591
3.13094	10.6005
3.12905	10.6615
3.12716	10.5845
3.12528	10.4211
3.12339	10.2169
3.12151	10.2317
3.11964	10.2078
3.11776	10.1539
3.11589	10.0999
3.11401	10.0091
3.11214	9.96906
3.11028	9.88551
3.10841	9.76687
3.10655	9.75751
3.10469	9.67849
3.10283	9.53169
3.10098	9.61751
3.09912	9.66172
3.09727	9.66265
3.09542	9.61207
3.09358	9.43967
3.09173	9.35057
3.08989	9.38546
3.08805	9.36428
3.08621	9.2493
3.08437	9.2437
3.08254	9.24563
3.08071	9.18884
3.07888	9.09468
3.07705	9.07564
3.07523	9.20919
3.0734	9.246
3.07158	9.08695
3.06977	8.92158
3.06795	8.96716
3.06613	8.97726
3.06432	9.00549
3.06251	8.94523
3.0607	8.94544
3.0589	8.94307
3.0571	8.91826
3.05529	8.8603
3.05349	8.82136
3.0517	8.81889
3.0499	8.73846
3.04811	8.6743
3.04632	8.7642
3.04453	8.76963
3.04274	8.60927
3.04096	8.46106
3.03918	8.3974
3.0374	8.45561
3.03562	8.53267
3.03384	8.58695
3.03207	8.46454
3.03029	8.41404
3.02852	8.50284
3.02676	8.47546
3.02499	8.45064
3.02323	8.46343
3.02146	8.36566
3.0197	8.28863
3.01795	8.29766
3.01619	8.27475
3.01444	8.16202
3.01269	8.11904
3.01094	8.06587
3.00919	8.12383
3.00744	8.25408
3.0057	8.0956
3.00396	7.90894
3.00222	7.80354
3.00048	7.8135
2.99875	7.85833
2.99701	7.71782
2.99528	7.61594
2.99355	7.64952
2.99183	7.74492
2.9901	7.72183
2.98838	7.68603
2.98666	7.68139
2.98494	7.58419
2.98322	7.46334
2.9815	7.4546
2.97979	7.38041
2.97808	7.38636
2.97637	7.39565
2.97466	7.3323
2.97295	7.23249
2.97125	7.27726
2.96955	7.34504
2.96785	7.34677
2.96615	7.30833
2.96446	7.212
2.96276	7.098
2.96107	7.01774
2.95938	7.06927
2.95769	7.17262
2.95601	7.12029
2.95432	6.98414
2.95264	6.96086
2.95096	7.08919
2.94928	7.18051
2.9476	7.11972
2.94593	7.04825
2.94425	7.00042
2.94258	6.95319
2.94092	6.99489
2.93925	7.05479
2.93758	7.09778
2.93592	7.07478
2.93426	7.0373
2.9326	7.07596
2.93094	7.01349
2.92928	6.93307
2.92763	6.9146
2.92598	7.03112
2.92433	7.10939
2.92268	6.96434
2.92103	6.8809
2.91939	6.86658
2.91775	7.03573
2.9161	7.23254
2.91447	7.15514
2.91283	6.84933
2.91119	6.77583
2.90956	7.01878
2.90793	7.02987
2.9063	6.99947
2.90467	7.05787
2.90304	7.03677
2.90142	7.116
2.89979	7.18468
2.89817	7.16405
2.89656	7.05158
2.89494	7.00171
2.89332	7.21919
2.89171	7.38509
2.8901	7.29565
2.88849	7.26043
2.88688	7.26827
2.88527	7.25588
2.88367	7.20477
2.88206	7.19646
2.88046	7.14932
2.87886	7.1764
2.87727	7.15377
2.87567	7.03872
2.87408	7.04454
2.87248	7.14297
2.87089	7.08922
2.8693	6.87994
2.86772	6.77889
2.86613	6.74659
2.86455	6.69608
2.86297	6.6503
2.86139	6.45517
2.85981	6.12908
2.85823	5.90572
2.85666	5.64713
2.85508	5.41984
2.85351	5.48547
2.85194	5.39165
2.85038	5.13353
2.84881	4.70113
2.84724	4.28242
2.84568	4.27066
2.84412	4.28926
2.84256	3.95469
2.841	3.57531
2.83945	3.59913
2.83789	3.39436
2.83634	3.03747
2.83479	3.33066
2.83324	3.54904
2.83169	3.38183
2.83015	3.14311
2.82861	2.91901
2.82706	2.92852
2.82552	3.01467
2.82398	2.944
2.82245	2.91158
2.82091	3.02251
2.81938	3.01797
2.81784	3.01843
2.81631	3.01989
2.81479	2.88212
2.81326	2.86236
2.81173	2.85578
2.81021	2.74723
2.80869	2.78334
2.80716	2.78996
2.80565	2.74837
2.80413	2.7907
2.80261	2.94281
2.8011	3.02372
2.79959	2.97707
2.79808	3.11278
2.79657	3.11748
2.79506	3.10726
2.79355	3.17084
2.79205	3.2565
2.79055	3.43048
2.78904	3.55239
2.78754	3.75468
2.78605	3.8619
2.78455	3.85435
2.78306	3.80492
2.78156	3.90037
2.78007	3.98169
2.77858	3.96798
2.77709	3.79241
2.77561	3.67982
2.77412	3.73411
2.77264	3.82799
2.77116	3.95095
2.76968	4.08526
2.7682	4.27956
2.76672	4.42484
2.76524	4.50611
2.76377	4.68152
2.7623	4.8999
2.76083	5.10539
2.75936	5.1659
2.75789	5.22579
2.75642	5.30243
2.75496	5.50536
2.7535	5.73201
2.75203	5.94824
2.75057	6.27874
2.74912	6.66056
2.74766	6.93086
2.7462	7.09134
2.74475	7.23165
2.7433	7.55526
2.74185	7.87367
2.7404	8.23469
2.73895	8.63914
2.7375	9.04906
2.73606	9.58479
2.73462	10.1484
2.73318	10.6063
2.73174	11.1574
2.7303	11.8187
2.72886	12.408
2.72742	12.933
2.72599	13.4567
2.72456	14.0358
2.72313	14.5816
2.7217	15.198
2.72027	16.0034
2.71884	16.8489
2.71742	17.5195
2.71599	18.1259
2.71457	18.7371
2.71315	19.3507
2.71173	19.8553
2.71032	20.4075
2.7089	21.0315
2.70748	21.6522
2.70607	22.3724
2.70466	22.9803
2.70325	23.5266
2.70184	23.9639
2.70043	24.496
2.69903	25.0729
2.69762	25.8143
2.69622	26.5776
2.69482	27.3722
2.69342	28.2298
2.69202	29.4969
2.69062	30.9739
2.68923	32.446
2.68783	33.7676
2.68644	34.9082
2.68505	36.1217
2.68366	37.3251
2.68227	38.6399
2.68089	39.7059
2.6795	40.2243
2.67812	40.8372
2.67673	41.4962
2.67535	42.3198
2.67397	43.058
2.6726	43.6376
2.67122	43.6119
2.66984	44.1029
2.66847	45.1124
2.6671	45.3145
2.66572	45.6379
2.66435	46.2678
2.66299	47.0477
2.66162	47.4076
2.66025	47.5443
2.65889	47.8231
2.65753	48.2679
2.65616	48.4371
2.65481	48.6934
2.65345	48.7812
2.65209	48.9679
2.65073	49.38
2.64938	49.6899
2.64803	49.846
2.64667	49.9472
2.64532	50.1578
2.64397	50.4983
2.64263	50.6384
2.64128	50.8515
2.63994	51.0306
2.63859	51.1745
2.63725	51.34
2.63591	51.515
2.63457	51.4683
2.63323	51.6067
2.6319	51.59
2.63056	51.233
2.62923	51.5802
2.62789	51.8034
2.62656	51.8282
2.62523	52.3718
2.6239	52.6882
2.62258	52.7134
2.62125	52.2868
2.61993	52.2807
2.6186	52.6914
2.61728	52.4579
2.61596	52.7409
2.61464	53.2387
2.61332	53.1869
2.61201	53.2232
2.61069	53.2441
2.60938	53.2694
2.60807	53.381
2.60675	53.1704
2.60544	53.0112
2.60414	53.4464
2.60283	53.7206
2.60152	53.877
2.60022	54.0822
2.59891	54.1886
2.59761	54.0257
2.59631	53.4429
2.59501	52.7984
2.59371	53.4865
2.59242	54.4354
2.59112	54.674
2.58983	54.6293
2.58853	54.5266
2.58724	54.5896
2.58595	54.7998
2.58466	54.5896
2.58338	54.6102
2.58209	54.8973
2.5808	54.9824
2.57952	55.247
2.57824	55.299
2.57695	55.1084
2.57567	55.1959
2.5744	55.0819
2.57312	55.0268
2.57184	55.3972
2.57057	55.3746
2.56929	55.3577
2.56802	55.6096
2.56675	55.6667
2.56548	55.4847
2.56421	55.3549
2.56294	55.3465
2.56168	55.23
2.56041	55.3727
2.55915	55.7461
2.55789	55.9659
2.55662	55.9599
2.55536	55.9385
2.5541	55.8701
2.55285	55.7176
2.55159	55.7188
2.55034	55.8874
2.54908	56.0171
2.54783	55.9145
2.54658	55.9499
2.54533	56.0036
2.54408	56.073
2.54283	56.06
2.54159	56.0084
2.54034	55.9953
2.5391	56.0053
2.53785	55.9795
2.53661	56.0085
2.53537	56.0924
2.53413	56.0974
2.53289	55.9997
2.53166	56.0549
2.53042	56.1407
2.52919	56.1152
2.52795	56.0856
2.52672	56.0882
2.52549	56.0733
2.52426	56.0957
2.52303	56.0487
2.52181	55.8969
2.52058	55.8954
2.51936	56.084
2.51813	56.1096
2.51691	56.0569
2.51569	56.127
2.51447	56.1884
2.51325	56.1704
2.51203	56.1356
2.51082	56.1109
2.5096	56.1772
2.50839	56.2423
2.50717	56.248
2.50596	56.1436
2.50475	56.0866
2.50354	56.0614
2.50233	56.1157
2.50113	56.2713
2.49992	56.3471
2.49872	56.3014
2.49751	56.304
2.49631	56.4156
2.49511	56.3778
2.49391	56.2487
2.49271	56.2417
2.49151	56.2052
2.49031	56.2526
2.48912	56.3782
2.48792	56.5033
2.48673	56.4615
2.48554	56.3699
2.48435	56.3596
2.48316	56.4392
2.48197	56.587
2.48078	56.699
2.4796	56.7101
2.47841	56.6998
2.47723	56.7211
2.47604	56.7554
2.47486	56.7074
2.47368	56.8209
2.4725	56.9532
2.47132	56.9997
2.47014	56.9711
2.46897	56.9012
2.46779	56.966
2.46662	57.1341
2.46545	57.2885
2.46427	57.2677
2.4631	57.2212
2.46193	57.3107
2.46077	57.4766
2.4596	57.479
2.45843	57.4627
2.45727	57.4637
2.4561	57.4537
2.45494	57.5171
2.45378	57.617
2.45262	57.6698
2.45146	57.8013
2.4503	57.846
2.44914	57.8358
2.44799	57.9779
2.44683	58.0321
2.44568	58.0695
2.44452	58.1035
2.44337	58.0431
2.44222	58.0492
2.44107	58.1804
2.43992	58.4233
2.43877	58.3756
2.43763	58.3788
2.43648	58.5437
2.43534	58.5025
2.43419	58.4887
2.43305	58.6416
2.43191	58.782
2.43077	58.9226
2.42963	58.9829
2.42849	58.9851
2.42736	59.021
2.42622	59.0675
2.42509	59.1029
2.42395	59.1135
2.42282	59.1778
2.42169	59.2248
2.42056	59.2185
2.41943	59.2009
2.4183	59.2093
2.41717	59.25
2.41605	59.4188
2.41492	59.5796
2.4138	59.4561
2.41267	59.4668
2.41155	59.6005
2.41043	59.4455
2.40931	59.2349
2.40819	59.1409
2.40707	59.039
2.40595	59.1933
2.40484	59.2652
2.40372	59.093
2.40261	59.0703
2.4015	59.1992
2.40039	59.1169
2.39928	59.0193
2.39817	58.9876
2.39706	58.9417
2.39595	58.8173
2.39484	58.9094
2.39374	59.0026
2.39263	58.7344
2.39153	58.3828
2.39043	58.2385
2.38932	58.0407
2.38822	57.9097
2.38712	58.062
2.38603	58.1241
2.38493	57.9166
2.38383	57.7098
2.38274	57.5906
2.38164	57.377
2.38055	57.1185
2.37946	56.9986
2.37836	57.0067
2.37727	56.851
2.37618	56.7077
2.3751	56.527
2.37401	56.4376
2.37292	56.4957
2.37184	56.3816
2.37075	56.1902
2.36967	56.0659
2.36859	56.0425
2.3675	56.1118
2.36642	56.1757
2.36534	56.1727
2.36427	56.1394
2.36319	56.3156
2.36211	56.3512
2.36104	56.2455
2.35996	56.2583
2.35889	56.3346
2.35781	56.4839
2.35674	56.5613
2.35567	56.5191
2.3546	56.5661
2.35353	56.7275
2.35247	56.9811
2.3514	57.1585
2.35033	57.1837
2.34927	57.2069
2.3482	57.2523
2.34714	57.2631
2.34608	57.3524
2.34502	57.49
2.34396	57.4829
2.3429	57.4655
2.34184	57.5944
2.34078	57.6279
2.33973	57.6039
2.33867	57.5099
2.33762	57.639
2.33656	57.78
2.33551	57.8614
2.33446	57.8224
2.33341	57.7831
2.33236	57.7504
2.33131	57.5922
2.33026	57.4214
2.32922	57.3935
2.32817	57.3221
2.32712	57.0898
2.32608	56.8364
2.32504	56.6442
2.324	56.4089
2.32295	56.1855
2.32191	55.9892
2.32087	55.749
2.31984	55.5352
2.3188	55.3492
2.31776	55.1593
2.31673	54.9238
2.31569	54.7528
2.31466	54.6376
2.31362	54.6884
2.31259	54.5176
2.31156	54.3552
2.31053	54.535
2.3095	54.5885
2.30847	54.6472
2.30745	54.6472
2.30642	54.6183
2.3054	54.8204
2.30437	55.1245
2.30335	55.2291
2.30232	55.2477
2.3013	55.3169
2.30028	55.6117
2.29926	55.9192
2.29824	56.1283
2.29722	56.3766
2.29621	56.5468
2.29519	56.7617
2.29417	56.9566
2.29316	57.2108
2.29215	57.4589
2.29113	57.7014
2.29012	57.9447
2.28911	58.1922
2.2881	58.4298
2.28709	58.6357
2.28608	58.8716
2.28507	59.1632
2.28407	59.3239
2.28306	59.3243
2.28206	59.4087
2.28105	59.5825
2.28005	59.7547
2.27905	59.7959
2.27805	59.765
2.27705	59.7296
2.27605	59.785
2.27505	59.8298
2.27405	59.8094
2.27305	59.821
2.27206	59.8477
2.27106	59.8072
2.27007	59.7092
2.26907	59.6435
2.26808	59.7073
2.26709	59.6703
2.2661	59.5634
2.26511	59.6036
2.26412	59.6407
2.26313	59.591
2.26214	59.5789
2.26116	59.6335
2.26017	59.5605
2.25919	59.4596
2.2582	59.3844
2.25722	59.3032
2.25624	59.3304
2.25526	59.4275
2.25428	59.5212
2.2533	59.4608
2.25232	59.4542
2.25134	59.5724
2.25036	59.6114
2.24939	59.6469
2.24841	59.775
2.24744	59.8212
2.24646	59.8075
2.24549	59.7829
2.24452	59.8305
2.24355	59.9002
2.24257	60.0358
2.24161	60.1107
2.24064	60.1288
2.23967	60.1901
2.2387	60.2366
2.23774	60.235
2.23677	60.2871
2.23581	60.4322
2.23484	60.5691
2.23388	60.6616
2.23292	60.7855
2.23196	60.7632
2.231	60.7787
2.23004	60.8902
2.22908	60.9367
2.22812	61.0465
2.22716	61.1586
2.22621	61.1606
2.22525	61.2206
2.2243	61.2593
2.22334	61.3583
2.22239	61.4432
2.22144	61.3589
2.22049	61.3276
2.21953	61.2246
2.21859	61.1494
2.21764	61.2884
2.21669	61.4595
2.21574	61.5533
2.21479	61.603
2.21385	61.6091
2.2129	61.4077
2.21196	61.4398
2.21102	61.7091
2.21007	61.7018
2.20913	61.6414
2.20819	61.6011
2.20725	61.467
2.20631	61.4821
2.20537	61.5078
2.20444	61.4793
2.2035	61.4997
2.20256	61.5904
2.20163	61.7208
2.20069	61.7219
2.19976	61.6033
2.19883	61.5136
2.19789	61.633
2.19696	61.6931
2.19603	61.5983
2.1951	61.6015
2.19417	61.5739
2.19325	61.7252
2.19232	61.7826
2.19139	61.7262
2.19047	61.6835
2.18954	61.5692
2.18862	61.6485
2.18769	61.7363
2.18677	61.8483
2.18585	61.9366
2.18493	62.014
2.18401	61.9535
2.18309	61.8978
2.18217	61.953
2.18125	61.8983
2.18033	61.8207
2.17942	61.7044
2.1785	61.756
2.17759	61.9046
2.17667	61.9908
2.17576	61.987
2.17485	61.9412
2.17393	61.8739
2.17302	61.7968
2.17211	61.8209
2.1712	61.8086
2.17029	61.8573
2.16939	61.9425
2.16848	61.9257
2.16757	61.9666
2.16667	62.0289
2.16576	61.8487
2.16486	61.8893
2.16395	61.8919
2.16305	61.7761
2.16215	61.7996
2.16125	61.8812
2.16035	61.8047
2.15945	61.6997
2.15855	61.6753
2.15765	61.8233
2.15675	61.9427
2.15586	61.915
2.15496	62.0278
2.15406	61.9885
2.15317	61.8805
2.15228	61.7135
2.15138	61.6158
2.15049	61.684
2.1496	61.7744
2.14871	61.8523
2.14782	61.842
2.14693	61.7562
2.14604	61.7229
2.14515	61.6931
2.14427	61.603
2.14338	61.586
2.14249	61.6624
2.14161	61.6014
2.14072	61.5635
2.13984	61.6297
2.13896	61.6166
2.13808	61.7066
2.13719	61.7268
2.13631	61.5749
2.13543	61.5741
2.13455	61.6774
2.13368	61.6857
2.1328	61.6345
2.13192	61.558
2.13105	61.5641
2.13017	61.5683
2.1293	61.6269
2.12842	61.6126
2.12755	61.49
2.12668	61.4039
2.1258	61.4033
2.12493	61.4312
2.12406	61.3899
2.12319	61.4065
2.12232	61.3815
2.12145	61.4128
2.12059	61.3537
2.11972	61.1346
2.11885	61.1527
2.11799	61.1003
2.11712	61.0866
2.11626	61.1881
2.1154	61.2906
2.11453	61.1762
2.11367	60.977
2.11281	60.9999
2.11195	61.0941
2.11109	61.0639
2.11023	61.0273
2.10937	60.991
2.10851	60.8556
2.10766	60.8422
2.1068	60.9939
2.10594	61.0098
2.10509	60.9012
2.10423	60.923
2.10338	60.8908
2.10253	60.8683
2.10168	61.0227
2.10082	60.9341
2.09997	60.7245
2.09912	60.6656
2.09827	60.6478
2.09742	60.326
2.09658	60.2829
2.09573	60.4604
2.09488	60.5394
2.09404	60.5672
2.09319	60.5496
2.09235	60.5132
2.0915	60.4331
2.09066	60.4321
2.08982	60.4959
2.08897	60.5143
2.08813	60.4688
2.08729	60.3153
2.08645	60.1551
2.08561	60.203
2.08477	60.4911
2.08394	60.4735
2.0831	60.4754
2.08226	60.5184
2.08143	60.5327
2.08059	60.3409
2.07976	60.1274
2.07892	60.2707
2.07809	60.0499
2.07726	60.0103
2.07643	60.2443
2.07559	60.1819
2.07476	59.9328
2.07393	59.9028
2.0731	59.9331
2.07228	59.6706
2.07145	59.3742
2.07062	59.5171
2.06979	59.9519
2.06897	60.0358
2.06814	59.912
2.06732	59.8892
2.06649	59.9246
2.06567	59.7594
2.06485	59.2795
2.06403	58.9648
2.0632	59.4433
2.06238	59.5436
2.06156	59.4376
2.06074	59.6158
2.05993	59.6355
2.05911	59.3347
2.05829	59.1655
2.05747	59.2482
2.05666	59.4343
2.05584	59.3214
2.05503	59.3452
2.05421	59.4983
2.0534	59.2576
2.05259	58.9946
2.05177	58.9412
2.05096	59.1313
2.05015	59.0145
2.04934	58.9772
2.04853	58.8867
2.04772	58.7844
2.04691	58.8372
2.04611	58.8466
2.0453	58.7831
2.04449	58.7083
2.04369	58.715
2.04288	58.7831
2.04208	58.5646
2.04127	58.4291
2.04047	58.4735
2.03967	58.5192
2.03886	58.5123
2.03806	58.6095
2.03726	58.5465
2.03646	58.3803
2.03566	58.3466
2.03486	58.3462
2.03407	58.4656
2.03327	58.2275
2.03247	58.0829
2.03167	58.1395
2.03088	58.0918
2.03008	57.9662
2.02929	58.1625
2.0285	58.299
2.0277	58.2783
2.02691	58.0649
2.02612	57.727
2.02533	57.9733
2.02453	58.1291
2.02374	57.8732
2.02295	57.5327
2.02217	57.5054
2.02138	57.5709
2.02059	57.4652
2.0198	57.4159
2.01902	57.3785
2.01823	57.6316
2.01744	57.868
2.01666	57.4292
2.01588	57.0868
2.01509	57.2298
2.01431	57.3445
2.01353	57.3325
2.01275	57.0796
2.01196	56.9926
2.01118	57.1797
2.0104	57.1505
2.00963	56.9729
2.00885	56.9541
2.00807	56.9647
2.00729	56.8859
2.00651	56.8374
2.00574	56.648
2.00496	56.5962
2.00419	56.7451
2.00341	56.8806
2.00264	56.7513
2.00187	56.5732
2.00109	56.5563
2.00032	56.4841
