Name: Orthoclase KAlSi3O8
Type:  Mineral
Class:  Silicates
Subclass:  Tectosilicates (Framework Silicates); (Feldspar Group)
Particle Size:  Solid (parallel to 010)
Sample No.:  orthocl.3
Owner:  JHU
Wavelength Range:  IR
Origin: Harris Farm Mica Mine, near Oliver, Goochland Co., Virginia 
via the Smithsonian (sample no. NMNH 113188)
Description: The hand sample is a single 11.97 g fragment of a single 
crystal.  It is twinned, translucent, light beige in color and appears 
very pure. Under the microscope, the sample is slightly altered to 
sericite, otherwise pure.


Measurement:  Bidirectional reflectance 
First Column:  X
Second Column:  Y  
X Units:  Wavelength (micrometers)
Y Units:  Reflectance (percent)
First X Value:  25.0442
Last X Value:  2.079
Number of X Values:  2287
Additional Information:  orthoc3a.doc

25.04420302	22.7187
24.9237955	22.791
24.80454022	22.7773
24.68642074	22.5673
24.5694209	22.2665
24.45358465	22.0087
24.3387763	21.914
24.22504094	21.9179
24.11236361	22.164
24.00072962	22.4384
23.89012454	22.8808
23.78053421	23.8027
23.67194472	24.5126
23.56434244	25.4355
23.45771395	26.412
23.35204611	27.0439
23.24732598	27.3935
23.14354087	27.5292
23.04067832	27.4394
22.93872607	26.9106
22.83767211	26.4238
22.7375046	25.9726
22.63821194	25.207
22.53978272	24.6059
22.44220571	24.1352
22.3454699	23.3071
22.24956446	22.3701
22.15447875	21.3891
22.06020229	20.2582
21.96677306	19.0122
21.87408402	17.8847
21.7821739	16.7998
21.69103293	15.9589
21.60065148	15.6054
21.5110201	15.4204
21.42212949	15.2509
21.33397051	15.5175
21.24653416	15.8525
21.15981159	16.0117
21.0737941	16.1943
20.98847313	16.3916
20.90384024	16.4218
20.81988716	16.4052
20.73660571	16.3857
20.65398787	16.1845
20.57202575	15.8989
20.49071156	15.8007
20.41003766	15.7446
20.3299965	15.6972
20.25058069	15.7275
20.1717829	15.788
20.09359597	15.854
20.01601281	15.9834
19.93906621	16.1035
19.8626695	16.2177
19.78685599	16.3754
19.71161901	16.5097
19.63695203	16.6225
19.56284859	16.7434
19.48930232	16.884
19.41630698	16.9736
19.34385639	17.0832
19.27194448	17.2785
19.20056526	17.4846
19.12971284	17.6967
19.05938141	17.8696
18.98956523	18.0383
18.92025868	18.2246
18.85145618	18.5322
18.78315226	18.8928
18.71534153	19.0966
18.64801865	19.3476
18.58117838	19.8051
18.51481556	20.2766
18.44892507	20.6564
18.38350191	21.0966
18.31854111	21.6064
18.25407111	22.0302
18.19002023	22.4057
18.12641726	22.7524
18.06325753	22.9609
18.00053642	23.205
17.93824937	23.7834
17.8763919	24.4924
17.81495958	25.2241
17.75394803	26.0546
17.69335296	26.9501
17.63317011	27.7978
17.57339529	28.6757
17.51402436	29.5141
17.45505324	30.1659
17.39647791	30.6747
17.3382944	31.134
17.28049878	31.4565
17.2230872	31.6327
17.16605584	31.7577
17.10940093	31.8105
17.05311876	31.8051
16.99720566	31.7824
16.94165801	31.716
16.88647225	31.5912
16.83167317	31.4584
16.77720046	31.2746
16.72307919	30.9784
16.66930597	30.6723
16.61587747	30.2892
16.56279037	29.7831
16.51004141	29.2465
16.45762737	28.5822
16.40554507	27.706
16.35379138	26.7294
16.30236319	25.7719
16.25125744	24.6962
16.20047111	23.4824
16.15000121	22.2309
16.0998448	20.8828
16.04999896	19.3974
16.00048641	17.8498
15.95125297	16.3276
15.90232158	14.8408
15.85368947	13.4931
15.80535391	12.4502
15.75731218	11.7861
15.70956162	11.5075
15.6620996	11.6406
15.61492349	12.114
15.56803074	12.7065
15.52141878	13.2109
15.47508511	13.4709
15.42902725	13.3457
15.38324273	12.8352
15.33772913	12.0891
15.29248405	11.3137
15.24750513	10.5891
15.20279002	10.0237
15.1583364	9.6682
15.114142	9.469
15.07020455	9.3855
15.02652181	9.4258
14.98309158	9.4975
14.93991168	9.5949
14.89700213	9.7365
14.85431629	9.8965
14.81187438	10.0598
14.76967431	10.2182
14.72771402	10.3584
14.68599147	10.5344
14.64450465	10.6909
14.60325156	10.8125
14.56223023	10.9311
14.52143873	11.0713
14.48087511	11.207
14.44053748	11.3586
14.40042395	11.5302
14.36053266	11.7036
14.32086177	11.8662
14.28140946	11.9995
14.24217393	12.1682
14.20315338	12.3586
14.16434607	12.4504
14.12575025	12.5322
14.0873642	12.664
14.0491862	12.7602
14.01121458	12.8217
13.97344765	12.8674
13.93590321	12.9275
13.89854065	12.9497
13.8613779	12.9467
13.82441336	12.9079
13.78764544	12.8134
13.75107258	12.7287
13.71469324	12.6384
13.67850587	12.5656
13.64250897	12.4514
13.60670103	12.3537
13.57108057	12.2629
13.53564612	12.2131
13.50039624	12.1904
13.46532947	12.1967
13.4304444	12.2075
13.39573962	12.2509
13.36121373	12.2983
13.32686536	12.343
13.29269314	12.3952
13.25869572	12.4091
13.22487175	12.4616
13.19121992	12.5371
13.15773892	12.5656
13.12442745	12.6089
13.09130135	12.6677
13.05832501	12.7324
13.02551438	12.7395
12.99286821	12.7263
12.96038529	12.7456
12.92806437	12.7016
12.89590426	12.583
12.86390376	12.5078
12.83206168	12.4292
12.80037684	12.2988
12.7688481	12.2133
12.73747429	12.1967
12.70625427	12.1684
12.67518693	12.1049
12.64427113	12.0683
12.61350579	12.0234
12.58290562	11.9653
12.55243781	11.9409
12.52211719	11.9487
12.4919427	11.9775
12.46191328	12.0317
12.43202789	12.1098
12.40228549	12.2129
12.37268507	12.3315
12.34322561	12.4331
12.31390609	12.5473
12.28472554	12.6528
12.25568296	12.7412
12.22677738	12.8222
12.19800782	12.9426
12.16937334	13.061
12.14087298	13.1284
12.1125058	13.2041
12.08427087	13.3232
12.05616727	13.4248
12.02819409	13.4775
12.00035041	13.5512
11.97263534	13.6528
11.945048	13.7094
11.9175875	13.7534
11.8902671	13.8354
11.86305761	13.9277
11.83597236	13.9809
11.80901051	14.061
11.78217122	14.1782
11.75545365	14.2505
11.72885698	14.2944
11.70238038	14.3496
11.67602305	14.3969
11.64978419	14.4585
11.62366299	14.5678
11.59765866	14.6699
11.57177043	14.6987
11.54599752	14.7456
11.52033916	14.851
11.49479458	14.9106
11.46936304	14.958
11.44404378	15.0373
11.41883606	15.1274
11.39373914	15.195
11.3687523	15.269
11.34387482	15.3574
11.31910597	15.4238
11.29444505	15.4897
11.26990406	15.5737
11.24545684	15.6552
11.22111545	15.7124
11.19687921	15.7983
11.17274743	15.9065
11.14871946	15.9804
11.12479461	16.0405
11.10097222	16.1191
11.07725165	16.2085
11.05363222	16.3203
11.03011331	16.4116
11.00669427	16.5002
10.98337447	16.6147
10.96015327	16.7199
10.93703005	16.799
10.9140042	16.8928
10.89107509	17.0214
10.86824213	17.1413
10.8455047	17.2353
10.82286221	17.3596
10.80031407	17.4853
10.77785969	17.5859
10.75549848	17.7216
10.73322986	17.8808
10.71106474	18.0007
10.68897956	18.1201
10.66698525	18.2695
10.64508128	18.3989
10.62326708	18.5334
10.6015421	18.7058
10.5799058	18.8847
10.55835763	19.0551
10.53689705	19.2282
10.51552354	19.4113
10.49423657	19.6005
10.4730356	19.7978
10.45192012	20.0214
10.43088962	20.2368
10.40994358	20.4536
10.38908149	20.7031
10.36830285	20.9702
10.34760717	21.2346
10.32699394	21.5244
10.30646267	21.8456
10.28601287	22.1518
10.26564407	22.475
10.24535578	22.8246
10.22514752	23.1606
10.20502924	23.4824
10.1849796	23.843
10.16500858	24.2006
10.14511574	24.5358
10.12530059	24.8854
10.10556271	25.2294
10.08590162	25.5339
10.0663169	25.8727
10.04680808	26.2521
10.02737473	26.623
10.00801642	27.0129
9.98873271	27.4621
9.969523168	27.9323
9.950387369	28.3835
9.931324888	28.873
9.912335307	29.3998
9.893427994	29.8705
9.874582922	30.3151
9.855809507	30.7778
9.83710734	31.1557
9.818476015	31.4965
9.799915133	31.8622
9.781424293	32.2062
9.7630031	32.5522
9.744651161	32.9743
9.726368087	33.4435
9.70815349	33.9518
9.690006986	34.557
9.671928196	35.2665
9.653916739	35.987
9.635972241	36.7167
9.618094328	37.5048
9.600282632	38.2377
9.582536785	38.9135
9.564856422	39.6386
9.547241181	40.3964
9.529690704	41.0956
9.512204634	41.8109
9.494782617	42.5302
9.477424301	43.0468
9.460138288	43.2741
9.4429063	43.1188
9.425736975	42.3649
9.408629972	40.9997
9.391584952	39.31
9.374601579	37.6225
9.35767952	36.1774
9.340818443	35.1364
9.324018018	34.4106
9.307277919	33.8105
9.290597822	33.3454
9.273977405	33.0092
9.257416348	32.7135
9.240914333	32.4511
9.224471046	32.3212
9.208086173	32.2597
9.191759404	32.2018
9.17549043	32.2362
9.159278945	32.329
9.143124645	32.4042
9.127027227	32.4887
9.110986392	32.6398
9.095001842	32.7699
9.079073281	32.8952
9.06320863	33.1022
9.04739114	33.3461
9.031628764	33.5609
9.015921215	33.8112
9.000268208	34.0888
8.984669459	34.3048
8.969124685	34.4862
8.953633608	34.705
8.93819595	34.8681
8.922811435	35.0229
8.907479789	35.2929
8.89220074	35.621
8.876974017	35.9682
8.861799353	36.456
8.846676481	37.0512
8.831605135	37.6176
8.816585054	38.2016
8.801615977	38.8056
8.786697643	39.318
8.771829795	39.7445
8.757012178	40.1657
8.742244536	40.5114
8.727526619	40.7243
8.712858175	40.8878
8.69824652	41.0143
8.683676252	41.0214
8.669154714	40.995
8.654681663	41.0023
8.640256858	40.9516
8.625880055	40.8766
8.611551018	40.8534
8.597269507	40.831
8.583035287	40.7702
8.568848124	40.7601
8.554707784	40.7575
8.540614036	40.6842
8.52656665	40.6151
8.512565398	40.5963
8.498610052	40.5155
8.484700388	40.4064
8.470836182	40.3419
8.45701721	40.2443
8.443243252	40.0878
8.429514089	39.9674
8.415829502	39.8358
8.402189274	39.6103
8.388593191	39.3541
8.375041038	39.0827
8.361539594	38.692
8.348074642	38.1994
8.334652987	37.6698
8.32127442	37.0092
8.307938734	36.1991
8.294645723	35.3466
8.281395183	34.4281
8.268186911	33.3935
8.255020704	32.3117
8.241896361	31.207
8.228813685	30.0243
8.215772476	28.7956
8.202772537	27.581
8.189813674	26.3268
8.176895691	25.0373
8.164018395	23.7778
8.151188239	22.5427
8.138391724	21.3095
8.125635323	20.1103
8.11291885	18.9709
8.100242116	17.8623
8.087604937	16.8081
8.075007126	15.8278
8.062448501	14.8969
8.049928879	14.0068
8.037448078	13.1516
8.025005918	12.3108
8.012602221	11.4587
8.000236807	10.6172
7.9879095	9.7871
7.975620124	8.9529
7.963368505	8.1291
7.951154468	7.3281
7.938977841	6.5488
7.926838452	5.8186
7.914736131	5.1555
7.902670708	4.5598
7.890642014	4.0456
7.878649883	3.6355
7.866694148	3.3325
7.854780812	3.1186
7.842897355	2.9822
7.831049799	2.9321
7.819237984	2.9358
7.807461747	2.9726
7.795720929	3.0386
7.784015369	3.125
7.772344909	3.206
7.760709391	3.2998
7.749108659	3.4033
7.737542556	3.5122
7.726010929	3.6118
7.714513623	3.7134
7.703050485	3.8152
7.691621363	3.9153
7.680226106	4.011
7.668864563	4.1111
7.657536586	4.2085
7.646242025	4.2956
7.634980733	4.3796
7.623752563	4.4626
7.61255737	4.5459
7.601395008	4.637
7.590265333	4.7202
7.579173946	4.7937
7.568109199	4.8689
7.557076711	4.9485
7.546076342	5.0188
7.535107952	5.0852
7.524171401	5.1538
7.51326655	5.2148
7.502393263	5.2825
7.491551403	5.3479
7.480740833	5.4016
7.469961418	5.4585
7.459213023	5.5283
7.448495516	5.5908
7.437808762	5.646
7.42715263	5.7031
7.416526989	5.7554
7.405931707	5.8047
7.395366655	5.8513
7.384831703	5.9021
7.374326724	5.9485
7.363851589	5.9958
7.353406171	6.0434
7.342990345	6.0879
7.332603984	6.1267
7.322252325	6.1772
7.311924506	6.2283
7.30162578	6.2695
7.291356025	6.3076
7.281115117	6.3454
7.270902937	6.385
7.260719363	6.4253
7.250564275	6.4543
7.240437554	6.4878
7.230339081	6.5307
7.220268738	6.5676
7.210226408	6.5879
7.200211974	6.6267
7.19022532	6.6699
7.18026633	6.7031
7.17033489	6.7341
7.160436013	6.7793
7.150559317	6.8144
7.140709829	6.8569
7.130887439	6.8938
7.121092034	6.9177
7.111323503	6.9609
7.101581735	6.9929
7.091866622	7.021
7.082178053	7.0517
7.07251592	7.0776
7.062880115	7.0998
7.053270531	7.1098
7.04368706	7.1335
7.034129597	7.1904
7.024598035	7.2182
7.01509227	7.2414
7.005612196	7.2656
6.99615771	7.2915
6.986728709	7.3266
6.977325089	7.3501
6.967946748	7.3454
6.958593585	7.3586
6.949265497	7.4138
6.939962385	7.4394
6.930688952	7.4534
6.921435478	7.4736
6.912206681	7.4946
6.903002461	7.5166
6.893822721	7.5486
6.884667364	7.573
6.875536292	7.5742
6.866429409	7.5439
6.857346618	7.5688
6.848287825	7.6333
6.839252935	7.6599
6.830241852	7.6555
6.821254483	7.6687
6.812290735	7.7016
6.803350514	7.7051
6.794433728	7.6784
6.785540285	7.6772
6.776670093	7.7153
6.767823062	7.7524
6.7589991	7.7746
6.750198118	7.7895
6.741420026	7.8076
6.732664735	7.81
6.723932156	7.8181
6.715226709	7.8218
6.706539278	7.8315
6.697874296	7.8669
6.689231675	7.8757
6.680611329	7.8718
6.672013173	7.8982
6.663437121	7.9284
6.654883087	7.9531
6.646350987	7.9277
6.637840737	7.8918
6.629352253	7.9421
6.620885451	8.0022
6.612440248	8.0263
6.604016563	8.0478
6.595614312	8.0476
6.587233415	8.0456
6.578873789	8.0312
6.570535354	8.0222
6.56221803	8.0705
6.553921736	8.1045
6.545646392	8.1333
6.537391921	8.1596
6.529158241	8.1518
6.520945276	8.1445
6.512757189	8.1748
6.504585407	8.1643
6.496434107	8.1067
6.488303211	8.1189
6.480192643	8.1697
6.472102327	8.2075
6.464032186	8.2446
6.455982145	8.2551
6.44795213	8.2666
6.439942066	8.2746
6.431951879	8.2671
6.423981494	8.2456
6.416030838	8.1867
6.408099838	8.218
6.400188422	8.3125
6.392296516	8.3449
6.384424048	8.3579
6.376570948	8.3567
6.368737143	8.3489
6.360922563	8.374
6.353127136	8.3703
6.345350793	8.3293
6.337593464	8.3679
6.329855078	8.4187
6.322139564	8.4321
6.314438848	8.4526
6.30675687	8.4648
6.29909356	8.4726
6.291448851	8.4756
6.283822676	8.4824
6.276214965	8.4949
6.268625654	8.4985
6.261054675	8.5049
6.253501961	8.5217
6.245967447	8.5354
6.238451067	8.5544
6.230952756	8.5652
6.223472449	8.5744
6.21601008	8.5837
6.208565585	8.5949
6.201142747	8.6006
6.1937338	8.5937
6.186342535	8.561
6.178968891	8.5796
6.171612803	8.623
6.164274209	8.6321
6.156953047	8.6421
6.149649255	8.6562
6.14236277	8.6589
6.135093533	8.6743
6.12784148	8.6882
6.120606552	8.6633
6.113388688	8.6369
6.106187828	8.6802
6.099003911	8.7187
6.091836878	8.7344
6.084686669	8.7363
6.077553226	8.7016
6.070436489	8.7063
6.063336399	8.7478
6.056252899	8.7029
6.049185931	8.6206
6.042135436	8.6948
6.035101357	8.7781
6.02808727	8.79
6.021085843	8.7859
6.01410066	8.7803
6.007131667	8.7988
6.000178805	8.8074
5.99324202	8.79
5.986321256	8.7944
5.979416457	8.8137
5.972527568	8.8056
5.965654534	8.8161
5.9587973	8.8459
5.951955813	8.8413
5.945130017	8.8208
5.938319859	8.7563
5.931525286	8.7849
5.924746243	8.8608
5.917982678	8.8738
5.911234538	8.8777
5.904501769	8.872
5.89778432	8.8222
5.891082139	8.8335
5.884395172	8.8159
5.87772337	8.8288
5.871066679	8.8999
5.864428488	8.8982
5.85780186	8.9101
5.851190191	8.9211
5.84459343	8.9172
5.838011527	8.9028
5.831444431	8.8767
5.824892094	8.8264
5.818354465	8.8371
5.811831494	8.9074
5.805323133	8.936
5.798829332	8.9448
5.792350043	8.9792
5.785885217	9.0124
5.779434806	9.0371
5.772998761	9.0346
5.766577035	9.0256
5.760169579	9.0947
5.753776347	9.1465
5.747397291	9.1548
5.741032364	9.1845
5.734681519	9.1914
5.728344709	9.1865
5.722021888	9.165
5.715713009	9.1228
5.709421287	9.0937
5.703140149	9.1011
5.696872816	9.0771
5.690619242	9.0544
5.684379382	9.0527
5.678153192	9.0371
5.671940626	9.0293
5.66574164	9.0439
5.659556189	9.0451
5.653384229	9.0388
5.647225716	9.0278
5.641080605	9.0068
5.634948854	9.0266
5.628830419	9.0566
5.622725256	9.0649
5.616633323	9.0532
5.610557723	9.0561
5.604492113	9.0627
5.598439603	9.0718
5.592400152	9.0786
5.586373717	9.0698
5.580360257	9.0539
5.574359729	9.0608
5.568372092	9.0835
5.562397304	9.0925
5.556435324	9.0881
5.550486112	9.0837
5.544549625	9.0986
5.538625823	9.1133
5.532714665	9.1108
5.526816112	9.1089
5.520930122	9.1106
5.515056656	9.1133
5.509195674	9.1213
5.503347136	9.1208
5.497511002	9.1262
5.491687233	9.1269
5.48587579	9.1286
5.480076633	9.1242
5.474289725	9.1291
5.468518015	9.1269
5.462755479	9.1277
5.457005076	9.1457
5.451266765	9.1509
5.445540511	9.1548
5.439826274	9.1599
5.434124016	9.166
5.428433701	9.1601
5.422755291	9.143
5.417088748	9.1574
5.411434035	9.1755
5.405791116	9.1841
5.400159953	9.1892
5.394540509	9.1885
5.388932749	9.1936
5.383336635	9.1936
5.377752132	9.1928
5.372179203	9.2038
5.366617813	9.2077
5.361067925	9.2107
5.355529504	9.2007
5.350002515	9.1933
5.344486921	9.2085
5.338982689	9.2219
5.333492627	9.2304
5.328011006	9.2314
5.32254064	9.2307
5.317081497	9.2287
5.31163354	9.2319
5.306196736	9.2358
5.30077105	9.2453
5.295356449	9.2544
5.289952898	9.2488
5.284560364	9.2573
5.279178813	9.2741
5.273808212	9.282
5.268448526	9.2783
5.263099724	9.2761
5.257761771	9.279
5.252434635	9.281
5.247118283	9.291
5.241812682	9.2988
5.236517799	9.3047
5.231233603	9.3105
5.225960061	9.3091
5.220697141	9.3069
5.21544481	9.3015
5.210203036	9.3042
5.204974498	9.3076
5.19975374	9.3117
5.194543444	9.3261
5.189343579	9.3344
5.184154115	9.3381
5.178975019	9.3467
5.173806261	9.3491
5.168647809	9.3523
5.163499634	9.3613
5.158361704	9.362
5.153233989	9.3603
5.148116459	9.3655
5.143009082	9.3723
5.137911829	9.3745
5.13282467	9.3674
5.127747575	9.3691
5.122680514	9.3799
5.117623458	9.3757
5.112576376	9.3762
5.107539239	9.3843
5.102512018	9.3921
5.097494683	9.3906
5.092487206	9.3852
5.087489558	9.3882
5.082504292	9.3923
5.077526209	9.4006
5.072557868	9.4067
5.06759924	9.405
5.062650297	9.4089
5.057711011	9.4126
5.052781354	9.4089
5.047861297	9.4079
5.042950812	9.4148
5.038049872	9.4204
5.033158448	9.4121
5.028276513	9.4182
5.023404039	9.4245
5.018541	9.4189
5.013687367	9.4197
5.008843113	9.4236
5.004010715	9.4221
4.999185133	9.4219
4.994368849	9.4267
4.989561837	9.4306
4.984764069	9.4345
4.979975518	9.4304
4.97519616	9.4294
4.970425966	9.4372
4.96566491	9.4402
4.960912967	9.437
4.95617011	9.4348
4.951436313	9.437
4.94671155	9.4441
4.941995795	9.4514
4.937289023	9.4482
4.932591209	9.4485
4.927902325	9.4482
4.923222347	9.4487
4.918551251	9.4433
4.913889009	9.446
4.909235598	9.4494
4.904590991	9.4419
4.899955165	9.446
4.895328095	9.4538
4.890712146	9.4497
4.886102507	9.4511
4.88150155	9.4551
4.876909249	9.4577
4.87232558	9.4631
4.86775052	9.4653
4.863184043	9.4653
4.858626126	9.4668
4.854076745	9.4551
4.849535875	9.4504
4.845003493	9.4511
4.840479575	9.4594
4.835964098	9.4634
4.831457037	9.459
4.826958369	9.4565
4.822468072	9.4612
4.81798612	9.4587
4.813512492	9.4526
4.809047164	9.4594
4.804590113	9.4643
4.800141316	9.4634
4.79570075	9.4619
4.791268392	9.4516
4.78684422	9.4599
4.782430498	9.4692
4.778022625	9.4653
4.773622869	9.4697
4.769231209	9.476
4.764847623	9.4765
4.760472086	9.4726
4.756104579	9.466
4.751745078	9.4778
4.747393562	9.4819
4.743050009	9.4775
4.738714396	9.4719
4.734386703	9.4712
4.730066907	9.4802
4.725754987	9.4844
4.721450921	9.4765
4.717154688	9.4739
4.712866266	9.4782
4.708585635	9.4822
4.704312773	9.4919
4.700047658	9.4878
4.695790271	9.49
4.691540589	9.4992
4.687298593	9.5102
4.68306426	9.5083
4.67883976	9.5071
4.67462069	9.5058
4.670409221	9.499
4.666205334	9.497
4.662009009	9.5034
4.657820224	9.5105
4.65363896	9.519
4.649465195	9.5251
4.645298911	9.5234
4.641140087	9.5173
4.636988702	9.5234
4.632844738	9.5219
4.628708174	9.5215
4.62457899	9.5281
4.620457167	9.5298
4.616342684	9.5244
4.612235523	9.5293
4.608135664	9.5385
4.604043086	9.5388
4.599957772	9.5385
4.595879702	9.541
4.591808856	9.5366
4.587745215	9.54
4.58368876	9.552
4.57964157	9.5586
4.575599426	9.5537
4.571564412	9.5547
4.567536508	9.5559
4.563515696	9.5537
4.559501956	9.5564
4.555495271	9.5615
4.551495621	9.5649
4.547502989	9.5652
4.543517355	9.5686
4.539538701	9.5674
4.535567009	9.5639
4.531602261	9.57
4.527644439	9.5783
4.523693523	9.5698
4.519749497	9.5686
4.515814382	9.5749
4.511884077	9.5637
4.507960608	9.5613
4.504043956	9.5705
4.500134104	9.573
4.496231034	9.5786
4.492334729	9.5888
4.488445171	9.5918
4.484562343	9.5901
4.480686226	9.594
4.476816804	9.5984
4.47295406	9.5986
4.469097975	9.5954
4.465248534	9.5986
4.461405718	9.5913
4.45756951	9.5852
4.453739894	9.5957
4.449916853	9.6079
4.44610037	9.6079
4.442290427	9.6042
4.438487009	9.6042
4.434690097	9.6106
4.430899676	9.6172
4.42711573	9.6103
4.423340197	9.6089
4.419569145	9.6054
4.415804518	9.6045
4.412046298	9.6115
4.408294471	9.6118
4.404549018	9.6098
4.400809925	9.6228
4.397077175	9.6216
4.393350752	9.614
4.389630639	9.6167
4.385916821	9.6296
4.382209282	9.622
4.378508006	9.6218
4.374812977	9.633
4.371124179	9.6377
4.367441596	9.6257
4.363765214	9.624
4.360095015	9.6306
4.356430985	9.6323
4.352773108	9.6299
4.349121369	9.6347
4.345475751	9.6364
4.341836241	9.6325
4.338202821	9.6306
4.334577357	9.6303
4.330956072	9.6289
4.327340832	9.6318
4.323731623	9.6421
4.320128429	9.6433
4.316531235	9.6391
4.312940028	9.6428
4.30935479	9.6426
4.305775509	9.6474
4.302202168	9.6533
4.298634754	9.6562
4.29507325	9.6574
4.291517644	9.6548
4.287967919	9.6484
4.284424062	9.6452
4.280886058	9.6494
4.277353892	9.6567
4.27382755	9.6562
4.270307018	9.6572
4.266792281	9.6594
4.263283325	9.667
4.259780136	9.6745
4.256282699	9.6699
4.252791	9.6582
4.249306832	9.6548
4.245826565	9.6699
4.242351994	9.6758
4.238883105	9.6655
4.235419885	9.6616
4.231962319	9.6677
4.228510393	9.6714
4.225064094	9.6655
4.221623408	9.6621
4.218188322	9.6679
4.214758821	9.6797
4.211334892	9.6743
4.207916522	9.6692
4.204503696	9.6709
4.201096402	9.6723
4.197694626	9.6738
4.194300114	9.6723
4.190909331	9.666
4.187524026	9.6753
4.184144186	9.6797
4.180769797	9.6723
4.177400846	9.6777
4.174037321	9.6882
4.170679208	9.6919
4.167326493	9.6924
4.163979165	9.6953
4.16063721	9.6933
4.157300615	9.6926
4.153969367	9.6953
4.150643454	9.706
4.147322862	9.7007
4.144007579	9.6914
4.140697592	9.6982
4.137392888	9.697
4.134093455	9.6889
4.130799281	9.6887
4.127510352	9.6965
4.124226656	9.7036
4.120948181	9.7043
4.117674914	9.7075
4.114408535	9.7011
4.111145645	9.6997
4.107887925	9.7055
4.104635365	9.7212
4.101387951	9.7241
4.098145671	9.7221
4.094908514	9.7187
4.091676466	9.7187
4.088449517	9.7226
4.085227653	9.7309
4.082010864	9.7295
4.078799136	9.727
4.075592459	9.7231
4.072390819	9.7182
4.069194206	9.7251
4.066002607	9.729
4.062816011	9.7312
4.059634406	9.7265
4.056457779	9.7334
4.053286121	9.7373
4.050119418	9.7275
4.046957659	9.7239
4.043800833	9.7314
4.040648928	9.7344
4.037503563	9.7309
4.034361463	9.7319
4.031224251	9.737
4.028091913	9.738
4.024964439	9.7407
4.021841819	9.747
4.018724039	9.7517
4.01561109	9.7505
4.012502959	9.7431
4.009399637	9.747
4.00630111	9.7588
4.00320737	9.7527
4.000118404	9.7412
3.997034201	9.748
3.99395475	9.75
3.990880041	9.7446
3.987810062	9.7551
3.984744803	9.7639
3.981684252	9.7583
3.9786284	9.7529
3.975577234	9.7475
3.972530744	9.75
3.96948892	9.7595
3.966451751	9.7524
3.963420797	9.75
3.960392903	9.751
3.957369631	9.7519
3.954350972	9.7539
3.951336915	9.7549
3.948327449	9.7497
3.945322564	9.7456
3.942322249	9.747
3.939326493	9.7409
3.936335288	9.7519
3.933348621	9.7702
3.930366483	9.7719
3.927388864	9.7571
3.924415753	9.7588
3.921447139	9.7715
3.918483014	9.7715
3.915523366	9.7724
3.912568186	9.7754
3.909617463	9.7778
3.906671188	9.7749
3.90372935	9.7715
3.900791939	9.7793
3.897858945	9.7754
3.894930359	9.7763
3.892007684	9.7851
3.889087881	9.7842
3.886172454	9.7754
3.883261396	9.781
3.880354695	9.7842
3.877452343	9.7827
3.874554329	9.7864
3.871660644	9.7903
3.868771278	9.7861
3.865886222	9.7834
3.863005465	9.7859
3.860128998	9.7876
3.857256812	9.7881
3.854388896	9.7832
3.851525243	9.7871
3.848665841	9.7832
3.845812161	9.7832
3.842961232	9.7949
3.840114528	9.7944
3.837272037	9.7885
3.834433752	9.7934
3.831599662	9.7954
3.828769759	9.789
3.825944033	9.7885
3.823122474	9.7998
3.820305074	9.8017
3.817491824	9.8012
3.814682714	9.8003
3.811877735	9.8061
3.809076878	9.8186
3.806280134	9.8203
3.803487494	9.8032
3.800698949	9.8022
3.797914489	9.8115
3.795134107	9.8139
3.792357792	9.812
3.789585537	9.8166
3.786817332	9.8169
3.784053167	9.813
3.781293036	9.8135
3.778538356	9.8169
3.77578626	9.8232
3.773038171	9.8232
3.770294079	9.811
3.767553976	9.8071
3.764817852	9.8164
3.7620857	9.8232
3.759357511	9.8218
3.756633275	9.8159
3.753912985	9.8154
3.751196632	9.8186
3.748484207	9.8183
3.745775701	9.8178
3.743071107	9.8213
3.740370416	9.8203
3.73767362	9.8305
3.734980709	9.8408
3.732291676	9.8369
3.729606512	9.8252
3.726925208	9.8249
3.724247758	9.832
3.721574151	9.8276
3.718904381	9.8349
3.716238438	9.8408
3.713577694	9.8423
3.71091938	9.8364
3.708264869	9.8242
3.705614154	9.8257
3.702967225	9.831
3.700324074	9.8325
3.697684695	9.8242
3.695049078	9.8227
3.692417215	9.8301
3.689789099	9.833
3.687164722	9.8266
3.684544075	9.8305
3.68192715	9.8418
3.67931394	9.8403
3.676704437	9.834
3.674098633	9.8403
3.67149652	9.8413
3.66889809	9.8291
3.666303336	9.8225
3.663712249	9.8467
3.661124822	9.852
3.658541047	9.8388
3.655960916	9.8266
3.653384422	9.823
3.65081289	9.8252
3.648243644	9.831
3.645678012	9.8281
3.643115986	9.8237
3.640557559	9.8305
3.638002722	9.8388
3.635451469	9.833
3.632903791	9.8266
3.630359682	9.8325
3.627819133	9.8442
3.625282138	9.8423
3.622748688	9.8374
3.620218777	9.8388
3.617692397	9.8398
3.615169541	9.8359
3.6126502	9.8349
3.610135673	9.8354
3.607623341	9.8344
3.605114504	9.8271
3.602609154	9.8305
3.600107283	9.8325
3.597608885	9.8247
3.595113953	9.8315
3.592622478	9.834
3.590134454	9.8413
3.587649874	9.8476
3.585168731	9.8452
3.582691017	9.8408
3.580216725	9.8437
3.577745848	9.8574
3.57527838	9.8559
3.572814313	9.8515
3.57035364	9.8462
3.567896354	9.8462
3.565442448	9.8535
3.562991916	9.8584
3.560544749	9.8559
3.558100942	9.8623
3.555660487	9.8603
3.553223378	9.855
3.550790868	9.8479
3.548360427	9.8491
3.545933311	9.853
3.543509513	9.8598
3.541089027	9.855
3.538671844	9.8447
3.53625796	9.8525
3.533847367	9.8672
3.531440058	9.8681
3.529036026	9.8784
3.526635266	9.896
3.524237769	9.9072
3.52184353	9.9209
3.519452542	9.9424
3.517064798	9.9624
3.514680292	9.9795
3.512299017	10.0129
3.509920967	10.0451
3.507546135	10.0554
3.505174514	10.0549
3.502806098	10.0288
3.500440881	9.9978
3.498078855	9.9743
3.495720015	9.9555
3.493365575	9.947
3.491013085	9.9382
3.488663762	9.925
3.486317598	9.917
3.483974588	9.9231
3.481634725	9.9287
3.479298003	9.9201
3.476964415	9.9153
3.474633956	9.9192
3.472306619	9.9267
3.469982397	9.9345
3.467661284	9.9341
3.465343275	9.9431
3.463028363	9.9582
3.460716541	9.9721
3.458407804	9.9792
3.456102146	9.9775
3.453799559	9.9768
3.451500039	9.9897
3.449203579	10.0114
3.446910172	10.0224
3.444619814	10.0239
3.442332497	10.0317
3.440048216	10.0444
3.437768146	10.0708
3.435489916	10.0913
3.433214704	10.1203
3.430942504	10.1672
3.428673309	10.2041
3.426407114	10.2248
3.424143913	10.2461
3.421883699	10.2558
3.419626467	10.2385
3.417372212	10.2119
3.415120926	10.1826
3.412872605	10.1445
3.410627242	10.1196
3.408384831	10.0906
3.406145367	10.051
3.403908845	10.008
3.401675257	9.9814
3.399444599	9.9704
3.397216864	9.9558
3.394992047	9.9424
3.392770143	9.9399
3.390551144	9.9494
3.388335047	9.9468
3.386121844	9.9367
3.383912676	9.9414
3.381705245	9.9609
3.379500692	9.9731
3.377299012	9.9668
3.375100198	9.9782
3.372904246	9.9885
3.370711149	9.9724
3.368520903	9.948
3.366333501	9.9345
3.364148938	9.9272
3.361967208	9.9211
3.359788306	9.9121
3.357612227	9.8938
3.355438965	9.8838
3.353268515	9.8803
3.35110087	9.8818
3.348937148	9.8769
3.346775098	9.8684
3.344615837	9.8674
3.342459362	9.8637
3.340305665	9.8628
3.338154741	9.8667
3.336006587	9.8628
3.333861195	9.8625
3.33171856	9.8603
3.329578678	9.8496
3.327441544	9.8418
3.32530715	9.8445
3.323175494	9.8503
3.321046568	9.8462
3.318920368	9.8332
3.31679689	9.8332
3.314676126	9.844
3.312558073	9.8388
3.310442725	9.8364
3.308330077	9.8357
3.306220124	9.832
3.304112861	9.8371
3.302008281	9.8342
3.299906382	9.8235
3.297808244	9.8244
3.295711686	9.8266
3.293617792	9.8291
3.291526557	9.8315
3.289437976	9.8349
3.287352045	9.8366
3.285268756	9.8247
3.283188107	9.8086
3.281110091	9.8127
3.279034705	9.8242
3.276961942	9.8266
3.274891798	9.8196
3.272824267	9.8081
3.270759346	9.803
3.268697029	9.8061
3.26663731	9.7981
3.264580186	9.8012
3.262525652	9.8215
3.260473701	9.8203
3.25842433	9.801
3.256377534	9.7961
3.254333308	9.7978
3.252291646	9.8056
3.250252545	9.8032
3.248217054	9.7922
3.246183057	9.7939
3.244151606	9.8017
3.242122696	9.8049
3.240096322	9.7915
3.238072479	9.7876
3.236051163	9.7954
3.234032369	9.7988
3.232016093	9.7959
3.230002329	9.7885
3.227991073	9.7942
3.22598232	9.7968
3.223976065	9.7944
3.221972305	9.7846
3.219971033	9.7827
3.217972246	9.7876
3.215975939	9.7929
3.213982108	9.7846
3.211990747	9.7864
3.210001852	9.7917
3.208015419	9.792
3.206031443	9.7932
3.204049919	9.7824
3.202070843	9.7744
3.200095235	9.7798
3.19812104	9.7788
3.196149279	9.7759
3.194179949	9.7776
3.192213043	9.7776
3.190248559	9.7912
3.18828649	9.7961
3.186326834	9.7783
3.184369586	9.7783
3.18241474	9.7915
3.180462293	9.7925
3.17851224	9.7939
3.176564577	9.7947
3.1746193	9.7815
3.172676403	9.7834
3.170735883	9.7864
3.168797736	9.7817
3.166861956	9.7749
3.164928541	9.7876
3.162997484	9.7998
3.161068783	9.7893
3.159142432	9.7864
3.157218427	9.7932
3.155296765	9.7944
3.153378435	9.7876
3.151461443	9.771
3.14954678	9.7685
3.147634443	9.7734
3.145724426	9.7715
3.143816726	9.7717
3.141911338	9.7783
3.140008258	9.7866
3.138107483	9.7795
3.136209007	9.7695
3.134312827	9.7695
3.132418938	9.7827
3.130527337	9.7783
3.128638019	9.7661
3.126750981	9.7815
3.124866217	9.7834
3.122984699	9.7727
3.121104471	9.7636
3.119226507	9.7578
3.1173508	9.7793
3.115477349	9.7685
3.113606148	9.7622
3.111737193	9.7795
3.10987048	9.7802
3.108006006	9.7737
3.106143766	9.7705
3.104283756	9.7651
3.102425973	9.7763
3.100570412	9.7851
3.098717069	9.7744
3.096865941	9.7715
3.095017023	9.7824
3.093170311	9.7646
3.091325802	9.7678
3.089483491	9.7856
3.087643375	9.7734
3.085805449	9.7754
3.08396971	9.7817
3.082136155	9.7895
3.080304778	9.7934
3.078476524	9.7866
3.076649492	9.7724
3.074824627	9.7707
3.073001926	9.7778
3.071181385	9.7785
3.069363	9.7651
3.067546766	9.7588
3.065732681	9.7676
3.06392074	9.7715
3.06211094	9.7617
3.060303276	9.7571
3.058497745	9.7649
3.056694344	9.7766
3.054893068	9.7756
3.053093914	9.7719
3.051296877	9.7763
3.049501955	9.7778
3.047709144	9.7776
3.045918439	9.7705
3.044129837	9.7671
3.042343335	9.7734
3.040558928	9.7671
3.038776613	9.768
3.036996386	9.7759
3.035219166	9.7788
3.033443104	9.7832
3.031669119	9.7903
3.029897208	9.7802
3.028127367	9.7737
3.026359592	9.7756
3.02459388	9.7763
3.022830228	9.7795
3.021068631	9.7641
3.019309085	9.7578
3.017551589	9.7719
3.015796137	9.7739
3.014042726	9.7632
3.012291354	9.7483
3.010542015	9.7431
3.008794707	9.7463
3.007049426	9.7307
3.005306169	9.7265
3.003564931	9.7258
3.00182571	9.7412
3.000088503	9.7473
2.998353304	9.7402
2.996620112	9.7412
2.994888923	9.75
2.993160628	9.7529
2.991433432	9.7558
2.989708228	9.7444
2.987985013	9.7483
2.986263784	9.7593
2.984544536	9.751
2.982827267	9.749
2.981111973	9.7622
2.97939865	9.7649
2.977687296	9.76
2.975977906	9.7502
2.974270478	9.7385
2.972565009	9.7424
2.970861493	9.7278
2.96915993	9.7209
2.967460314	9.729
2.965763522	9.7307
2.964067792	9.719
2.962373999	9.7231
2.960682141	9.7265
2.958992215	9.7231
2.957304216	9.717
2.955618142	9.7143
2.95393399	9.716
2.952251756	9.7209
2.950571437	9.7307
2.94889303	9.7304
2.947216531	9.7099
2.945541937	9.7065
2.943869245	9.7187
2.942198452	9.6916
2.940529554	9.6719
2.938862549	9.6889
2.937197432	9.6977
2.935534201	9.6797
2.933872853	9.6633
2.932213384	9.675
2.930555792	9.6711
2.928900072	9.6679
2.927246222	9.675
2.925595095	9.6845
2.923944975	9.6916
2.922296715	9.6875
2.920650312	9.6682
2.919005763	9.666
2.917363066	9.6679
2.915722216	9.6772
2.91408321	9.678
2.912446047	9.6711
2.910810722	9.6721
2.909177232	9.6633
2.907545575	9.6543
2.905915747	9.6643
2.904287745	9.6758
2.902661566	9.6728
2.901037208	9.6692
2.899414666	9.6699
2.897793938	9.6777
2.896175022	9.675
2.894557913	9.6653
2.892942609	9.6582
2.891329106	9.6545
2.889717403	9.6545
2.888107495	9.6621
2.886500214	9.6574
2.884893888	9.6582
2.883289349	9.6584
2.881686594	9.6499
2.880085619	9.6448
2.878486423	9.6377
2.876889001	9.6308
2.875293352	9.6311
2.873699471	9.6435
2.872107357	9.6562
2.870517006	9.6389
2.868928415	9.623
2.867341582	9.634
2.865756502	9.6487
2.864173175	9.6484
2.862591596	9.6548
2.861011762	9.6467
2.859433672	9.6386
2.857857321	9.6506
2.856282708	9.6465
2.854709829	9.6299
2.853138681	9.6181
2.851569261	9.6311
2.850001568	9.636
2.848436408	9.6372
2.846872156	9.6428
2.845309621	9.6582
2.8437488	9.6572
2.842189691	9.6406
2.840632291	9.6321
2.839076596	9.6279
2.837522604	9.6262
2.835970313	9.6328
2.834419719	9.6279
2.83287082	9.6281
2.831323613	9.6181
2.829778094	9.6123
2.828234263	9.6057
2.826692114	9.6096
2.825151647	9.6025
2.823612858	9.6123
2.822075744	9.6213
2.820540303	9.6123
2.819006531	9.5998
2.817474427	9.591
2.815943987	9.6074
2.81441521	9.6181
2.812888091	9.6164
2.811363418	9.6133
2.809839609	9.6155
2.80831745	9.622
2.806796939	9.625
2.805278075	9.6047
2.803760853	9.5859
2.802245271	9.5947
2.800731327	9.6115
2.799219018	9.6094
2.797708341	9.6103
2.796199294	9.6084
2.794691874	9.5898
2.793186078	9.5969
2.791681905	9.6025
2.79017935	9.583
2.788678412	9.5508
2.787179865	9.5439
2.785682151	9.5556
2.784186046	9.5781
2.782691547	9.5664
2.781198652	9.5566
2.779707358	9.5625
2.778217662	9.5735
2.776729562	9.5859
2.775243056	9.5793
2.77375814	9.5635
2.772274812	9.5588
2.77079307	9.5556
2.769312911	9.5576
2.767834333	9.5835
2.766357333	9.583
2.764881908	9.5703
2.763408056	9.5527
2.761935774	9.55
2.760465061	9.5674
2.758995913	9.5801
2.757528328	9.5771
2.756062304	9.5342
2.754597837	9.5217
2.753134926	9.5547
2.751674325	9.5576
2.750214517	9.5586
2.748756257	9.5605
2.747299542	9.5776
2.74584437	9.5761
2.74439074	9.5708
2.742938647	9.5732
2.741488091	9.5547
2.740039067	9.5293
2.738591575	9.5483
2.737145611	9.5825
2.735701174	9.5659
2.73425826	9.5635
2.732816867	9.5879
2.731376994	9.6006
2.729938636	9.5859
2.728501793	9.5844
2.727066462	9.5898
2.72563264	9.5654
2.724200325	9.5327
2.722769514	9.5444
2.721340206	9.5351
2.719912397	9.5224
2.718486086	9.5693
2.717062008	9.5771
2.715638684	9.5815
2.714216851	9.5962
2.712796505	9.5879
2.711377646	9.5346
2.709960269	9.5342
2.708544374	9.5654
2.707129958	9.5805
2.705717018	9.5766
2.704305552	9.5688
2.702895558	9.563
2.701487034	9.5556
2.700079976	9.5464
2.698674384	9.563
2.697270255	9.5869
2.695867585	9.5654
2.694466374	9.5449
2.693066619	9.5508
2.691668318	9.5713
2.690271467	9.5713
2.688876066	9.5693
2.687482111	9.5766
2.686089602	9.5747
2.684698534	9.5649
2.683309626	9.5561
2.681921436	9.5727
2.680534681	9.5942
2.679149359	9.5742
2.677765469	9.5605
2.676383008	9.5595
2.675001973	9.5722
2.673622363	9.5864
2.672244175	9.5747
2.670867407	9.5063
2.669492057	9.5014
2.668118123	9.5586
2.666745602	9.5273
2.665374493	9.5029
2.664004793	9.5249
2.6626365	9.5752
2.66127032	9.5722
2.659904834	9.5586
2.658540748	9.5703
2.657178061	9.5864
2.65581677	9.5761
2.654456873	9.5718
2.653098368	9.5537
2.651741253	9.5644
2.650385525	9.5986
2.649031183	9.5923
2.647678224	9.5742
2.646326647	9.562
2.644976449	9.561
2.643627628	9.5635
2.642280182	9.5517
2.640934109	9.5566
2.639589407	9.5771
2.638246073	9.5771
2.636904106	9.5722
2.635563503	9.5669
2.634224263	9.542
2.632886383	9.5439
2.631549862	9.5395
2.630214697	9.5034
2.628881577	9.5342
2.627549117	9.5527
2.626218007	9.5263
2.624888245	9.5508
2.62355983	9.5576
2.622232758	9.5566
2.620907028	9.5093
2.619582638	9.4951
2.618259585	9.5254
2.616937869	9.5088
2.615617486	9.5058
2.614298435	9.5254
2.612980713	9.5478
2.61166432	9.5517
2.610349252	9.5361
2.609035507	9.5195
2.607723085	9.5161
2.606411982	9.4785
2.605102197	9.4712
2.603793727	9.5136
2.602486572	9.521
2.601180728	9.52
2.599876194	9.5498
2.598572968	9.5654
2.597271722	9.5278
2.595971105	9.4433
2.59467179	9.3945
2.593373774	9.457
2.592077057	9.5195
2.590781636	9.5337
2.589487509	9.5288
2.588194675	9.5161
2.58690313	9.5205
2.585612874	9.5205
2.584323905	9.4887
2.58303622	9.5049
2.581749817	9.54
2.580464695	9.5259
2.579180852	9.542
2.577898286	9.5312
2.576616995	9.52
2.575336976	9.5449
2.574058229	9.5293
2.572780751	9.5141
2.571504541	9.539
2.570229596	9.5122
2.568955915	9.5097
2.567683495	9.5312
2.566412994	9.5337
2.565143091	9.5205
2.563874445	9.5102
2.562607053	9.5088
2.561340913	9.4848
2.560076024	9.498
2.558812384	9.5337
2.55754999	9.5395
2.556288841	9.5
2.555028936	9.4966
2.553770272	9.5068
2.552512847	9.498
2.55125666	9.4961
2.550001709	9.5019
2.548747991	9.5083
2.547495506	9.4946
2.546244252	9.5005
2.544994225	9.5224
2.543745426	9.5293
2.542497852	9.5239
2.5412515	9.5219
2.54000637	9.5317
2.53876246	9.5302
2.537519767	9.5332
2.536278934	9.5224
2.535038671	9.5058
2.53379962	9.5302
2.53256178	9.5669
2.531325149	9.5508
2.530089725	9.5161
2.528855506	9.5136
2.52762249	9.5254
2.526390677	9.5068
2.525160064	9.501
2.523930648	9.5141
2.52270243	9.5273
2.521475406	9.5146
2.520249575	9.5122
2.519024936	9.5298
2.517801486	9.5219
2.516579857	9.5234
2.515358781	9.5254
2.514138889	9.5322
2.512920179	9.5395
2.511702651	9.5351
2.510486301	9.5498
2.50927113	9.5571
2.508057134	9.5454
2.506844312	9.5488
2.505632662	9.5361
2.504422183	9.5429
2.503212874	9.5532
2.502004731	9.5244
2.500797754	9.5239
2.499591942	9.5576
2.498387291	9.5727
2.497183801	9.5591
2.49598147	9.5205
2.494780296	9.5166
2.493580278	9.5429
2.492381413	9.5493
2.491183701	9.5337
2.489987139	9.5298
2.488791726	9.5283
2.48759808	9.5337
2.486404959	9.5263
2.485212983	9.5298
2.484022149	9.5664
2.482832455	9.5801
2.4816439	9.5532
2.480456483	9.5537
2.479270202	9.5644
2.478085055	9.5605
2.47690104	9.5576
2.475718156	9.5508
2.474536402	9.5625
2.473355775	9.5547
2.472176274	9.5434
2.470997898	9.5337
2.469820644	9.5332
2.468644512	9.5259
2.467469499	9.5127
2.466295604	9.5097
2.465122826	9.5215
2.463951163	9.5141
2.462780612	9.5088
2.461611174	9.5205
2.460442845	9.5312
2.45927623	9.5332
2.458110116	9.5547
2.456945108	9.5527
2.455781204	9.5703
2.454618401	9.5644
2.4534567	9.5625
2.452296097	9.5605
2.451136592	9.5625
2.449978183	9.5669
2.448820868	9.5293
2.447664646	9.5259
2.446509516	9.5527
2.445355475	9.5298
2.444202523	9.5068
2.443050657	9.5259
2.441899876	9.539
2.440750179	9.5473
2.439601564	9.5532
2.43845403	9.5415
2.437307575	9.5527
2.436162197	9.5547
2.435017895	9.561
2.433874668	9.541
2.432732513	9.5219
2.431592022	9.5508
2.430452008	9.5786
2.429313063	9.5898
2.428175185	9.5703
2.427038372	9.5449
2.425902624	9.5591
2.424767938	9.5527
2.423634312	9.5395
2.422501747	9.5449
2.421370239	9.5649
2.420239788	9.5742
2.419110392	9.5605
2.417982049	9.5508
2.416854758	9.5415
2.415728518	9.5571
2.414603328	9.5801
2.413479185	9.5493
2.412356088	9.5742
2.411234036	9.5942
2.410113027	9.5903
2.40899306	9.5962
2.407874134	9.6059
2.406756246	9.6137
2.405639396	9.5864
2.40452416	9.5805
2.40340938	9.5844
2.402295634	9.5683
2.401182919	9.5732
2.400071234	9.5688
2.398960578	9.5473
2.39785095	9.5625
2.396742348	9.5688
2.39563477	9.5703
2.394528216	9.5844
2.393422683	9.5923
2.392318171	9.582
2.391214677	9.5605
2.390112201	9.561
2.389010742	9.5727
2.387910297	9.5844
2.386811435	9.5805
2.385713014	9.5708
2.384615605	9.5942
2.383519204	9.6074
2.382423811	9.6094
2.381329425	9.6001
2.380236043	9.5923
2.379143665	9.602
2.37805229	9.5859
2.376961915	9.5801
2.375872539	9.5801
2.374784162	9.6157
2.373696781	9.6196
2.372610396	9.5976
2.371525004	9.5976
2.370440606	9.625
2.369357198	9.6211
2.368274781	9.6001
2.367193351	9.6133
2.366112909	9.604
2.365033453	9.5918
2.363954982	9.5996
2.362877493	9.625
2.361800987	9.6484
2.360726018	9.6216
2.35965147	9.5976
2.3585779	9.6054
2.357505307	9.6035
2.356433688	9.604
2.355363044	9.6255
2.354293372	9.6548
2.353224671	9.6489
2.35215694	9.6079
2.351090177	9.6372
2.350024382	9.6767
2.348959552	9.6582
2.347895687	9.6494
2.346832785	9.6445
2.345770845	9.6347
2.344709866	9.6328
2.343649846	9.6386
2.342590784	9.6406
2.341532678	9.667
2.340475528	9.6972
2.339419333	9.6855
2.33836409	9.666
2.337309798	9.6592
2.336256457	9.667
2.335204611	9.6767
2.334153166	9.6806
2.333102667	9.666
2.332053114	9.6611
2.331004504	9.706
2.329956838	9.7236
2.328910112	9.6963
2.327864326	9.6797
2.32681948	9.6953
2.325775571	9.7148
2.324732598	9.7099
2.32369056	9.7138
2.322649456	9.7168
2.321609284	9.6611
2.320570043	9.6621
2.319531733	9.6738
2.318494351	9.6758
2.317457897	9.6943
2.316422369	9.6904
2.315387766	9.7021
2.314354087	9.7109
2.31332133	9.6972
2.312289495	9.7041
2.31125858	9.7031
2.310229117	9.6943
2.309200038	9.7168
2.308171875	9.7383
2.307144627	9.7207
2.306118293	9.7265
2.305092872	9.748
2.304068363	9.7441
2.303044763	9.7334
2.302022073	9.7529
2.301000291	9.7617
2.299979415	9.7295
2.298959445	9.7197
2.297940379	9.7373
2.296922216	9.7226
2.295904955	9.7578
2.294888595	9.7666
2.29387366	9.749
2.292859097	9.7617
2.291845431	9.7734
2.29083266	9.7959
2.289820785	9.7763
2.288809803	9.7636
2.287799713	9.7802
2.286790515	9.7939
2.285782206	9.7646
2.284774786	9.7715
2.283768254	9.7939
2.282762608	9.7763
2.281757848	9.7568
2.280753972	9.7724
2.279750978	9.791
2.278748867	9.7881
2.277747636	9.7676
2.276747284	9.7607
2.275747811	9.751
2.274749215	9.7627
2.273751494	9.7939
2.272754649	9.8183
2.271758677	9.832
2.270763578	9.831
2.269769866	9.7968
2.268776508	9.8125
2.267784019	9.8027
2.266792398	9.7842
2.265801644	9.7988
2.264811756	9.834
2.263822732	9.8447
2.262834571	9.8222
2.261847273	9.8222
2.260860836	9.8115
2.259875259	9.8252
2.258890541	9.8603
2.257906681	9.8633
2.256923678	9.8828
2.25594153	9.8906
2.254960236	9.8554
2.253979796	9.8564
2.253000208	9.8799
2.252021471	9.8603
2.251043584	9.8574
2.250066546	9.8808
2.249090355	9.8779
2.248115012	9.8769
2.247140514	9.8769
2.246167365	9.8603
2.245194554	9.8935
2.244222586	9.8808
2.243251458	9.8564
2.242281171	9.8799
2.241311723	9.8847
2.240343113	9.8838
2.23937534	9.8916
2.238408402	9.8916
2.237442299	9.9004
2.23647703	9.9258
2.235512593	9.9433
2.234548988	9.9658
2.233586213	9.9785
2.232624267	9.9414
2.231663149	9.9218
2.230702859	9.9218
2.229743394	9.9355
2.228784755	9.9414
2.22782694	9.9609
2.226869947	9.9433
2.225913777	9.9316
2.224958427	9.9267
2.224003896	9.9297
2.223050679	9.9297
2.222097785	9.9492
2.221145707	9.9472
2.220194445	9.997
2.219243997	10.0127
2.218294362	9.9629
2.21734554	9.9345
2.21639753	9.9941
2.215450329	9.9892
2.214503938	9.9463
2.213558355	9.9316
2.212613579	9.9258
2.211669609	9.9414
2.210726445	9.9726
2.209784084	10.001
2.208842527	9.9658
2.207901771	9.9072
2.206961817	9.915
2.206022662	9.9189
2.205084307	9.8955
2.204146749	9.9619
2.203209989	10.0049
2.202274024	9.9931
2.201338854	9.9765
2.200404963	9.9463
2.199471379	9.9375
2.198538587	9.957
2.197606587	9.959
2.196675376	9.9687
2.195744954	9.9697
2.194815319	9.957
2.193886472	9.9453
2.192958411	9.9883
2.192031134	10.0312
2.191104641	10.0244
2.190178931	10.0273
2.189254003	10.0088
2.188329856	10.0176
2.187406488	10.0176
2.1864839	9.9883
2.185562567	9.9707
2.184641533	10.0039
2.183721275	10.0215
2.182801792	10.0205
2.181883083	10.0322
2.180965147	9.9961
2.180047983	9.9765
2.17913159	10.0127
2.178215967	10.0556
2.177301113	10.0781
2.176387028	10.041
2.175473709	10.0449
2.174561157	10.0947
2.17364937	10.0996
2.172738348	10.0674
2.171828089	10.0918
2.170918592	10.1035
2.170009856	10.082
2.169101881	10.084
2.168194666	10.1133
2.167288209	10.1133
2.166382509	10.1054
2.165477567	10.1347
2.16457338	10.1299
2.163670416	10.0996
2.162767737	10.082
2.161865811	10.0898
2.160964637	10.0801
2.160064214	10.0801
2.159164542	10.0674
2.158265618	10.0517
2.157367442	10.0752
2.156470014	10.0752
2.155573332	10.083
2.154677395	10.1015
2.153782203	10.0937
2.152887754	10.0869
2.151994048	10.0605
2.151101084	10.0625
2.150208861	10.0898
2.149317377	10.0918
2.148426632	10.0547
2.147536625	10.0468
2.146647355	10.0605
2.145758822	10.0556
2.144871024	10.0556
2.14398396	10.0625
2.143097629	10.122
2.14221249	10.1308
2.141327623	10.0869
2.140443487	10.1133
2.139560081	10.1338
2.138677403	10.1523
2.137795454	10.1338
2.136914232	10.1347
2.136033736	10.1377
2.135153965	10.1152
2.134274919	10.126
2.133396596	10.1269
2.132518995	10.1152
2.131642117	10.1015
2.130765959	10.0859
2.129890521	10.0664
2.129015803	10.1103
2.128141802	10.1738
2.127268519	10.1504
2.126395952	10.1347
2.125524101	10.1621
2.124652964	10.1855
2.123782542	10.1728
2.122912832	10.1426
2.122043834	10.1426
2.121175997	10.1845
2.12030842	10.2011
2.119441553	10.2109
2.118575394	10.1738
2.117709942	10.1445
2.116845198	10.1406
2.115981159	10.1572
2.115117826	10.1103
2.114255197	10.1113
2.113393271	10.166
2.112532047	10.1885
2.111671525	10.2041
2.110811704	10.251
2.109952583	10.2226
2.109094161	10.1992
2.108236437	10.1963
2.107379855	10.1885
2.106523524	10.2011
2.105667889	10.207
2.104812949	10.2148
2.103958703	10.2353
2.103105151	10.2197
2.10225229	10.1533
2.101400121	10.1689
2.100548642	10.2402
2.099697853	10.2265
2.098847754	10.1679
2.097998342	10.1806
2.097149617	10.2119
2.096301579	10.2236
2.095454226	10.1963
2.094607559	10.1875
2.093761575	10.2197
2.092916274	10.2109
2.092071655	10.1924
2.091227718	10.2187
2.090384461	10.25
2.089541885	10.2597
2.088699987	10.2715
2.087858767	10.25
2.08701866	10.2236
2.086178794	10.2265
2.085339604	10.2715
2.084501088	10.2695
2.083663247	10.2627
2.082826078	10.208
2.081989583	10.2109
2.081153758	10.1992
2.080318605	10.2041
2.079484122	10.1963
