Name: Orthoclase KAlSi3O8
Type:  Mineral
Class:  Silicates
Subclass:  Tectosilicates (Framework Silicates); (Feldspar Group)
Particle Size:  Solid (parallel to 001)
Sample No.:  orthocl.3
Owner:  JHU
Wavelength Range:  IR
Origin: Harris Farm Mica Mine, near Oliver, Goochland Co., Virginia 
via the Smithsonian (sample no. NMNH 113188)
Description: The hand sample is a single 11.97 g fragment of a single 
crystal.  It is twinned, translucent, light beige in color and appears 
very pure. Under the microscope, the sample is slightly altered to 
sericite, otherwise pure.


Measurement:  Bidirectional reflectance 
First Column:  X
Second Column:  Y  
X Units:  Wavelength (micrometers)
Y Units:  Reflectance (percent)
First X Value:  25.0442
Last X Value:  2.079
Number of X Values:  2287
Additional Information:  orthoc3a.txt

25.04420302	31.3359
24.9237955	31.873
24.80454022	32.5517
24.68642074	33.4569
24.5694209	34.4941
24.45358465	35.1151
24.3387763	35.8026
24.22504094	36.7812
24.11236361	37.8593
24.00072962	38.7812
23.89012454	39.7519
23.78053421	40.8261
23.67194472	41.704
23.56434244	42.6415
23.45771395	43.7186
23.35204611	44.6102
23.24732598	45.2206
23.14354087	45.8871
23.04067832	46.264
22.93872607	46.2811
22.83767211	46.3456
22.7375046	46.389
22.63821194	46.1845
22.53978272	45.9696
22.44220571	45.5453
22.3454699	44.6054
22.24956446	43.2211
22.15447875	41.2191
22.06020229	38.5751
21.96677306	35.518
21.87408402	32.2714
21.7821739	29.0575
21.69103293	26.498
21.60065148	24.9726
21.5110201	23.9941
21.42212949	23.227
21.33397051	22.7231
21.24653416	22.2255
21.15981159	21.4189
21.0737941	20.6621
20.98847313	20.2348
20.90384024	19.8544
20.81988716	19.3222
20.73660571	18.6352
20.65398787	17.7905
20.57202575	17.0595
20.49071156	16.6171
20.41003766	16.4472
20.3299965	16.4726
20.25058069	16.6728
20.1717829	16.9272
20.09359597	17.1879
20.01601281	17.5786
19.93906621	18.0356
19.8626695	18.3876
19.78685599	18.6279
19.71161901	18.936
19.63695203	19.2143
19.56284859	19.4111
19.48930232	19.5644
19.41630698	19.7219
19.34385639	19.9316
19.27194448	20.2648
19.20056526	20.5136
19.12971284	20.7248
19.05938141	21.1259
18.98956523	21.5732
18.92025868	21.996
18.85145618	22.583
18.78315226	23.3027
18.71534153	23.9846
18.64801865	24.8603
18.58117838	25.9623
18.51481556	26.8019
18.44892507	27.1418
18.38350191	27.0344
18.31854111	26.3095
18.25407111	24.9719
18.19002023	23.6186
18.12641726	22.5617
18.06325753	21.8078
18.00053642	21.4438
17.93824937	21.4794
17.8763919	21.6826
17.81495958	21.9162
17.75394803	22.208
17.69335296	22.5068
17.63317011	22.7372
17.57339529	23.0683
17.51402436	23.4797
17.45505324	23.8149
17.39647791	24.1877
17.3382944	24.7123
17.28049878	25.259
17.2230872	25.8227
17.16605584	26.4836
17.10940093	27.1767
17.05311876	27.9482
16.99720566	28.7914
16.94165801	29.6855
16.88647225	30.5414
16.83167317	31.3984
16.77720046	32.163
16.72307919	32.8012
16.66930597	33.3959
16.61587747	33.8683
16.56279037	34.1391
16.51004141	34.3163
16.45762737	34.3642
16.40554507	33.9335
16.35379138	33.1347
16.30236319	32.1952
16.25125744	30.9257
16.20047111	29.3251
16.15000121	27.704
16.0998448	26.0978
16.04999896	24.373
16.00048641	22.715
15.95125297	21.2651
15.90232158	19.9699
15.85368947	18.8645
15.80535391	18.1674
15.75731218	17.8205
15.70956162	17.7651
15.6620996	18.0376
15.61492349	18.5637
15.56803074	19.1135
15.52141878	19.5422
15.47508511	19.8493
15.42902725	19.8447
15.38324273	19.4101
15.33772913	18.7102
15.29248405	17.9389
15.24750513	17.2221
15.20279002	16.6911
15.1583364	16.4941
15.114142	16.4973
15.07020455	16.5686
15.02652181	16.6648
14.98309158	16.8317
14.93991168	16.9934
14.89700213	17.1875
14.85431629	17.4047
14.81187438	17.5861
14.76967431	17.7148
14.72771402	17.841
14.68599147	18.0339
14.64450465	18.2124
14.60325156	18.3559
14.56223023	18.477
14.52143873	18.6389
14.48087511	18.8173
14.44053748	18.999
14.40042395	19.184
14.36053266	19.3713
14.32086177	19.5417
14.28140946	19.6838
14.24217393	19.8305
14.20315338	20.0241
14.16434607	20.1718
14.12575025	20.2922
14.0873642	20.3906
14.0491862	20.4819
14.01121458	20.5783
13.97344765	20.6967
13.93590321	20.8066
13.89854065	20.8413
13.8613779	20.8254
13.82441336	20.7998
13.78764544	20.7263
13.75107258	20.6308
13.71469324	20.5498
13.67850587	20.489
13.64250897	20.416
13.60670103	20.3376
13.57108057	20.2695
13.53564612	20.1774
13.50039624	20.0541
13.46532947	19.9709
13.4304444	19.9147
13.39573962	19.8637
13.36121373	19.7797
13.32686536	19.6899
13.29269314	19.5715
13.25869572	19.4255
13.22487175	19.3178
13.19121992	19.2348
13.15773892	19.1562
13.12442745	19.1088
13.09130135	19.114
13.05832501	19.1367
13.02551438	19.1528
12.99286821	19.1325
12.96038529	19.1108
12.92806437	19.0229
12.89590426	18.8916
12.86390376	18.8149
12.83206168	18.7387
12.80037684	18.5766
12.7688481	18.4062
12.73747429	18.2172
12.70625427	18.0283
12.67518693	17.853
12.64427113	17.6845
12.61350579	17.5585
12.58290562	17.4687
12.55243781	17.4482
12.52211719	17.4692
12.4919427	17.4931
12.46191328	17.5122
12.43202789	17.5283
12.40228549	17.5708
12.37268507	17.6811
12.34322561	17.8237
12.31390609	17.9658
12.28472554	18.1181
12.25568296	18.2836
12.22677738	18.4184
12.19800782	18.5419
12.16937334	18.6748
12.14087298	18.81
12.1125058	18.9414
12.08427087	19.0698
12.05616727	19.1918
12.02819409	19.29
12.00035041	19.4057
11.97263534	19.5107
11.945048	19.5952
11.9175875	19.6933
11.8902671	19.8022
11.86305761	19.8847
11.83597236	19.9448
11.80901051	20.0678
11.78217122	20.1962
11.75545365	20.2646
11.72885698	20.3388
11.70238038	20.4638
11.67602305	20.5322
11.64978419	20.5732
11.62366299	20.6855
11.59765866	20.7753
11.57177043	20.8144
11.54599752	20.8996
11.52033916	21.0361
11.49479458	21.122
11.46936304	21.1879
11.44404378	21.3095
11.41883606	21.4184
11.39373914	21.4912
11.3687523	21.6127
11.34387482	21.7241
11.31910597	21.7976
11.29444505	21.8784
11.26990406	22.0014
11.24545684	22.1044
11.22111545	22.1948
11.19687921	22.3127
11.17274743	22.4389
11.14871946	22.5458
11.12479461	22.644
11.10097222	22.7665
11.07725165	22.8886
11.05363222	23.0031
11.03011331	23.1201
11.00669427	23.2585
10.98337447	23.3818
10.96015327	23.4909
10.93703005	23.6108
10.9140042	23.7304
10.89107509	23.8759
10.86824213	24.0165
10.8455047	24.1611
10.82286221	24.3281
10.80031407	24.4951
10.77785969	24.6552
10.75549848	24.8364
10.73322986	25.0517
10.71106474	25.2372
10.68897956	25.4247
10.66698525	25.664
10.64508128	25.8832
10.62326708	26.0856
10.6015421	26.3395
10.5799058	26.6276
10.55835763	26.9042
10.53689705	27.2043
10.51552354	27.5627
10.49423657	27.9423
10.4730356	28.3735
10.45192012	28.8993
10.43088962	29.4706
10.40994358	30.0402
10.38908149	30.5976
10.36830285	31.1215
10.34760717	31.5736
10.32699394	31.9648
10.30646267	32.3363
10.28601287	32.6877
10.26564407	33.0063
10.24535578	33.3158
10.22514752	33.6232
10.20502924	33.8988
10.1849796	34.1972
10.16500858	34.5795
10.14511574	35.0495
10.12530059	35.6503
10.10556271	36.3776
10.08590162	37.1757
10.0663169	38.0236
10.04680808	38.8703
10.02737473	39.6515
10.00801642	40.4159
9.98873271	41.2167
9.969523168	42.0526
9.950387369	42.8876
9.931324888	43.7291
9.912335307	44.5316
9.893427994	45.2301
9.874582922	45.8524
9.855809507	46.3805
9.83710734	46.704
9.818476015	46.8766
9.799915133	46.9891
9.781424293	46.9955
9.7630031	46.9423
9.744651161	46.9664
9.726368087	47.0841
9.70815349	47.306
9.690006986	47.7069
9.671928196	48.2689
9.653916739	48.8839
9.635972241	49.5299
9.618094328	50.1964
9.600282632	50.7159
9.582536785	51.0707
9.564856422	51.3827
9.547241181	51.7396
9.529690704	52.1883
9.512204634	52.8251
9.494782617	53.6024
9.477424301	54.2211
9.460138288	54.5492
9.4429063	54.4305
9.425736975	53.5609
9.408629972	51.9186
9.391584952	49.8158
9.374601579	47.6403
9.35767952	45.766
9.340818443	44.4171
9.324018018	43.5028
9.307277919	42.8246
9.290597822	42.3292
9.273977405	42.0255
9.257416348	41.8143
9.240914333	41.7025
9.224471046	41.7333
9.208086173	41.8085
9.191759404	41.8739
9.17549043	41.9931
9.159278945	42.0866
9.143124645	42.0741
9.127027227	42.0399
9.110986392	42.0136
9.095001842	41.911
9.079073281	41.7323
9.06320863	41.5756
9.04739114	41.4022
9.031628764	41.1976
9.015921215	41.0575
9.000268208	41.0434
8.984669459	41.1969
8.969124685	41.6259
8.953633608	42.3842
8.93819595	43.3339
8.922811435	44.3886
8.907479789	45.5199
8.89220074	46.5812
8.876974017	47.4708
8.861799353	48.2811
8.846676481	49.0018
8.831605135	49.5565
8.816585054	50.0553
8.801615977	50.5821
8.786697643	51.1376
8.771829795	51.7909
8.757012178	52.5738
8.742244536	53.3644
8.727526619	54.0592
8.712858175	54.6857
8.69824652	55.204
8.683676252	55.5533
8.669154714	55.8231
8.654681663	56.0318
8.640256858	56.1249
8.625880055	56.139
8.611551018	56.1351
8.597269507	56.0982
8.583035287	56.0245
8.568848124	55.9618
8.554707784	55.8934
8.540614036	55.7848
8.52656665	55.7052
8.512565398	55.6764
8.498610052	55.638
8.484700388	55.6258
8.470836182	55.6688
8.45701721	55.7276
8.443243252	55.7628
8.429514089	55.8309
8.415829502	55.8539
8.402189274	55.7857
8.388593191	55.6937
8.375041038	55.5294
8.361539594	55.1991
8.348074642	54.745
8.334652987	54.1986
8.32127442	53.4877
8.307938734	52.607
8.294645723	51.6439
8.281395183	50.5621
8.268186911	49.3485
8.255020704	48.0944
8.241896361	46.7885
8.228813685	45.3627
8.215772476	43.8925
8.202772537	42.4193
8.189813674	40.8888
8.176895691	39.2999
8.164018395	37.6986
8.151188239	36.0751
8.138391724	34.4015
8.125635323	32.7309
8.11291885	31.0466
8.100242116	29.3139
8.087604937	27.5854
8.075007126	25.8779
8.062448501	24.165
8.049928879	22.4445
8.037448078	20.7602
8.025005918	19.0878
8.012602221	17.4167
8.000236807	15.7717
7.9879095	14.1533
7.975620124	12.5737
7.963368505	11.0403
7.951154468	9.5715
7.938977841	8.1865
7.926838452	6.9204
7.914736131	5.8181
7.902670708	4.9121
7.890642014	4.2046
7.878649883	3.7253
7.866694148	3.4424
7.854780812	3.3049
7.842897355	3.2934
7.831049799	3.3789
7.819237984	3.5229
7.807461747	3.7117
7.795720929	3.9099
7.784015369	4.1262
7.772344909	4.3508
7.760709391	4.574
7.749108659	4.7851
7.737542556	5.008
7.726010929	5.2175
7.714513623	5.4206
7.703050485	5.616
7.691621363	5.8005
7.680226106	5.9795
7.668864563	6.1496
7.657536586	6.3132
7.646242025	6.4822
7.634980733	6.6426
7.623752563	6.7842
7.61255737	6.916
7.601395008	7.0534
7.590265333	7.1733
7.579173946	7.2849
7.568109199	7.4079
7.557076711	7.5251
7.546076342	7.6362
7.535107952	7.7419
7.524171401	7.8445
7.51326655	7.9404
7.502393263	8.0366
7.491551403	8.1362
7.480740833	8.2226
7.469961418	8.3059
7.459213023	8.3906
7.448495516	8.4819
7.437808762	8.5691
7.42715263	8.6621
7.416526989	8.7453
7.405931707	8.8125
7.395366655	8.8803
7.384831703	8.9643
7.374326724	9.0354
7.363851589	9.1011
7.353406171	9.1719
7.342990345	9.2292
7.332603984	9.2866
7.322252325	9.3559
7.311924506	9.4155
7.30162578	9.4668
7.291356025	9.5232
7.281115117	9.5774
7.270902937	9.6233
7.260719363	9.685
7.250564275	9.7505
7.240437554	9.8022
7.230339081	9.8528
7.220268738	9.9116
7.210226408	9.9533
7.200211974	10.0088
7.19022532	10.0747
7.18026633	10.1238
7.17033489	10.1528
7.160436013	10.2043
7.150559317	10.2505
7.140709829	10.3095
7.130887439	10.3589
7.121092034	10.3933
7.111323503	10.4448
7.101581735	10.4912
7.091866622	10.5356
7.082178053	10.5869
7.07251592	10.6228
7.062880115	10.6467
7.053270531	10.6467
7.04368706	10.6596
7.034129597	10.7278
7.024598035	10.7744
7.01509227	10.813
7.005612196	10.8366
6.99615771	10.8515
6.986728709	10.8896
6.977325089	10.9192
6.967946748	10.9001
6.958593585	10.9023
6.949265497	10.9746
6.939962385	11.0114
6.930688952	11.0466
6.921435478	11.0757
6.912206681	11.0805
6.903002461	11.0969
6.893822721	11.1445
6.884667364	11.1692
6.875536292	11.167
6.866429409	11.1179
6.857346618	11.1538
6.848287825	11.2473
6.839252935	11.3071
6.830241852	11.3164
6.821254483	11.3364
6.812290735	11.3869
6.803350514	11.4026
6.794433728	11.3557
6.785540285	11.3467
6.776670093	11.4001
6.767823062	11.436
6.7589991	11.4663
6.750198118	11.479
6.741420026	11.4939
6.732664735	11.4892
6.723932156	11.4829
6.715226709	11.4939
6.706539278	11.5205
6.697874296	11.5676
6.689231675	11.5661
6.680611329	11.5468
6.672013173	11.5849
6.663437121	11.6372
6.654883087	11.666
6.646350987	11.6052
6.637840737	11.5422
6.629352253	11.6252
6.620885451	11.7155
6.612440248	11.7407
6.604016563	11.769
6.595614312	11.7734
6.587233415	11.782
6.578873789	11.7614
6.570535354	11.7475
6.56221803	11.8154
6.553921736	11.8513
6.545646392	11.8908
6.537391921	11.9157
6.529158241	11.9211
6.520945276	11.9223
6.512757189	11.9604
6.504585407	11.9326
6.496434107	11.8454
6.488303211	11.8696
6.480192643	11.9443
6.472102327	11.9853
6.464032186	12.032
6.455982145	12.05
6.44795213	12.0571
6.439942066	12.0534
6.431951879	12.0383
6.423981494	12.0014
6.416030838	11.9067
6.408099838	11.9602
6.400188422	12.1035
6.392296516	12.1511
6.384424048	12.1591
6.376570948	12.1382
6.368737143	12.1325
6.360922563	12.1892
6.353127136	12.1714
6.345350793	12.1006
6.337593464	12.166
6.329855078	12.25
6.322139564	12.2561
6.314438848	12.2807
6.30675687	12.3044
6.29909356	12.3086
6.291448851	12.3078
6.283822676	12.3278
6.276214965	12.3276
6.268625654	12.3371
6.261054675	12.3557
6.253501961	12.3645
6.245967447	12.3716
6.238451067	12.3799
6.230952756	12.3891
6.223472449	12.3933
6.21601008	12.3984
6.208565585	12.4189
6.201142747	12.4331
6.1937338	12.4091
6.186342535	12.3508
6.178968891	12.3889
6.171612803	12.4477
6.164274209	12.4384
6.156953047	12.4507
6.149649255	12.4736
6.14236277	12.4795
6.135093533	12.5034
6.12784148	12.5127
6.120606552	12.4594
6.113388688	12.4062
6.106187828	12.4726
6.099003911	12.5322
6.091836878	12.551
6.084686669	12.5529
6.077553226	12.4895
6.070436489	12.4814
6.063336399	12.5539
6.056252899	12.4851
6.049185931	12.3501
6.042135436	12.4782
6.035101357	12.6059
6.02808727	12.602
6.021085843	12.5879
6.01410066	12.57
6.007131667	12.5717
6.000178805	12.5727
5.99324202	12.5305
5.986321256	12.5166
5.979416457	12.54
5.972527568	12.5168
5.965654534	12.511
5.9587973	12.5522
5.951955813	12.5478
5.945130017	12.5136
5.938319859	12.3899
5.931525286	12.4094
5.924746243	12.5158
5.917982678	12.5254
5.911234538	12.5207
5.904501769	12.4948
5.89778432	12.395
5.891082139	12.4018
5.884395172	12.3747
5.87772337	12.3772
5.871066679	12.4699
5.864428488	12.4538
5.85780186	12.4658
5.851190191	12.4846
5.84459343	12.4731
5.838011527	12.4441
5.831444431	12.4028
5.824892094	12.332
5.818354465	12.3486
5.811831494	12.4502
5.805323133	12.4946
5.798829332	12.508
5.792350043	12.5527
5.785885217	12.5913
5.779434806	12.6172
5.772998761	12.5998
5.766577035	12.573
5.760169579	12.6728
5.753776347	12.7446
5.747397291	12.7507
5.741032364	12.8027
5.734681519	12.8308
5.728344709	12.8383
5.722021888	12.8205
5.715713009	12.7873
5.709421287	12.7622
5.703140149	12.7876
5.696872816	12.7812
5.690619242	12.7632
5.684379382	12.7644
5.678153192	12.7302
5.671940626	12.7194
5.66574164	12.7512
5.659556189	12.7324
5.653384229	12.7097
5.647225716	12.6953
5.641080605	12.6699
5.634948854	12.7014
5.628830419	12.7256
5.622725256	12.7348
5.616633323	12.7348
5.610557723	12.7336
5.604492113	12.7302
5.598439603	12.7299
5.592400152	12.7341
5.586373717	12.7129
5.580360257	12.6836
5.574359729	12.7019
5.568372092	12.7363
5.562397304	12.7378
5.556435324	12.7314
5.550486112	12.7258
5.544549625	12.7426
5.538625823	12.7617
5.532714665	12.7583
5.526816112	12.7487
5.520930122	12.7605
5.515056656	12.7636
5.509195674	12.7688
5.503347136	12.7658
5.497511002	12.7702
5.491687233	12.7773
5.48587579	12.7761
5.480076633	12.7588
5.474289725	12.7646
5.468518015	12.7597
5.462755479	12.7597
5.457005076	12.7849
5.451266765	12.7939
5.445540511	12.7956
5.439826274	12.7954
5.434124016	12.8037
5.428433701	12.7885
5.422755291	12.7492
5.417088748	12.7741
5.411434035	12.8066
5.405791116	12.8056
5.400159953	12.7995
5.394540509	12.8069
5.388932749	12.8195
5.383336635	12.8171
5.377752132	12.8139
5.372179203	12.8181
5.366617813	12.8152
5.361067925	12.8181
5.355529504	12.8098
5.350002515	12.7998
5.344486921	12.8242
5.338982689	12.8432
5.333492627	12.8501
5.328011006	12.8503
5.32254064	12.843
5.317081497	12.8427
5.31163354	12.8481
5.306196736	12.8488
5.30077105	12.8398
5.295356449	12.8264
5.289952898	12.8278
5.284560364	12.8423
5.279178813	12.8427
5.273808212	12.843
5.268448526	12.8469
5.263099724	12.8503
5.257761771	12.8457
5.252434635	12.8462
5.247118283	12.8479
5.241812682	12.8413
5.236517799	12.8366
5.231233603	12.854
5.225960061	12.872
5.220697141	12.8581
5.21544481	12.8449
5.210203036	12.8574
5.204974498	12.8715
5.19975374	12.8698
5.194543444	12.8713
5.189343579	12.8696
5.184154115	12.8769
5.178975019	12.8889
5.173806261	12.8979
5.168647809	12.9001
5.163499634	12.9004
5.158361704	12.8918
5.153233989	12.8918
5.148116459	12.8916
5.143009082	12.8935
5.137911829	12.8925
5.13282467	12.9011
5.127747575	12.9057
5.122680514	12.9011
5.117623458	12.895
5.112576376	12.8989
5.107539239	12.9021
5.102512018	12.8945
5.097494683	12.9001
5.092487206	12.9089
5.087489558	12.9065
5.082504292	12.8967
5.077526209	12.9028
5.072557868	12.9065
5.06759924	12.9048
5.062650297	12.905
5.057711011	12.9087
5.052781354	12.9133
5.047861297	12.9143
5.042950812	12.916
5.038049872	12.9189
5.033158448	12.9067
5.028276513	12.9121
5.023404039	12.9182
5.018541	12.9128
5.013687367	12.9128
5.008843113	12.9179
5.004010715	12.9118
4.999185133	12.9023
4.994368849	12.8984
4.989561837	12.905
4.984764069	12.9001
4.979975518	12.8903
4.97519616	12.8955
4.970425966	12.9043
4.96566491	12.9084
4.960912967	12.8999
4.95617011	12.8933
4.951436313	12.9021
4.94671155	12.9026
4.941995795	12.8955
4.937289023	12.8857
4.932591209	12.893
4.927902325	12.8965
4.923222347	12.8896
4.918551251	12.8923
4.913889009	12.8967
4.909235598	12.8969
4.904590991	12.8945
4.899955165	12.8984
4.895328095	12.9069
4.890712146	12.8994
4.886102507	12.9021
4.88150155	12.9089
4.876909249	12.9018
4.87232558	12.9021
4.86775052	12.9121
4.863184043	12.9118
4.858626126	12.9048
4.854076745	12.8999
4.849535875	12.9004
4.845003493	12.8989
4.840479575	12.8977
4.835964098	12.8974
4.831457037	12.8916
4.826958369	12.9004
4.822468072	12.9052
4.81798612	12.8989
4.813512492	12.8979
4.809047164	12.9057
4.804590113	12.9123
4.800141316	12.9106
4.79570075	12.9099
4.791268392	12.9057
4.78684422	12.9048
4.782430498	12.9006
4.778022625	12.8979
4.773622869	12.8969
4.769231209	12.8894
4.764847623	12.8899
4.760472086	12.8991
4.756104579	12.904
4.751745078	12.9089
4.747393562	12.9094
4.743050009	12.9052
4.738714396	12.904
4.734386703	12.9004
4.730066907	12.8962
4.725754987	12.9028
4.721450921	12.903
4.717154688	12.8979
4.712866266	12.8952
4.708585635	12.9011
4.704312773	12.9028
4.700047658	12.9028
4.695790271	12.8901
4.691540589	12.8916
4.687298593	12.9067
4.68306426	12.9013
4.67883976	12.8921
4.67462069	12.8901
4.670409221	12.8991
4.666205334	12.9038
4.662009009	12.906
4.657820224	12.9074
4.65363896	12.915
4.649465195	12.9187
4.645298911	12.9079
4.641140087	12.9089
4.636988702	12.9096
4.632844738	12.9013
4.628708174	12.9033
4.62457899	12.9087
4.620457167	12.9052
4.616342684	12.9052
4.612235523	12.9074
4.608135664	12.9052
4.604043086	12.9067
4.599957772	12.9165
4.595879702	12.9204
4.591808856	12.9236
4.587745215	12.9218
4.58368876	12.9248
4.57964157	12.9194
4.575599426	12.916
4.571564412	12.9187
4.567536508	12.9204
4.563515696	12.9153
4.559501956	12.9121
4.555495271	12.9043
4.551495621	12.8969
4.547502989	12.9008
4.543517355	12.9016
4.539538701	12.8977
4.535567009	12.9016
4.531602261	12.9067
4.527644439	12.9013
4.523693523	12.8889
4.519749497	12.8877
4.515814382	12.8952
4.511884077	12.8962
4.507960608	12.8867
4.504043956	12.8921
4.500134104	12.8991
4.496231034	12.8955
4.492334729	12.893
4.488445171	12.894
4.484562343	12.8945
4.480686226	12.8965
4.476816804	12.9043
4.47295406	12.9089
4.469097975	12.9026
4.465248534	12.8984
4.461405718	12.8891
4.45756951	12.8911
4.453739894	12.8952
4.449916853	12.8991
4.44610037	12.8991
4.442290427	12.8945
4.438487009	12.8891
4.434690097	12.8906
4.430899676	12.8857
4.42711573	12.8789
4.423340197	12.8755
4.419569145	12.8686
4.415804518	12.8715
4.412046298	12.882
4.408294471	12.8921
4.404549018	12.8906
4.400809925	12.8896
4.397077175	12.893
4.393350752	12.8847
4.389630639	12.8838
4.385916821	12.8921
4.382209282	12.8908
4.378508006	12.8896
4.374812977	12.8867
4.371124179	12.8872
4.367441596	12.8864
4.363765214	12.8798
4.360095015	12.8813
4.356430985	12.8777
4.352773108	12.8808
4.349121369	12.8852
4.345475751	12.8896
4.341836241	12.894
4.338202821	12.8938
4.334577357	12.8869
4.330956072	12.8894
4.327340832	12.8955
4.323731623	12.8969
4.320128429	12.8886
4.316531235	12.8872
4.312940028	12.8984
4.30935479	12.894
4.305775509	12.886
4.302202168	12.8825
4.298634754	12.8901
4.29507325	12.8862
4.291517644	12.885
4.287967919	12.8845
4.284424062	12.8842
4.280886058	12.8835
4.277353892	12.8838
4.27382755	12.8925
4.270307018	12.8955
4.266792281	12.8903
4.263283325	12.8955
4.259780136	12.9065
4.256282699	12.9067
4.252791	12.9013
4.249306832	12.9008
4.245826565	12.9033
4.242351994	12.9055
4.238883105	12.9018
4.235419885	12.893
4.231962319	12.8989
4.228510393	12.8906
4.225064094	12.8867
4.221623408	12.8877
4.218188322	12.8921
4.214758821	12.8933
4.211334892	12.8891
4.207916522	12.8906
4.204503696	12.8911
4.201096402	12.893
4.197694626	12.8984
4.194300114	12.9004
4.190909331	12.9013
4.187524026	12.8957
4.184144186	12.8884
4.180769797	12.8879
4.177400846	12.9018
4.174037321	12.8974
4.170679208	12.8884
4.167326493	12.8999
4.163979165	12.9074
4.16063721	12.9013
4.157300615	12.9072
4.153969367	12.9057
4.150643454	12.8921
4.147322862	12.8921
4.144007579	12.9018
4.140697592	12.8984
4.137392888	12.8891
4.134093455	12.8925
4.130799281	12.9033
4.127510352	12.9028
4.124226656	12.8972
4.120948181	12.894
4.117674914	12.9096
4.114408535	12.9106
4.111145645	12.8999
4.107887925	12.8906
4.104635365	12.8925
4.101387951	12.8945
4.098145671	12.8989
4.094908514	12.8994
4.091676466	12.9004
4.088449517	12.9101
4.085227653	12.9106
4.082010864	12.9018
4.078799136	12.8943
4.075592459	12.8925
4.072390819	12.8891
4.069194206	12.893
4.066002607	12.8872
4.062816011	12.8823
4.059634406	12.8789
4.056457779	12.8794
4.053286121	12.8811
4.050119418	12.8842
4.046957659	12.8908
4.043800833	12.8916
4.040648928	12.8779
4.037503563	12.8715
4.034361463	12.882
4.031224251	12.8838
4.028091913	12.8806
4.024964439	12.8872
4.021841819	12.8877
4.018724039	12.8745
4.01561109	12.8711
4.012502959	12.8694
4.009399637	12.8769
4.00630111	12.8833
4.00320737	12.8864
4.000118404	12.884
3.997034201	12.8764
3.99395475	12.8769
3.990880041	12.8838
3.987810062	12.8823
3.984744803	12.872
3.981684252	12.863
3.9786284	12.8628
3.975577234	12.8657
3.972530744	12.8598
3.96948892	12.8596
3.966451751	12.862
3.963420797	12.8559
3.960392903	12.8501
3.957369631	12.851
3.954350972	12.8579
3.951336915	12.8528
3.948327449	12.8496
3.945322564	12.851
3.942322249	12.8506
3.939326493	12.8506
3.936335288	12.8525
3.933348621	12.8662
3.930366483	12.8603
3.927388864	12.8545
3.924415753	12.8581
3.921447139	12.8579
3.918483014	12.854
3.915523366	12.8481
3.912568186	12.854
3.909617463	12.8598
3.906671188	12.8569
3.90372935	12.8549
3.900791939	12.8559
3.897858945	12.8608
3.894930359	12.8681
3.892007684	12.8628
3.889087881	12.8452
3.886172454	12.8496
3.883261396	12.8554
3.880354695	12.8571
3.877452343	12.8423
3.874554329	12.8432
3.871660644	12.8432
3.868771278	12.8354
3.865886222	12.8366
3.863005465	12.8476
3.860128998	12.8515
3.857256812	12.8535
3.854388896	12.8579
3.851525243	12.853
3.848665841	12.8418
3.845812161	12.8486
3.842961232	12.843
3.840114528	12.8388
3.837272037	12.8374
3.834433752	12.8344
3.831599662	12.8408
3.828769759	12.8349
3.825944033	12.8369
3.823122474	12.8413
3.820305074	12.8535
3.817491824	12.8554
3.814682714	12.8432
3.811877735	12.8449
3.809076878	12.8476
3.806280134	12.8432
3.803487494	12.8369
3.800698949	12.8374
3.797914489	12.8344
3.795134107	12.8281
3.792357792	12.832
3.789585537	12.8374
3.786817332	12.8335
3.784053167	12.8286
3.781293036	12.8261
3.778538356	12.8374
3.77578626	12.8369
3.773038171	12.8183
3.770294079	12.8149
3.767553976	12.8203
3.764817852	12.8291
3.7620857	12.8252
3.759357511	12.8242
3.756633275	12.8271
3.753912985	12.8266
3.751196632	12.8286
3.748484207	12.8237
3.745775701	12.8183
3.743071107	12.8227
3.740370416	12.8154
3.73767362	12.8149
3.734980709	12.82
3.732291676	12.8291
3.729606512	12.8276
3.726925208	12.8093
3.724247758	12.8093
3.721574151	12.813
3.718904381	12.813
3.716238438	12.8076
3.713577694	12.7983
3.71091938	12.7954
3.708264869	12.7968
3.705614154	12.7954
3.702967225	12.7939
3.700324074	12.7871
3.697684695	12.7866
3.695049078	12.7817
3.692417215	12.7824
3.689789099	12.7802
3.687164722	12.7751
3.684544075	12.7705
3.68192715	12.7763
3.67931394	12.7754
3.676704437	12.7602
3.674098633	12.7578
3.67149652	12.7563
3.66889809	12.7539
3.666303336	12.7544
3.663712249	12.7568
3.661124822	12.7651
3.658541047	12.7661
3.655960916	12.7573
3.653384422	12.7573
3.65081289	12.7612
3.648243644	12.7514
3.645678012	12.7407
3.643115986	12.7334
3.640557559	12.7251
3.638002722	12.7331
3.635451469	12.7446
3.632903791	12.7387
3.630359682	12.7334
3.627819133	12.7326
3.625282138	12.729
3.622748688	12.7265
3.620218777	12.7182
3.617692397	12.709
3.615169541	12.7119
3.6126502	12.7163
3.610135673	12.7155
3.607623341	12.7099
3.605114504	12.6958
3.602609154	12.6948
3.600107283	12.7021
3.597608885	12.7016
3.595113953	12.7031
3.592622478	12.705
3.590134454	12.7114
3.587649874	12.7065
3.585168731	12.6938
3.582691017	12.6943
3.580216725	12.698
3.577745848	12.7055
3.57527838	12.7085
3.572814313	12.7055
3.57035364	12.6928
3.567896354	12.688
3.565442448	12.6892
3.562991916	12.6894
3.560544749	12.687
3.558100942	12.6762
3.555660487	12.6718
3.553223378	12.6704
3.550790868	12.6591
3.548360427	12.6655
3.545933311	12.6709
3.543509513	12.6694
3.541089027	12.6655
3.538671844	12.667
3.53625796	12.6626
3.533847367	12.6616
3.531440058	12.6631
3.529036026	12.6694
3.526635266	12.6836
3.524237769	12.6875
3.52184353	12.685
3.519452542	12.6953
3.517064798	12.7231
3.514680292	12.7487
3.512299017	12.7822
3.509920967	12.8103
3.507546135	12.8127
3.505174514	12.8003
3.502806098	12.7817
3.500440881	12.7741
3.498078855	12.7585
3.495720015	12.7485
3.493365575	12.7465
3.491013085	12.7475
3.488663762	12.7404
3.486317598	12.7319
3.483974588	12.728
3.481634725	12.7339
3.479298003	12.7361
3.476964415	12.727
3.474633956	12.7265
3.472306619	12.7295
3.469982397	12.7341
3.467661284	12.7273
3.465343275	12.7199
3.463028363	12.726
3.460716541	12.7409
3.458407804	12.7365
3.456102146	12.7302
3.453799559	12.7378
3.451500039	12.7429
3.449203579	12.7465
3.446910172	12.7522
3.444619814	12.7622
3.442332497	12.7841
3.440048216	12.7949
3.437768146	12.8
3.435489916	12.8203
3.433214704	12.8567
3.430942504	12.895
3.428673309	12.9133
3.426407114	12.9216
3.424143913	12.9201
3.421883699	12.9177
3.419626467	12.9162
3.417372212	12.9026
3.415120926	12.8784
3.412872605	12.8549
3.410627242	12.8501
3.408384831	12.8369
3.406145367	12.8142
3.403908845	12.7946
3.401675257	12.7766
3.399444599	12.7663
3.397216864	12.7541
3.394992047	12.737
3.392770143	12.7285
3.390551144	12.7331
3.388335047	12.7212
3.386121844	12.7248
3.383912676	12.7422
3.381705245	12.7468
3.379500692	12.7617
3.377299012	12.7802
3.375100198	12.7871
3.372904246	12.7922
3.370711149	12.7964
3.368520903	12.7819
3.366333501	12.7619
3.364148938	12.7465
3.361967208	12.7234
3.359788306	12.6989
3.357612227	12.6838
3.355438965	12.6682
3.353268515	12.6565
3.35110087	12.6472
3.348937148	12.6462
3.346775098	12.636
3.344615837	12.6159
3.342459362	12.6206
3.340305665	12.604
3.338154741	12.5825
3.336006587	12.5832
3.333861195	12.5861
3.33171856	12.5805
3.329578678	12.5674
3.327441544	12.5547
3.32530715	12.5442
3.323175494	12.5376
3.321046568	12.5315
3.318920368	12.5276
3.31679689	12.5263
3.314676126	12.5263
3.312558073	12.532
3.310442725	12.5151
3.308330077	12.5088
3.306220124	12.5197
3.304112861	12.5132
3.302008281	12.5022
3.299906382	12.5017
3.297808244	12.5002
3.295711686	12.5083
3.293617792	12.5024
3.291526557	12.4826
3.289437976	12.4824
3.287352045	12.4853
3.285268756	12.4702
3.283188107	12.4756
3.281110091	12.4787
3.279034705	12.4648
3.276961942	12.4629
3.274891798	12.4653
3.272824267	12.466
3.270759346	12.4702
3.268697029	12.457
3.26663731	12.4343
3.264580186	12.4414
3.262525652	12.4465
3.260473701	12.4397
3.25842433	12.4287
3.256377534	12.4184
3.254333308	12.4094
3.252291646	12.4135
3.250252545	12.4233
3.248217054	12.4189
3.246183057	12.4055
3.244151606	12.4013
3.242122696	12.4062
3.240096322	12.3999
3.238072479	12.3869
3.236051163	12.375
3.234032369	12.3899
3.232016093	12.3979
3.230002329	12.3913
3.227991073	12.3781
3.22598232	12.3759
3.223976065	12.3742
3.221972305	12.3755
3.219971033	12.3657
3.217972246	12.3606
3.215975939	12.3598
3.213982108	12.3593
3.211990747	12.3481
3.210001852	12.341
3.208015419	12.3449
3.206031443	12.343
3.204049919	12.3342
3.202070843	12.3369
3.200095235	12.3322
3.19812104	12.3203
3.196149279	12.3217
3.194179949	12.3203
3.192213043	12.3261
3.190248559	12.3296
3.18828649	12.3225
3.186326834	12.3127
3.184369586	12.3144
3.18241474	12.3247
3.180462293	12.3176
3.17851224	12.3066
3.176564577	12.2981
3.1746193	12.302
3.172676403	12.3022
3.170735883	12.2959
3.168797736	12.2949
3.166861956	12.2939
3.164928541	12.2924
3.162997484	12.2934
3.161068783	12.2934
3.159142432	12.2895
3.157218427	12.2905
3.155296765	12.2754
3.153378435	12.2661
3.151461443	12.2719
3.14954678	12.257
3.147634443	12.2502
3.145724426	12.2517
3.143816726	12.2636
3.141911338	12.2602
3.140008258	12.2424
3.138107483	12.2265
3.136209007	12.2285
3.134312827	12.2246
3.132418938	12.2307
3.130527337	12.2334
3.128638019	12.2168
3.126750981	12.2229
3.124866217	12.227
3.122984699	12.2046
3.121104471	12.1982
3.119226507	12.2036
3.1173508	12.2053
3.115477349	12.1904
3.113606148	12.1819
3.111737193	12.1977
3.10987048	12.1987
3.108006006	12.1894
3.106143766	12.1858
3.104283756	12.1743
3.102425973	12.1865
3.100570412	12.1855
3.098717069	12.1572
3.096865941	12.1479
3.095017023	12.1665
3.093170311	12.165
3.091325802	12.1616
3.089483491	12.1604
3.087643375	12.1543
3.085805449	12.1689
3.08396971	12.1643
3.082136155	12.1401
3.080304778	12.1428
3.078476524	12.1313
3.076649492	12.1115
3.074824627	12.1123
3.073001926	12.122
3.071181385	12.1084
3.069363	12.1035
3.067546766	12.1018
3.065732681	12.0979
3.06392074	12.0966
3.06211094	12.0879
3.060303276	12.0793
3.058497745	12.0844
3.056694344	12.0903
3.054893068	12.0852
3.053093914	12.0722
3.051296877	12.0634
3.049501955	12.0649
3.047709144	12.0722
3.045918439	12.0803
3.044129837	12.0654
3.042343335	12.0556
3.040558928	12.0493
3.038776613	12.0312
3.036996386	12.042
3.035219166	12.0508
3.033443104	12.0527
3.031669119	12.0461
3.029897208	12.0412
3.028127367	12.0363
3.026359592	12.0285
3.02459388	12.0312
3.022830228	12.0312
3.021068631	12.0334
3.019309085	12.0258
3.017551589	12.0002
3.015796137	11.9912
3.014042726	11.9846
3.012291354	11.9785
3.010542015	11.9807
3.008794707	11.9619
3.007049426	11.9511
3.005306169	11.966
3.003564931	11.9807
3.00182571	11.9663
3.000088503	11.9599
2.998353304	11.9624
2.996620112	11.9633
2.994888923	11.9716
2.993160628	11.9658
2.991433432	11.9582
2.989708228	11.9585
2.987985013	11.9504
2.986263784	11.9443
2.984544536	11.956
2.982827267	11.955
2.981111973	11.9514
2.97939865	11.9433
2.977687296	11.9419
2.975977906	11.9289
2.974270478	11.9189
2.972565009	11.9126
2.970861493	11.8955
2.96915993	11.8918
2.967460314	11.8947
2.965763522	11.8935
2.964067792	11.886
2.962373999	11.8752
2.960682141	11.8681
2.958992215	11.8703
2.957304216	11.8762
2.955618142	11.8711
2.95393399	11.8613
2.952251756	11.8586
2.950571437	11.8596
2.94889303	11.8579
2.947216531	11.8545
2.945541937	11.8457
2.943869245	11.8335
2.942198452	11.8225
2.940529554	11.8257
2.938862549	11.842
2.937197432	11.8274
2.935534201	11.813
2.933872853	11.8164
2.932213384	11.8227
2.930555792	11.8066
2.928900072	11.7971
2.927246222	11.7883
2.925595095	11.7851
2.923944975	11.7939
2.922296715	11.7707
2.920650312	11.7502
2.919005763	11.7578
2.917363066	11.7461
2.915722216	11.718
2.91408321	11.7119
2.912446047	11.7085
2.910810722	11.7197
2.909177232	11.7297
2.907545575	11.7229
2.905915747	11.7226
2.904287745	11.7192
2.902661566	11.7065
2.901037208	11.7031
2.899414666	11.7202
2.897793938	11.718
2.896175022	11.706
2.894557913	11.7141
2.892942609	11.7102
2.891329106	11.6972
2.889717403	11.6787
2.888107495	11.6728
2.886500214	11.6572
2.884893888	11.6494
2.883289349	11.6506
2.881686594	11.6479
2.880085619	11.6416
2.878486423	11.634
2.876889001	11.6399
2.875293352	11.6338
2.873699471	11.6252
2.872107357	11.6125
2.870517006	11.6086
2.868928415	11.6108
2.867341582	11.6135
2.865756502	11.6147
2.864173175	11.6216
2.862591596	11.6291
2.861011762	11.6142
2.859433672	11.5918
2.857857321	11.5949
2.856282708	11.5979
2.854709829	11.5813
2.853138681	11.5908
2.851569261	11.5864
2.850001568	11.5713
2.848436408	11.5569
2.846872156	11.5664
2.845309621	11.5959
2.8437488	11.5862
2.842189691	11.5844
2.840632291	11.5918
2.839076596	11.5791
2.837522604	11.5676
2.835970313	11.5598
2.834419719	11.5432
2.83287082	11.5439
2.831323613	11.5432
2.829778094	11.5429
2.828234263	11.5219
2.826692114	11.509
2.825151647	11.5178
2.823612858	11.5217
2.822075744	11.52
2.820540303	11.5044
2.819006531	11.4934
2.817474427	11.5078
2.815943987	11.4956
2.81441521	11.4826
2.812888091	11.5049
2.811363418	11.5166
2.809839609	11.5119
2.80831745	11.497
2.806796939	11.4873
2.805278075	11.479
2.803760853	11.4592
2.802245271	11.4433
2.800731327	11.4502
2.799219018	11.4563
2.797708341	11.4719
2.796199294	11.476
2.794691874	11.4511
2.793186078	11.4463
2.791681905	11.4365
2.79017935	11.414
2.788678412	11.3901
2.787179865	11.3928
2.785682151	11.4072
2.784186046	11.4172
2.782691547	11.4153
2.781198652	11.4094
2.779707358	11.4184
2.778217662	11.4189
2.776729562	11.426
2.775243056	11.4182
2.77375814	11.4199
2.772274812	11.4182
2.77079307	11.3947
2.769312911	11.4016
2.767834333	11.3984
2.766357333	11.3799
2.764881908	11.4013
2.763408056	11.3935
2.761935774	11.3828
2.760465061	11.3857
2.758995913	11.3916
2.757528328	11.3803
2.756062304	11.3225
2.754597837	11.3037
2.753134926	11.3408
2.751674325	11.3554
2.750214517	11.3557
2.748756257	11.3635
2.747299542	11.3755
2.74584437	11.3613
2.74439074	11.3696
2.742938647	11.3637
2.741488091	11.3081
2.740039067	11.2627
2.738591575	11.2929
2.737145611	11.334
2.735701174	11.3271
2.73425826	11.3193
2.732816867	11.3418
2.731376994	11.3388
2.729938636	11.3261
2.728501793	11.3276
2.727066462	11.3344
2.72563264	11.2881
2.724200325	11.2578
2.722769514	11.2973
2.721340206	11.2798
2.719912397	11.2558
2.718486086	11.3076
2.717062008	11.3169
2.715638684	11.3359
2.714216851	11.3476
2.712796505	11.3193
2.711377646	11.2324
2.709960269	11.247
2.708544374	11.3017
2.707129958	11.3105
2.705717018	11.2944
2.704305552	11.2885
2.702895558	11.2763
2.701487034	11.2553
2.700079976	11.2783
2.698674384	11.3032
2.697270255	11.2964
2.695867585	11.2636
2.694466374	11.2221
2.693066619	11.2426
2.691668318	11.2759
2.690271467	11.2783
2.688876066	11.2846
2.687482111	11.3008
2.686089602	11.2812
2.684698534	11.2529
2.683309626	11.2505
2.681921436	11.2661
2.680534681	11.2666
2.679149359	11.2309
2.677765469	11.2075
2.676383008	11.1884
2.675001973	11.2353
2.673622363	11.269
2.672244175	11.25
2.670867407	11.1533
2.669492057	11.167
2.668118123	11.2285
2.666745602	11.1372
2.665374493	11.1167
2.664004793	11.1704
2.6626365	11.2383
2.66127032	11.2265
2.659904834	11.2226
2.658540748	11.2334
2.657178061	11.2578
2.65581677	11.2431
2.654456873	11.2402
2.653098368	11.1958
2.651741253	11.187
2.650385525	11.186
2.649031183	11.1782
2.647678224	11.1953
2.646326647	11.1958
2.644976449	11.1958
2.643627628	11.2119
2.642280182	11.2007
2.640934109	11.2036
2.639589407	11.2016
2.638246073	11.1938
2.636904106	11.1924
2.635563503	11.188
2.634224263	11.1684
2.632886383	11.165
2.631549862	11.1289
2.630214697	11.0918
2.628881577	11.1279
2.627549117	11.1313
2.626218007	11.1079
2.624888245	11.143
2.62355983	11.1567
2.622232758	11.1386
2.620907028	11.0864
2.619582638	11.0976
2.618259585	11.125
2.616937869	11.0805
2.615617486	11.0923
2.614298435	11.123
2.612980713	11.1162
2.61166432	11.1162
2.610349252	11.0927
2.609035507	11.1064
2.607723085	11.1162
2.606411982	11.0771
2.605102197	11.0356
2.603793727	11.0576
2.602486572	11.0713
2.601180728	11.0683
2.599876194	11.0844
2.598572968	11.1059
2.597271722	11.0844
2.595971105	11.0039
2.59467179	10.9394
2.593373774	11.0039
2.592077057	11.0747
2.590781636	11.0996
2.589487509	11.0844
2.588194675	11.0625
2.58690313	11.0732
2.585612874	11.0742
2.584323905	11.0332
2.58303622	11.0254
2.581749817	11.0595
2.580464695	11.0761
2.579180852	11.0791
2.577898286	11.0649
2.576616995	11.0468
2.575336976	11.0537
2.574058229	11.0508
2.572780751	11.0342
2.571504541	11.0512
2.570229596	11.0512
2.568955915	11.0278
2.567683495	11.0254
2.566412994	11.04
2.565143091	11.04
2.563874445	11.0322
2.562607053	11.0361
2.561340913	11.0215
2.560076024	11.0239
2.558812384	11.0415
2.55754999	11.0449
2.556288841	11.041
2.555028936	11.0371
2.553770272	11.0136
2.552512847	10.9931
2.55125666	10.9843
2.550001709	11.0039
2.548747991	11.0263
2.547495506	11.0102
2.546244252	11.0185
2.544994225	11.0127
2.543745426	11.0083
2.542497852	11.0215
2.5412515	11.0185
2.54000637	11.0395
2.53876246	11.0371
2.537519767	11.0434
2.536278934	11.0332
2.535038671	11.042
2.53379962	11.0351
2.53256178	11.0342
2.531325149	11.042
2.530089725	11.0351
2.528855506	11.0312
2.52762249	11.0122
2.526390677	11.0049
2.525160064	11.0068
2.523930648	11.0244
2.52270243	11.042
2.521475406	11.0259
2.520249575	11.0146
2.519024936	11.018
2.517801486	11.0078
2.516579857	11.0224
2.515358781	11.0293
2.514138889	11.0156
2.512920179	11.0312
2.511702651	11.0332
2.510486301	11.041
2.50927113	11.0219
2.508057134	11.0376
2.506844312	11.0312
2.505632662	11.0312
2.504422183	11.0337
2.503212874	11.0351
2.502004731	11.0332
2.500797754	11.0097
2.499591942	11.0161
2.498387291	11.0283
2.497183801	11.0117
2.49598147	11.0039
2.494780296	11.0097
2.493580278	11.0117
2.492381413	11.0337
2.491183701	11.0161
2.489987139	10.9834
2.488791726	10.997
2.48759808	10.9926
2.486404959	10.9785
2.485212983	10.9922
2.484022149	10.9922
2.482832455	10.9946
2.4816439	10.9863
2.480456483	11.0083
2.479270202	11.0254
2.478085055	11.0161
2.47690104	11.0185
2.475718156	11.0185
2.474536402	10.9853
2.473355775	10.9863
2.472176274	11.0156
2.470997898	11.0029
2.469820644	10.959
2.468644512	10.957
2.467469499	10.9692
2.466295604	10.9482
2.465122826	10.9463
2.463951163	10.9614
2.462780612	10.9629
2.461611174	10.9712
2.460442845	10.9765
2.45927623	10.9765
2.458110116	11.0078
2.456945108	11.02
2.455781204	11.0371
2.454618401	11.0371
2.4534567	11.0078
2.452296097	11.0283
2.451136592	11.0512
2.449978183	10.9985
2.448820868	10.9746
2.447664646	10.998
2.446509516	10.9863
2.445355475	10.9477
2.444202523	10.9726
2.443050657	10.9765
2.441899876	10.9863
2.440750179	10.9887
2.439601564	11.0097
2.43845403	11.0122
2.437307575	10.9848
2.436162197	10.9824
2.435017895	10.9829
2.433874668	10.9883
2.432732513	11.0044
2.431592022	10.9966
2.430452008	10.9795
2.429313063	10.9883
2.428175185	10.979
2.427038372	10.9795
2.425902624	10.9961
2.424767938	10.9961
2.423634312	11.0063
2.422501747	11.02
2.421370239	11.018
2.420239788	11.0156
2.419110392	11.0156
2.417982049	11.0063
2.416854758	10.9941
2.415728518	10.9873
2.414603328	10.9926
2.413479185	10.998
2.412356088	10.9892
2.411234036	11.0024
2.410113027	11.0356
2.40899306	11.0239
2.407874134	11.0136
2.406756246	11.0234
2.405639396	11.0175
2.40452416	11.0044
2.40340938	11.0063
2.402295634	11.0215
2.401182919	11.02
2.400071234	11.0039
2.398960578	10.9922
2.39785095	11.0102
2.396742348	11.0083
2.39563477	10.9961
2.394528216	10.9907
2.393422683	10.9863
2.392318171	11.0044
2.391214677	10.9985
2.390112201	11.0024
2.389010742	10.9961
2.387910297	10.9668
2.386811435	10.9712
2.385713014	10.9863
2.384615605	10.9697
2.383519204	10.9829
2.382423811	11.0127
2.381329425	11.0175
2.380236043	10.9863
2.379143665	11.0019
2.37805229	11.0356
2.376961915	11.0468
2.375872539	11.0703
2.374784162	11.0625
2.373696781	11.0337
2.372610396	11.0332
2.371525004	11.0512
2.370440606	11.084
2.369357198	11.0527
2.368274781	11.018
2.367193351	11.0571
2.366112909	11.0683
2.365033453	11.0576
2.363954982	11.0356
2.362877493	11.0283
2.361800987	11.0283
2.360726018	11.0298
2.35965147	11.0312
2.3585779	11.0136
2.357505307	10.9966
2.356433688	11.0195
2.355363044	11.0786
2.354293372	11.0825
2.353224671	11.08
2.35215694	11.0683
2.351090177	11.0586
2.350024382	11.0927
2.348959552	11.0791
2.347895687	11.0693
2.346832785	11.0674
2.345770845	11.0537
2.344709866	11.0498
2.343649846	11.0703
2.342590784	11.0742
2.341532678	11.0937
2.340475528	11.0937
2.339419333	11.0859
2.33836409	11.081
2.337309798	11.0498
2.336256457	11.0478
2.335204611	11.0732
2.334153166	11.0761
2.333102667	11.081
2.332053114	11.1064
2.331004504	11.0908
2.329956838	11.081
2.328910112	11.0517
2.327864326	11.0732
2.32681948	11.0996
2.325775571	11.0976
2.324732598	11.0986
2.32369056	11.0859
2.322649456	11.0752
2.321609284	11.0703
2.320570043	11.1064
2.319531733	11.123
2.318494351	11.125
2.317457897	11.1093
2.316422369	11.1445
2.315387766	11.1445
2.314354087	11.1133
2.31332133	11.0761
2.312289495	11.0722
2.31125858	11.0976
2.310229117	11.1299
2.309200038	11.1259
2.308171875	11.1181
2.307144627	11.1269
2.306118293	11.1484
2.305092872	11.1552
2.304068363	11.1455
2.303044763	11.1494
2.302022073	11.1377
2.301000291	11.1347
2.299979415	11.1201
2.298959445	11.1133
2.297940379	11.165
2.296922216	11.1718
2.295904955	11.1289
2.294888595	11.1308
2.29387366	11.1601
2.292859097	11.1963
2.291845431	11.1758
2.29083266	11.1533
2.289820785	11.1611
2.288809803	11.1543
2.287799713	11.1562
2.286790515	11.1787
2.285782206	11.1728
2.284774786	11.1523
2.283768254	11.1611
2.282762608	11.1621
2.281757848	11.1777
2.280753972	11.165
2.279750978	11.1533
2.278748867	11.166
2.277747636	11.1738
2.276747284	11.1914
2.275747811	11.1689
2.274749215	11.1855
2.273751494	11.2021
2.272754649	11.1924
2.271758677	11.1884
2.270763578	11.1855
2.269769866	11.1914
2.268776508	11.2041
2.267784019	11.1884
2.266792398	11.1894
2.265801644	11.1982
2.264811756	11.2109
2.263822732	11.2461
2.262834571	11.2138
2.261847273	11.1845
2.260860836	11.1963
2.259875259	11.249
2.258890541	11.2656
2.257906681	11.248
2.256923678	11.2627
2.25594153	11.2519
2.254960236	11.2177
2.253979796	11.208
2.253000208	11.2148
2.252021471	11.2158
2.251043584	11.2265
2.250066546	11.1963
2.249090355	11.1728
2.248115012	11.1894
2.247140514	11.2217
2.246167365	11.2177
2.245194554	11.2246
2.244222586	11.2549
2.243251458	11.2597
2.242281171	11.2461
2.241311723	11.2275
2.240343113	11.2568
2.23937534	11.2783
2.238408402	11.2314
2.237442299	11.2441
2.23647703	11.3203
2.235512593	11.3379
2.234548988	11.3164
2.233586213	11.3193
2.232624267	11.2939
2.231663149	11.3037
2.230702859	11.2978
2.229743394	11.2793
2.228784755	11.2549
2.22782694	11.2383
2.226869947	11.2383
2.225913777	11.2656
2.224958427	11.2988
2.224003896	11.3261
2.223050679	11.3193
2.222097785	11.3252
2.221145707	11.3222
2.220194445	11.3134
2.219243997	11.3398
2.218294362	11.3652
2.21734554	11.3467
2.21639753	11.3554
2.215450329	11.3418
2.214503938	11.3066
2.213558355	11.2695
2.212613579	11.2627
2.211669609	11.2988
2.210726445	11.2978
2.209784084	11.3008
2.208842527	11.289
2.207901771	11.29
2.206961817	11.3066
2.206022662	11.2968
2.205084307	11.3047
2.204146749	11.3252
2.203209989	11.33
2.202274024	11.3066
2.201338854	11.3437
2.200404963	11.3564
2.199471379	11.3242
2.198538587	11.2754
2.197606587	11.2705
2.196675376	11.3174
2.195744954	11.3105
2.194815319	11.3183
2.193886472	11.2929
2.192958411	11.3174
2.192031134	11.33
2.191104641	11.3105
2.190178931	11.3134
2.189254003	11.33
2.188329856	11.3535
2.187406488	11.3222
2.1864839	11.2861
2.185562567	11.2773
2.184641533	11.333
2.183721275	11.3359
2.182801792	11.2793
2.181883083	11.3203
2.180965147	11.3418
2.180047983	11.291
2.17913159	11.3105
2.178215967	11.3359
2.177301113	11.3213
2.176387028	11.289
2.175473709	11.2812
2.174561157	11.3261
2.17364937	11.3593
2.172738348	11.3642
2.171828089	11.3593
2.170918592	11.3281
2.170009856	11.3603
2.169101881	11.3525
2.168194666	11.3047
2.167288209	11.33
2.166382509	11.3525
2.165477567	11.3633
2.16457338	11.3291
2.163670416	11.3564
2.162767737	11.3525
2.161865811	11.334
2.160964637	11.3603
2.160064214	11.3916
2.159164542	11.3906
2.158265618	11.3916
2.157367442	11.4023
2.156470014	11.3574
2.155573332	11.3174
2.154677395	11.3164
2.153782203	11.3203
2.152887754	11.3359
2.151994048	11.3672
2.151101084	11.3457
2.150208861	11.3164
2.149317377	11.3418
2.148426632	11.3496
2.147536625	11.3261
2.146647355	11.3457
2.145758822	11.3476
2.144871024	11.3418
2.14398396	11.3144
2.143097629	11.3457
2.14221249	11.3789
2.141327623	11.3593
2.140443487	11.3418
2.139560081	11.3398
2.138677403	11.3525
2.137795454	11.3418
2.136914232	11.333
2.136033736	11.3252
2.135153965	11.3369
2.134274919	11.3437
2.133396596	11.3291
2.132518995	11.3242
2.131642117	11.3164
2.130765959	11.3252
2.129890521	11.3496
2.129015803	11.3711
2.128141802	11.4043
2.127268519	11.3652
2.126395952	11.3418
2.125524101	11.3564
2.124652964	11.3945
2.123782542	11.4043
2.122912832	11.415
2.122043834	11.4082
2.121175997	11.373
2.12030842	11.3906
2.119441553	11.416
2.118575394	11.4043
2.117709942	11.3799
2.116845198	11.3476
2.115981159	11.332
2.115117826	11.3379
2.114255197	11.375
2.113393271	11.3711
2.112532047	11.3916
2.111671525	11.4218
2.110811704	11.3711
2.109952583	11.3828
2.109094161	11.4218
2.108236437	11.3965
2.107379855	11.3955
2.106523524	11.3945
2.105667889	11.3642
2.104812949	11.3994
2.103958703	11.3906
2.103105151	11.3672
2.10225229	11.3398
2.101400121	11.3261
2.100548642	11.3047
2.099697853	11.334
2.098847754	11.3691
2.097998342	11.3759
2.097149617	11.372
2.096301579	11.4297
2.095454226	11.4228
2.094607559	11.372
2.093761575	11.3603
2.092916274	11.3515
2.092071655	11.3769
2.091227718	11.4121
2.090384461	11.3691
2.089541885	11.3515
2.088699987	11.3681
2.087858767	11.375
2.08701866	11.4101
2.086178794	11.4316
2.085339604	11.3994
2.084501088	11.4023
2.083663247	11.4023
2.082826078	11.375
2.081989583	11.3593
2.081153758	11.334
2.080318605	11.3633
2.079484122	11.3593
