Name: Sodalite Na8Al6Si6O24Cl2
Type:  Mineral
Class:  Silicates 
Subclass:   Tectosilicates (Framework silicates); Feldspathoid Group
Particle Size:  Fine (Less than 2 Micrometers)
Sample No.:  sodalite.1
Owner:  JHU
Wavelength Range:  IR
Origin:  Bancroft, Ontario, Canada via Norma Vergo.

Description:  The hand sample was a large chunk of vivid blue 
sodalite that appeared quite pure. Microscopic examination showed 
about 2% contamination with either a colorless mineral with 1degree 
yellow birefringence, or another colorless mineral with slight 
brownish staining, 2 degrees birefringence, and 2 directions of cleavage. One 
observed contaminant was a carbonate.
Measurement:  Transmission
First Column:  X
Second Column:  Y  
X Units:  Wavelength (micrometers)
Y Units:  Transmittance (percent)
First X Value:  25.0442
Last X Value:  2.079
Number of X Values:  2287
Additional Information:  sodali1a.txt

25.04420302	74.4686
24.9237955	73.2654
24.80454022	71.4568
24.68642074	69.1287
24.5694209	65.9373
24.45358465	63.328
24.3387763	62.2264
24.22504094	62.1444
24.11236361	61.5858
24.00072962	60.203
23.89012454	57.8163
23.78053421	54.4803
23.67194472	50.5194
23.56434244	46.078
23.45771395	40.7753
23.35204611	34.3144
23.24732598	27.0273
23.14354087	19.6972
23.04067832	13.2187
22.93872607	9.164
22.83767211	8.4883
22.7375046	10.6718
22.63821194	14.6992
22.53978272	19.8144
22.44220571	25.7753
22.3454699	33.0175
22.24956446	40.6991
22.15447875	46.2694
22.06020229	48.2147
21.96677306	46.4139
21.87408402	41.2909
21.7821739	33.6562
21.69103293	25.3827
21.60065148	18.4257
21.5110201	14.6367
21.42212949	14.3203
21.33397051	16.3359
21.24653416	19.2207
21.15981159	21.9257
21.0737941	24.0331
20.98847313	26.0077
20.90384024	28.8866
20.81988716	33.8359
20.73660571	41.2284
20.65398787	49.8827
20.57202575	57.8026
20.49071156	63.9569
20.41003766	68.4569
20.3299965	71.8904
20.25058069	74.5506
20.1717829	76.7312
20.09359597	78.4881
20.01601281	79.9529
19.93906621	81.2664
19.8626695	82.4861
19.78685599	83.5398
19.71161901	84.3562
19.63695203	85.1648
19.56284859	85.8748
19.48930232	86.4422
19.41630698	87.0427
19.34385639	87.6404
19.27194448	88.0369
19.20056526	88.4461
19.12971284	88.8884
19.05938141	89.2537
18.98956523	89.4646
18.92025868	89.5935
18.85145618	89.7693
18.78315226	89.8923
18.71534153	89.9373
18.64801865	90.0427
18.58117838	90.0994
18.51481556	90.2224
18.44892507	90.3084
18.38350191	90.4646
18.31854111	90.5554
18.25407111	90.6453
18.19002023	90.7537
18.12641726	90.8455
18.06325753	90.9548
18.00053642	90.9656
17.93824937	90.9617
17.8763919	90.9744
17.81495958	90.992
17.75394803	90.988
17.69335296	90.989
17.63317011	90.9812
17.57339529	90.9412
17.51402436	90.908
17.45505324	90.8406
17.39647791	90.7107
17.3382944	90.5466
17.28049878	90.4177
17.2230872	90.3679
17.16605584	90.3093
17.10940093	90.2869
17.05311876	90.3162
16.99720566	90.3084
16.94165801	90.3416
16.88647225	90.4334
16.83167317	90.4666
16.77720046	90.4529
16.72307919	90.4304
16.66930597	90.3552
16.61587747	90.324
16.56279037	90.2869
16.51004141	90.1902
16.45762737	90.1287
16.40554507	90.0476
16.35379138	90.0164
16.30236319	89.8552
16.25125744	89.7127
16.20047111	89.5525
16.15000121	89.3142
16.0998448	89.0994
16.04999896	88.9168
16.00048641	88.7215
15.95125297	88.4988
15.90232158	88.3172
15.85368947	88.0691
15.80535391	87.7361
15.75731218	87.3181
15.70956162	86.8592
15.6620996	86.2713
15.61492349	85.5486
15.56803074	84.7556
15.52141878	83.7615
15.47508511	82.6053
15.42902725	81.239
15.38324273	79.5711
15.33772913	77.5164
15.29248405	74.8963
15.24750513	71.5242
15.20279002	67.1629
15.1583364	61.4217
15.114142	54.0409
15.07020455	45.1151
15.02652181	35.8466
14.98309158	29.3554
14.93991168	28.955
14.89700213	35.1532
14.85431629	45.3514
14.81187438	55.725
14.76967431	63.8597
14.72771402	69.5726
14.68599147	73.2581
14.64450465	75.4939
14.60325156	76.7752
14.56223023	77.3304
14.52143873	77.3592
14.48087511	76.9866
14.44053748	76.2635
14.40042395	75.2366
14.36053266	73.8494
14.32086177	72.1072
14.28140946	69.8851
14.24217393	67.1097
14.20315338	63.6097
14.16434607	59.2484
14.12575025	53.9901
14.0873642	48.3304
14.0491862	43.619
14.01121458	42.2328
13.97344765	45.2797
13.93590321	50.8573
13.89854065	55.85
13.8613779	58.5257
13.82441336	58.4203
13.78764544	55.702
13.75107258	50.5785
13.71469324	43.2675
13.67850587	34.434
13.64250897	25.7656
13.60670103	19.7587
13.57108057	18.3652
13.53564612	21.6142
13.50039624	28.6723
13.46532947	38.2465
13.4304444	48.1351
13.39573962	56.5575
13.36121373	63.0941
13.32686536	68.0726
13.29269314	71.8987
13.25869572	74.8943
13.22487175	77.2859
13.19121992	79.2029
13.15773892	80.8089
13.12442745	82.1931
13.09130135	83.2947
13.05832501	84.2576
13.02551438	85.1448
12.99286821	85.9241
12.96038529	86.5183
12.92806437	87.0281
12.89590426	87.4573
12.86390376	87.7713
12.83206168	88.0125
12.80037684	88.2273
12.7688481	88.4256
12.73747429	88.6546
12.70625427	88.8601
12.67518693	89.0491
12.64427113	89.1658
12.61350579	89.2737
12.58290562	89.3577
12.55243781	89.3963
12.52211719	89.4568
12.4919427	89.5706
12.46191328	89.637
12.43202789	89.6585
12.40228549	89.6922
12.37268507	89.6189
12.34322561	89.5125
12.31390609	89.4143
12.28472554	89.2478
12.25568296	89.0491
12.22677738	88.8806
12.19800782	88.7029
12.16937334	88.4314
12.14087298	88.1541
12.1125058	87.8479
12.08427087	87.4944
12.05616727	87.0681
12.02819409	86.7146
12.00035041	86.3245
11.97263534	85.8792
11.945048	85.4319
11.9175875	85.0008
11.8902671	84.5335
11.86305761	84.0506
11.83597236	83.5335
11.80901051	82.992
11.78217122	82.4119
11.75545365	81.8265
11.72885698	81.1975
11.70238038	80.4881
11.67602305	79.7967
11.64978419	79.116
11.62366299	78.4646
11.59765866	77.8562
11.57177043	77.3416
11.54599752	76.7444
11.52033916	76.055
11.49479458	75.3035
11.46936304	74.4959
11.44404378	73.6312
11.41883606	72.848
11.39373914	72.053
11.3687523	71.285
11.34387482	70.5194
11.31910597	69.7684
11.29444505	68.9774
11.26990406	68.1248
11.24545684	67.2562
11.22111545	66.3651
11.19687921	65.4437
11.17274743	64.493
11.14871946	63.5492
11.12479461	62.5643
11.10097222	61.537
11.07725165	60.492
11.05363222	59.3929
11.03011331	58.3094
11.00669427	57.1747
10.98337447	55.9647
10.96015327	54.6874
10.93703005	53.3251
10.9140042	51.8837
10.89107509	50.3661
10.86824213	48.7894
10.8455047	47.1801
10.82286221	45.4921
10.80031407	43.7606
10.77785969	42.0253
10.75549848	40.2479
10.73322986	38.3578
10.71106474	36.4462
10.68897956	34.4452
10.66698525	32.3774
10.64508128	30.3114
10.62326708	28.2587
10.6015421	26.1708
10.5799058	24.1581
10.55835763	22.2329
10.53689705	20.2685
10.51552354	18.1855
10.49423657	16.0586
10.4730356	13.955
10.45192012	11.9756
10.43088962	10.1352
10.40994358	8.4321
10.38908149	6.9126
10.36830285	5.6753
10.34760717	4.7764
10.32699394	4.2226
10.30646267	3.6675
10.28601287	2.9062
10.26564407	2.0571
10.24535578	1.4355
10.22514752	1.1182
10.20502924	1.0478
10.1849796	1.1025
10.16500858	1.2139
10.14511574	1.3477
10.12530059	1.4805
10.10556271	1.6352
10.08590162	1.8657
10.0663169	2.1919
10.04680808	2.5913
10.02737473	3.043
10.00801642	3.5391
9.98873271	4.0791
9.969523168	4.6294
9.950387369	5.1719
9.931324888	5.6782
9.912335307	6.1162
9.893427994	6.4643
9.874582922	6.6855
9.855809507	6.812
9.83710734	6.8764
9.818476015	6.9155
9.799915133	6.9731
9.781424293	7.0991
9.7630031	7.3027
9.744651161	7.6118
9.726368087	8.0322
9.70815349	8.5781
9.690006986	9.2451
9.671928196	10.0517
9.653916739	10.9843
9.635972241	12.0576
9.618094328	13.3027
9.600282632	14.7729
9.582536785	16.4462
9.564856422	18.2373
9.547241181	20.1064
9.529690704	22.0038
9.512204634	23.8788
9.494782617	25.6786
9.477424301	27.4125
9.460138288	29.0903
9.4429063	30.6425
9.425736975	32.0673
9.408629972	33.3871
9.391584952	34.5937
9.374601579	35.6972
9.35767952	36.6781
9.340818443	37.5839
9.324018018	38.4091
9.307277919	39.2186
9.290597822	40.0043
9.273977405	40.7841
9.257416348	41.5741
9.240914333	42.3485
9.224471046	43.0678
9.208086173	43.7509
9.191759404	44.4472
9.17549043	45.1122
9.159278945	45.7626
9.143124645	46.434
9.127027227	47.1171
9.110986392	47.8104
9.095001842	48.4901
9.079073281	49.1561
9.06320863	49.7967
9.04739114	50.4257
9.031628764	51.0829
9.015921215	51.7367
9.000268208	52.3734
8.984669459	53.0106
8.969124685	53.621
8.953633608	54.2323
8.93819595	54.8856
8.922811435	55.5023
8.907479789	56.0975
8.89220074	56.6668
8.876974017	57.2508
8.861799353	57.7782
8.846676481	58.2625
8.831605135	58.7572
8.816585054	59.2215
8.801615977	59.6707
8.786697643	60.1478
8.771829795	60.6746
8.757012178	61.1912
8.742244536	61.7445
8.727526619	62.3402
8.712858175	62.9495
8.69824652	63.5662
8.683676252	64.2069
8.669154714	64.8421
8.654681663	65.429
8.640256858	66.0159
8.625880055	66.6141
8.611551018	67.1798
8.597269507	67.7335
8.583035287	68.2872
8.568848124	68.8538
8.554707784	69.3904
8.540614036	69.951
8.52656665	70.5106
8.512565398	71.0428
8.498610052	71.5779
8.484700388	72.0994
8.470836182	72.6209
8.45701721	73.1033
8.443243252	73.5818
8.429514089	74.0499
8.415829502	74.5096
8.402189274	74.9493
8.388593191	75.4034
8.375041038	75.837
8.361539594	76.2601
8.348074642	76.6697
8.334652987	77.0684
8.32127442	77.45
8.307938734	77.8289
8.294645723	78.1863
8.281395183	78.5079
8.268186911	78.8086
8.255020704	79.1126
8.241896361	79.3792
8.228813685	79.6228
8.215772476	79.876
8.202772537	80.0887
8.189813674	80.2647
8.176895691	80.4561
8.164018395	80.6153
8.151188239	80.7854
8.138391724	80.9405
8.125635323	81.0821
8.11291885	81.2012
8.100242116	81.3172
8.087604937	81.4649
8.075007126	81.6072
8.062448501	81.7552
8.049928879	81.8992
8.037448078	82.0423
8.025005918	82.1805
8.012602221	82.3269
8.000236807	82.4746
7.9879095	82.618
7.975620124	82.7669
7.963368505	82.8992
7.951154468	83.045
7.938977841	83.1629
7.926838452	83.2676
7.914736131	83.376
7.902670708	83.4768
7.890642014	83.5869
7.878649883	83.6856
7.866694148	83.7803
7.854780812	83.8719
7.842897355	83.9656
7.831049799	84.0603
7.819237984	84.1526
7.807461747	84.2481
7.795720929	84.3328
7.784015369	84.4258
7.772344909	84.5301
7.760709391	84.6172
7.749108659	84.7005
7.737542556	84.7893
7.726010929	84.8694
7.714513623	84.947
7.703050485	85.0271
7.691621363	85.128
7.680226106	85.2019
7.668864563	85.291
7.657536586	85.3594
7.646242025	85.4329
7.634980733	85.4969
7.623752563	85.5645
7.61255737	85.626
7.601395008	85.6995
7.590265333	85.7783
7.579173946	85.8631
7.568109199	85.9383
7.557076711	86.0147
7.546076342	86.0867
7.535107952	86.1123
7.524171401	86.1082
7.51326655	86.0301
7.502393263	85.718
7.491551403	84.9803
7.480740833	84.3145
7.469961418	84.5291
7.459213023	85.2266
7.448495516	85.7588
7.437808762	86.0608
7.42715263	86.2608
7.416526989	86.3809
7.405931707	86.4802
7.395366655	86.5584
7.384831703	86.6311
7.374326724	86.709
7.363851589	86.7783
7.353406171	86.843
7.342990345	86.918
7.332603984	86.9863
7.322252325	87.0467
7.311924506	87.1043
7.30162578	87.1651
7.291356025	87.1934
7.281115117	87.2058
7.270902937	87.2422
7.260719363	87.2971
7.250564275	87.3299
7.240437554	87.3611
7.230339081	87.3975
7.220268738	87.4248
7.210226408	87.4363
7.200211974	87.4785
7.19022532	87.5362
7.18026633	87.534
7.17033489	87.53
7.160436013	87.574
7.150559317	87.594
7.140709829	87.6201
7.130887439	87.6602
7.121092034	87.655
7.111323503	87.6653
7.101581735	87.6904
7.091866622	87.7107
7.082178053	87.7071
7.07251592	87.7022
7.062880115	87.7136
7.053270531	87.6638
7.04368706	87.6338
7.034129597	87.6912
7.024598035	87.7112
7.01509227	87.7012
7.005612196	87.6873
6.99615771	87.6521
6.986728709	87.6006
6.977325089	87.575
6.967946748	87.5049
6.958593585	87.3748
6.949265497	87.3382
6.939962385	87.2959
6.930688952	87.2097
6.921435478	87.1467
6.912206681	87.1045
6.903002461	87.1023
6.893822721	87.1621
6.884667364	87.2366
6.875536292	87.3152
6.866429409	87.3093
6.857346618	87.4531
6.848287825	87.6973
6.839252935	87.8811
6.830241852	87.9841
6.821254483	88.0925
6.812290735	88.2324
6.803350514	88.3369
6.794433728	88.3938
6.785540285	88.4707
6.776670093	88.6201
6.767823062	88.7634
6.7589991	88.8787
6.750198118	88.9627
6.741420026	89.0235
6.732664735	89.085
6.723932156	89.1065
6.715226709	89.1306
6.706539278	89.1795
6.697874296	89.2683
6.689231675	89.292
6.680611329	89.2966
6.672013173	89.3806
6.663437121	89.4424
6.654883087	89.4736
6.646350987	89.3828
6.637840737	89.2517
6.629352253	89.3045
6.620885451	89.3887
6.612440248	89.417
6.604016563	89.4324
6.595614312	89.3923
6.587233415	89.3543
6.578873789	89.2722
6.570535354	89.2219
6.56221803	89.343
6.553921736	89.4424
6.545646392	89.5198
6.537391921	89.6052
6.529158241	89.6531
6.520945276	89.626
6.512757189	89.6624
6.504585407	89.6533
6.496434107	89.5186
6.488303211	89.4934
6.480192643	89.5703
6.472102327	89.6062
6.464032186	89.6289
6.455982145	89.6321
6.44795213	89.6184
6.439942066	89.5725
6.431951879	89.5076
6.423981494	89.4238
6.416030838	89.2512
6.408099838	89.241
6.400188422	89.4014
6.392296516	89.4275
6.384424048	89.4072
6.376570948	89.3848
6.368737143	89.3552
6.360922563	89.3731
6.353127136	89.3591
6.345350793	89.2737
6.337593464	89.2901
6.329855078	89.3574
6.322139564	89.3447
6.314438848	89.3184
6.30675687	89.281
6.29909356	89.2439
6.291448851	89.1721
6.283822676	89.0916
6.276214965	89.0235
6.268625654	88.9561
6.261054675	88.8631
6.253501961	88.783
6.245967447	88.6902
6.238451067	88.5769
6.230952756	88.4617
6.223472449	88.3679
6.21601008	88.2654
6.208565585	88.166
6.201142747	88.0628
6.1937338	87.9414
6.186342535	87.7874
6.178968891	87.7444
6.171612803	87.8057
6.164274209	87.7735
6.156953047	87.7676
6.149649255	87.8115
6.14236277	87.7979
6.135093533	87.7578
6.12784148	87.7315
6.120606552	87.6641
6.113388688	87.6072
6.106187828	87.7468
6.099003911	87.9422
6.091836878	88.072
6.084686669	88.1719
6.077553226	88.2061
6.070436489	88.2703
6.063336399	88.3779
6.056252899	88.3694
6.049185931	88.24
6.042135436	88.3689
6.035101357	88.5554
6.02808727	88.6104
6.021085843	88.5584
6.01410066	88.4871
6.007131667	88.4922
6.000178805	88.5645
5.99324202	88.5965
5.986321256	88.7175
5.979416457	88.9119
5.972527568	89.0252
5.965654534	89.1521
5.9587973	89.3369
5.951955813	89.428
5.945130017	89.4688
5.938319859	89.407
5.931525286	89.4788
5.924746243	89.6582
5.917982678	89.7283
5.911234538	89.781
5.904501769	89.76
5.89778432	89.6189
5.891082139	89.5694
5.884395172	89.4143
5.87772337	89.1091
5.871066679	88.7449
5.864428488	88.1741
5.85780186	87.8797
5.851190191	88.2168
5.84459343	88.909
5.838011527	89.5408
5.831444431	89.9766
5.824892094	90.2363
5.818354465	90.5076
5.811831494	90.8108
5.805323133	91.0215
5.798829332	91.1572
5.792350043	91.2774
5.785885217	91.3643
5.779434806	91.4295
5.772998761	91.4434
5.766577035	91.3987
5.760169579	91.5183
5.753776347	91.6231
5.747397291	91.6174
5.741032364	91.6629
5.734681519	91.6951
5.728344709	91.7012
5.722021888	91.6868
5.715713009	91.6609
5.709421287	91.656
5.703140149	91.708
5.696872816	91.7461
5.690619242	91.7517
5.684379382	91.7637
5.678153192	91.7539
5.671940626	91.7578
5.66574164	91.8076
5.659556189	91.8347
5.653384229	91.8294
5.647225716	91.8357
5.641080605	91.8098
5.634948854	91.9043
5.628830419	91.9775
5.622725256	92.0144
5.616633323	92.0381
5.610557723	92.082
5.604492113	92.1135
5.598439603	92.1289
5.592400152	92.1524
5.586373717	92.1404
5.580360257	92.0974
5.574359729	92.1062
5.568372092	92.1416
5.562397304	92.1428
5.556435324	92.136
5.550486112	92.1377
5.544549625	92.1572
5.538625823	92.1892
5.532714665	92.2022
5.526816112	92.2129
5.520930122	92.2341
5.515056656	92.2581
5.509195674	92.2754
5.503347136	92.2783
5.497511002	92.3181
5.491687233	92.3291
5.48587579	92.3396
5.480076633	92.3272
5.474289725	92.3438
5.468518015	92.3584
5.462755479	92.3691
5.457005076	92.408
5.451266765	92.4343
5.445540511	92.4512
5.439826274	92.4822
5.434124016	92.5056
5.428433701	92.533
5.422755291	92.5176
5.417088748	92.5498
5.411434035	92.6204
5.405791116	92.6575
5.400159953	92.6785
5.394540509	92.698
5.388932749	92.7068
5.383336635	92.7175
5.377752132	92.7373
5.372179203	92.7471
5.366617813	92.7717
5.361067925	92.7734
5.355529504	92.7627
5.350002515	92.7566
5.344486921	92.8018
5.338982689	92.8406
5.333492627	92.843
5.328011006	92.8545
5.32254064	92.8552
5.317081497	92.8533
5.31163354	92.8711
5.306196736	92.8897
5.30077105	92.8938
5.295356449	92.8906
5.289952898	92.905
5.284560364	92.918
5.279178813	92.9324
5.273808212	92.9492
5.268448526	92.97
5.263099724	92.9929
5.257761771	92.9844
5.252434635	93.0046
5.247118283	93.0056
5.241812682	93.0166
5.236517799	93.0212
5.231233603	93.0107
5.225960061	93.0232
5.220697141	93.0254
5.21544481	93.0154
5.210203036	93.0105
5.204974498	93.0193
5.19975374	93.0056
5.194543444	93.009
5.189343579	93.0137
5.184154115	92.9873
5.178975019	92.9492
5.173806261	92.9353
5.168647809	92.9111
5.163499634	92.8748
5.158361704	92.8074
5.153233989	92.7168
5.148116459	92.6016
5.143009082	92.5039
5.137911829	92.4063
5.13282467	92.3352
5.127747575	92.3047
5.122680514	92.3389
5.117623458	92.3992
5.112576376	92.469
5.107539239	92.5547
5.102512018	92.625
5.097494683	92.7048
5.092487206	92.762
5.087489558	92.7918
5.082504292	92.8145
5.077526209	92.834
5.072557868	92.8525
5.06759924	92.8643
5.062650297	92.8767
5.057711011	92.8848
5.052781354	92.8828
5.047861297	92.8904
5.042950812	92.8987
5.038049872	92.9226
5.033158448	92.9363
5.028276513	92.949
5.023404039	92.9482
5.018541	92.9658
5.013687367	92.9763
5.008843113	92.9783
5.004010715	92.9734
4.999185133	92.9639
4.994368849	92.9568
4.989561837	92.9558
4.984764069	92.9658
4.979975518	92.9854
4.97519616	93.0022
4.970425966	93.0127
4.96566491	93.0195
4.960912967	93.033
4.95617011	93.0232
4.951436313	93.0056
4.94671155	92.9597
4.941995795	92.9226
4.937289023	92.877
4.932591209	92.8281
4.927902325	92.7996
4.923222347	92.7813
4.918551251	92.7647
4.913889009	92.7752
4.909235598	92.7686
4.904590991	92.7734
4.899955165	92.7644
4.895328095	92.7598
4.890712146	92.7695
4.886102507	92.7637
4.88150155	92.7439
4.876909249	92.7507
4.87232558	92.7451
4.86775052	92.7498
4.863184043	92.7686
4.858626126	92.7849
4.854076745	92.8008
4.849535875	92.8269
4.845003493	92.8545
4.840479575	92.8723
4.835964098	92.907
4.831457037	92.9356
4.826958369	92.9529
4.822468072	92.9707
4.81798612	92.9812
4.813512492	93.0068
4.809047164	93.0115
4.804590113	93.0264
4.800141316	93.042
4.79570075	93.0623
4.791268392	93.0789
4.78684422	93.0935
4.782430498	93.1094
4.778022625	93.1326
4.773622869	93.1589
4.769231209	93.165
4.764847623	93.1787
4.760472086	93.1863
4.756104579	93.1787
4.751745078	93.1797
4.747393562	93.197
4.743050009	93.207
4.738714396	93.2185
4.734386703	93.2236
4.730066907	93.2139
4.725754987	93.2266
4.721450921	93.2295
4.717154688	93.24
4.712866266	93.2293
4.708585635	93.2285
4.704312773	93.2293
4.700047658	93.2256
4.695790271	93.2156
4.691540589	93.2148
4.687298593	93.2129
4.68306426	93.199
4.67883976	93.2158
4.67462069	93.2263
4.670409221	93.2256
4.666205334	93.2498
4.662009009	93.2498
4.657820224	93.2656
4.65363896	93.2813
4.649465195	93.2712
4.645298911	93.2861
4.641140087	93.2898
4.636988702	93.2927
4.632844738	93.3242
4.628708174	93.3298
4.62457899	93.3289
4.620457167	93.3408
4.616342684	93.3565
4.612235523	93.3506
4.608135664	93.3408
4.604043086	93.3572
4.599957772	93.377
4.595879702	93.3709
4.591808856	93.3584
4.587745215	93.3643
4.58368876	93.3669
4.57964157	93.3748
4.575599426	93.3787
4.571564412	93.3801
4.567536508	93.3713
4.563515696	93.3938
4.559501956	93.4138
4.555495271	93.3943
4.551495621	93.4002
4.547502989	93.4006
4.543517355	93.3943
4.539538701	93.4031
4.535567009	93.4055
4.531602261	93.4011
4.527644439	93.3987
4.523693523	93.3987
4.519749497	93.4143
4.515814382	93.4011
4.511884077	93.4211
4.507960608	93.4128
4.504043956	93.405
4.500134104	93.4109
4.496231034	93.4168
4.492334729	93.4041
4.488445171	93.4002
4.484562343	93.405
4.480686226	93.4114
4.476816804	93.3928
4.47295406	93.3958
4.469097975	93.3967
4.465248534	93.3875
4.461405718	93.4026
4.45756951	93.4119
4.453739894	93.4187
4.449916853	93.4319
4.44610037	93.4207
4.442290427	93.4119
4.438487009	93.405
4.434690097	93.3875
4.430899676	93.4006
4.42711573	93.4211
4.423340197	93.4109
4.419569145	93.4119
4.415804518	93.4231
4.412046298	93.4304
4.408294471	93.4265
4.404549018	93.429
4.400809925	93.4251
4.397077175	93.4163
4.393350752	93.4192
4.389630639	93.429
4.385916821	93.4153
4.382209282	93.3958
4.378508006	93.4124
4.374812977	93.4143
4.371124179	93.4255
4.367441596	93.4231
4.363765214	93.4358
4.360095015	93.4377
4.356430985	93.4675
4.352773108	93.4587
4.349121369	93.4436
4.345475751	93.4373
4.341836241	93.4548
4.338202821	93.4568
4.334577357	93.4529
4.330956072	93.4524
4.327340832	93.4534
4.323731623	93.4529
4.320128429	93.4568
4.316531235	93.446
4.312940028	93.4465
4.30935479	93.4553
4.305775509	93.4387
4.302202168	93.4392
4.298634754	93.4539
4.29507325	93.4666
4.291517644	93.4758
4.287967919	93.4534
4.284424062	93.4631
4.280886058	93.4651
4.277353892	93.4714
4.27382755	93.4592
4.270307018	93.4631
4.266792281	93.446
4.263283325	93.4451
4.259780136	93.4534
4.256282699	93.4299
4.252791	93.4368
4.249306832	93.4514
4.245826565	93.4627
4.242351994	93.4646
4.238883105	93.4627
4.235419885	93.4724
4.231962319	93.468
4.228510393	93.4661
4.225064094	93.4592
4.221623408	93.446
4.218188322	93.4573
4.214758821	93.469
4.211334892	93.4675
4.207916522	93.4583
4.204503696	93.449
4.201096402	93.4583
4.197694626	93.4602
4.194300114	93.4656
4.190909331	93.4622
4.187524026	93.4602
4.184144186	93.4417
4.180769797	93.4387
4.177400846	93.4246
4.174037321	93.4358
4.170679208	93.4363
4.167326493	93.4485
4.163979165	93.4627
4.16063721	93.4568
4.157300615	93.4729
4.153969367	93.4841
4.150643454	93.4744
4.147322862	93.4778
4.144007579	93.4783
4.140697592	93.4758
4.137392888	93.4666
4.134093455	93.4656
4.130799281	93.4558
4.127510352	93.4675
4.124226656	93.4788
4.120948181	93.4807
4.117674914	93.4812
4.114408535	93.4783
4.111145645	93.4744
4.107887925	93.4675
4.104635365	93.471
4.101387951	93.4636
4.098145671	93.4758
4.094908514	93.47
4.091676466	93.4666
4.088449517	93.4861
4.085227653	93.4924
4.082010864	93.5159
4.078799136	93.5007
4.075592459	93.4968
4.072390819	93.5046
4.069194206	93.4929
4.066002607	93.489
4.062816011	93.4856
4.059634406	93.4734
4.056457779	93.4749
4.053286121	93.4656
4.050119418	93.4768
4.046957659	93.4807
4.043800833	93.49
4.040648928	93.4651
4.037503563	93.4841
4.034361463	93.4871
4.031224251	93.4734
4.028091913	93.49
4.024964439	93.4988
4.021841819	93.4924
4.018724039	93.5017
4.01561109	93.4685
4.012502959	93.4939
4.009399637	93.4885
4.00630111	93.5061
4.00320737	93.5105
4.000118404	93.5105
3.997034201	93.5129
3.99395475	93.5027
3.990880041	93.5046
3.987810062	93.4807
3.984744803	93.491
3.981684252	93.4861
3.9786284	93.5007
3.975577234	93.5056
3.972530744	93.5061
3.96948892	93.5125
3.966451751	93.5144
3.963420797	93.5042
3.960392903	93.5066
3.957369631	93.4856
3.954350972	93.4812
3.951336915	93.4705
3.948327449	93.4587
3.945322564	93.4758
3.942322249	93.4812
3.939326493	93.4812
3.936335288	93.4753
3.933348621	93.4763
3.930366483	93.4944
3.927388864	93.4788
3.924415753	93.471
3.921447139	93.47
3.918483014	93.4685
3.915523366	93.4597
3.912568186	93.467
3.909617463	93.469
3.906671188	93.4685
3.90372935	93.4529
3.900791939	93.4421
3.897858945	93.447
3.894930359	93.4475
3.892007684	93.4548
3.889087881	93.448
3.886172454	93.4451
3.883261396	93.4583
3.880354695	93.4392
3.877452343	93.4334
3.874554329	93.4373
3.871660644	93.4182
3.868771278	93.4197
3.865886222	93.408
3.863005465	93.4006
3.860128998	93.3836
3.857256812	93.3855
3.854388896	93.3836
3.851525243	93.3757
3.848665841	93.3904
3.845812161	93.3821
3.842961232	93.3816
3.840114528	93.3748
3.837272037	93.364
3.834433752	93.3669
3.831599662	93.3743
3.828769759	93.3679
3.825944033	93.3513
3.823122474	93.3591
3.820305074	93.3337
3.817491824	93.3386
3.814682714	93.3523
3.811877735	93.3347
3.809076878	93.322
3.806280134	93.3464
3.803487494	93.3416
3.800698949	93.3294
3.797914489	93.3298
3.795134107	93.3206
3.792357792	93.3132
3.789585537	93.2947
3.786817332	93.2854
3.784053167	93.2932
3.781293036	93.2644
3.778538356	93.2463
3.77578626	93.2522
3.773038171	93.2468
3.770294079	93.2454
3.767553976	93.2595
3.764817852	93.2351
3.7620857	93.2322
3.759357511	93.2459
3.756633275	93.2156
3.753912985	93.2234
3.751196632	93.2214
3.748484207	93.217
3.745775701	93.2058
3.743071107	93.1834
3.740370416	93.2122
3.73767362	93.2127
3.734980709	93.2019
3.732291676	93.2253
3.729606512	93.1961
3.726925208	93.1882
3.724247758	93.1604
3.721574151	93.1599
3.718904381	93.155
3.716238438	93.1414
3.713577694	93.1267
3.71091938	93.1135
3.708264869	93.1135
3.705614154	93.1091
3.702967225	93.1018
3.700324074	93.1204
3.697684695	93.1409
3.695049078	93.1155
3.692417215	93.0686
3.689789099	93.0378
3.687164722	93.0505
3.684544075	93.0471
3.68192715	93.0413
3.67931394	93.0427
3.676704437	93.0452
3.674098633	93.0457
3.67149652	93.0505
3.66889809	93.0515
3.666303336	93.0378
3.663712249	93.0203
3.661124822	93.0276
3.658541047	93.0212
3.655960916	93.0042
3.653384422	92.9871
3.65081289	92.9749
3.648243644	92.9587
3.645678012	92.9392
3.643115986	92.9539
3.640557559	92.9451
3.638002722	92.9265
3.635451469	92.9294
3.632903791	92.9128
3.630359682	92.9221
3.627819133	92.9089
3.625282138	92.8914
3.622748688	92.8987
3.620218777	92.8928
3.617692397	92.8826
3.615169541	92.8616
3.6126502	92.8635
3.610135673	92.8635
3.607623341	92.8582
3.605114504	92.8499
3.602609154	92.8245
3.600107283	92.8211
3.597608885	92.8279
3.595113953	92.7976
3.592622478	92.783
3.590134454	92.7888
3.587649874	92.7874
3.585168731	92.7507
3.582691017	92.7322
3.580216725	92.7268
3.577745848	92.7136
3.57527838	92.7078
3.572814313	92.699
3.57035364	92.6858
3.567896354	92.6902
3.565442448	92.6878
3.562991916	92.6824
3.560544749	92.655
3.558100942	92.6375
3.555660487	92.6248
3.553223378	92.6194
3.550790868	92.5994
3.548360427	92.5979
3.545933311	92.5955
3.543509513	92.5857
3.541089027	92.5808
3.538671844	92.596
3.53625796	92.5881
3.533847367	92.5588
3.531440058	92.5354
3.529036026	92.5183
3.526635266	92.5173
3.524237769	92.4944
3.52184353	92.4885
3.519452542	92.4827
3.517064798	92.4753
3.514680292	92.4534
3.512299017	92.4412
3.509920967	92.4475
3.507546135	92.4197
3.505174514	92.3962
3.502806098	92.3582
3.500440881	92.3479
3.498078855	92.3367
3.495720015	92.3181
3.493365575	92.3069
3.491013085	92.2913
3.488663762	92.2752
3.486317598	92.28
3.483974588	92.2678
3.481634725	92.2693
3.479298003	92.2507
3.476964415	92.2307
3.474633956	92.2288
3.472306619	92.2302
3.469982397	92.1961
3.467661284	92.1814
3.465343275	92.1643
3.463028363	92.1389
3.460716541	92.1355
3.458407804	92.1355
3.456102146	92.1189
3.453799559	92.1121
3.451500039	92.0955
3.449203579	92.0745
3.446910172	92.0667
3.444619814	92.0808
3.442332497	92.0867
3.440048216	92.0603
3.437768146	92.03
3.435489916	92.0134
3.433214704	92.0081
3.430942504	91.9812
3.428673309	91.9646
3.426407114	91.9314
3.424143913	91.8757
3.421883699	91.8811
3.419626467	91.8474
3.417372212	91.8298
3.415120926	91.7947
3.412872605	91.8128
3.410627242	91.7678
3.408384831	91.7498
3.406145367	91.7459
3.403908845	91.7522
3.401675257	91.7483
3.399444599	91.7527
3.397216864	91.7371
3.394992047	91.7229
3.392770143	91.7244
3.390551144	91.7346
3.388335047	91.7092
3.386121844	91.6892
3.383912676	91.6746
3.381705245	91.6702
3.379500692	91.655
3.377299012	91.6233
3.375100198	91.6091
3.372904246	91.5999
3.370711149	91.5823
3.368520903	91.5803
3.366333501	91.5374
3.364148938	91.5198
3.361967208	91.5374
3.359788306	91.512
3.357612227	91.5003
3.355438965	91.4812
3.353268515	91.4846
3.35110087	91.4548
3.348937148	91.4382
3.346775098	91.408
3.344615837	91.4006
3.342459362	91.3948
3.340305665	91.4119
3.338154741	91.3943
3.336006587	91.387
3.333861195	91.408
3.33171856	91.3875
3.329578678	91.3792
3.327441544	91.367
3.32530715	91.3494
3.323175494	91.3342
3.321046568	91.3186
3.318920368	91.3064
3.31679689	91.2771
3.314676126	91.2527
3.312558073	91.2483
3.310442725	91.219
3.308330077	91.1917
3.306220124	91.1995
3.304112861	91.178
3.302008281	91.156
3.299906382	91.1116
3.297808244	91.1013
3.295711686	91.1043
3.293617792	91.0906
3.291526557	91.0667
3.289437976	91.0276
3.287352045	91.0164
3.285268756	91.0115
3.283188107	90.9841
3.281110091	90.949
3.279034705	90.947
3.276961942	90.9314
3.274891798	90.8831
3.272824267	90.8479
3.270759346	90.8518
3.268697029	90.7932
3.26663731	90.7717
3.264580186	90.7503
3.262525652	90.7254
3.260473701	90.7263
3.25842433	90.7131
3.256377534	90.6765
3.254333308	90.6619
3.252291646	90.657
3.250252545	90.6326
3.248217054	90.6287
3.246183057	90.6189
3.244151606	90.5935
3.242122696	90.5647
3.240096322	90.5296
3.238072479	90.5081
3.236051163	90.4978
3.234032369	90.4846
3.232016093	90.4339
3.230002329	90.4304
3.227991073	90.408
3.22598232	90.363
3.223976065	90.3416
3.221972305	90.3142
3.219971033	90.2991
3.217972246	90.2835
3.215975939	90.2503
3.213982108	90.2327
3.211990747	90.2088
3.210001852	90.1912
3.208015419	90.1682
3.206031443	90.1565
3.204049919	90.1443
3.202070843	90.1091
3.200095235	90.0564
3.19812104	90.0061
3.196149279	89.9929
3.194179949	89.9607
3.192213043	89.9378
3.190248559	89.926
3.18828649	89.8963
3.186326834	89.867
3.184369586	89.8279
3.18241474	89.7776
3.180462293	89.7517
3.17851224	89.7244
3.176564577	89.7029
3.1746193	89.6546
3.172676403	89.6077
3.170735883	89.594
3.168797736	89.5447
3.166861956	89.512
3.164928541	89.4548
3.162997484	89.4514
3.161068783	89.3963
3.159142432	89.3284
3.157218427	89.2966
3.155296765	89.2576
3.153378435	89.2127
3.151461443	89.1702
3.14954678	89.1345
3.147634443	89.0667
3.145724426	89.0237
3.143816726	88.9612
3.141911338	88.9417
3.140008258	88.9158
3.138107483	88.8635
3.136209007	88.7991
3.134312827	88.7341
3.132418938	88.6995
3.130527337	88.6267
3.128638019	88.5725
3.126750981	88.5408
3.124866217	88.4866
3.122984699	88.4334
3.121104471	88.4007
3.119226507	88.3616
3.1173508	88.2888
3.115477349	88.2698
3.113606148	88.1951
3.111737193	88.1482
3.10987048	88.1189
3.108006006	88.0935
3.106143766	88.0584
3.104283756	88.0222
3.102425973	88.0076
3.100570412	87.9773
3.098717069	87.9578
3.096865941	87.9304
3.095017023	87.8865
3.093170311	87.8943
3.091325802	87.864
3.089483491	87.8045
3.087643375	87.7322
3.085805449	87.6912
3.08396971	87.6599
3.082136155	87.6511
3.080304778	87.5769
3.078476524	87.5105
3.076649492	87.45
3.074824627	87.4334
3.073001926	87.3826
3.071181385	87.323
3.069363	87.3103
3.067546766	87.2722
3.065732681	87.2205
3.06392074	87.1843
3.06211094	87.1736
3.060303276	87.1306
3.058497745	87.1072
3.056694344	87.0691
3.054893068	87.0369
3.053093914	87.0008
3.051296877	86.9832
3.049501955	86.9705
3.047709144	86.9373
3.045918439	86.8904
3.044129837	86.8172
3.042343335	86.7976
3.040558928	86.7644
3.038776613	86.7205
3.036996386	86.6824
3.035219166	86.6052
3.033443104	86.5711
3.031669119	86.4793
3.029897208	86.3777
3.028127367	86.3474
3.026359592	86.2693
3.02459388	86.1853
3.022830228	86.0955
3.021068631	85.9998
3.019309085	85.9392
3.017551589	85.8885
3.015796137	85.8328
3.014042726	85.7791
3.012291354	85.6931
3.010542015	85.5994
3.008794707	85.5281
3.007049426	85.4988
3.005306169	85.4158
3.003564931	85.3592
3.00182571	85.3181
3.000088503	85.2801
2.998353304	85.2156
2.996620112	85.1502
2.994888923	85.0994
2.993160628	85.076
2.991433432	85.0398
2.989708228	84.9724
2.987985013	84.8787
2.986263784	84.8592
2.984544536	84.8308
2.982827267	84.7713
2.981111973	84.7029
2.97939865	84.6375
2.977687296	84.5906
2.975977906	84.5388
2.974270478	84.4685
2.972565009	84.3953
2.970861493	84.3445
2.96915993	84.2674
2.967460314	84.1619
2.965763522	84.0779
2.964067792	83.9929
2.962373999	83.906
2.960682141	83.8211
2.958992215	83.7625
2.957304216	83.699
2.955618142	83.6541
2.95393399	83.6209
2.952251756	83.6131
2.950571437	83.5252
2.94889303	83.5476
2.947216531	83.4344
2.945541937	83.3826
2.943869245	83.3289
2.942198452	83.3045
2.940529554	83.2508
2.938862549	83.3142
2.937197432	83.2986
2.935534201	83.243
2.933872853	83.283
2.932213384	83.2459
2.930555792	83.2195
2.928900072	83.1697
2.927246222	83.1297
2.925595095	83.0974
2.923944975	83.1053
2.922296715	83.0877
2.920650312	83.0701
2.919005763	83.0711
2.917363066	83.0906
2.915722216	83.076
2.91408321	83.075
2.912446047	83.0515
2.910810722	83.0799
2.909177232	83.0486
2.907545575	83.0467
2.905915747	83.0408
2.904287745	83.0711
2.902661566	83.0867
2.901037208	83.0935
2.899414666	83.1404
2.897793938	83.1756
2.896175022	83.2312
2.894557913	83.2937
2.892942609	83.3015
2.891329106	83.3572
2.889717403	83.3826
2.888107495	83.4256
2.886500214	83.4666
2.884893888	83.489
2.883289349	83.574
2.881686594	83.6179
2.880085619	83.7156
2.878486423	83.7976
2.876889001	83.8172
2.875293352	83.8982
2.873699471	83.9529
2.872107357	84.0056
2.870517006	84.0672
2.868928415	84.1062
2.867341582	84.1424
2.865756502	84.1756
2.864173175	84.2469
2.862591596	84.3211
2.861011762	84.3992
2.859433672	84.4539
2.857857321	84.5603
2.856282708	84.6023
2.854709829	84.6326
2.853138681	84.657
2.851569261	84.7234
2.850001568	84.74
2.848436408	84.8103
2.846872156	84.8328
2.845309621	84.8904
2.8437488	84.9588
2.842189691	85.0125
2.840632291	85.0271
2.839076596	85.0594
2.837522604	85.0594
2.835970313	85.1033
2.834419719	85.1365
2.83287082	85.1258
2.831323613	85.0984
2.829778094	85.1062
2.828234263	85.114
2.826692114	85.1853
2.825151647	85.2127
2.823612858	85.2312
2.822075744	85.2732
2.820540303	85.3435
2.819006531	85.4021
2.817474427	85.4412
2.815943987	85.4666
2.81441521	85.5291
2.812888091	85.575
2.811363418	85.7146
2.809839609	85.7752
2.80831745	85.825
2.806796939	85.9275
2.805278075	85.9959
2.803760853	86.0681
2.802245271	86.1482
2.800731327	86.2556
2.799219018	86.3718
2.797708341	86.4646
2.796199294	86.5506
2.794691874	86.615
2.793186078	86.7068
2.791681905	86.8328
2.79017935	86.9236
2.788678412	87.0134
2.787179865	87.1375
2.785682151	87.2439
2.784186046	87.3728
2.782691547	87.4959
2.781198652	87.574
2.779707358	87.7029
2.778217662	87.8259
2.776729562	87.9138
2.775243056	88.0213
2.77375814	88.158
2.772274812	88.3084
2.77079307	88.365
2.769312911	88.5466
2.767834333	88.6726
2.766357333	88.7752
2.764881908	88.9109
2.763408056	88.9607
2.761935774	89.0857
2.760465061	89.2195
2.758995913	89.3279
2.757528328	89.4304
2.756062304	89.4646
2.754597837	89.532
2.753134926	89.7146
2.751674325	89.8718
2.750214517	90.0047
2.748756257	90.1697
2.747299542	90.2537
2.74584437	90.3045
2.74439074	90.3689
2.742938647	90.4255
2.741488091	90.4226
2.740039067	90.4275
2.738591575	90.5007
2.737145611	90.6248
2.735701174	90.7361
2.73425826	90.7498
2.732816867	90.8748
2.731376994	90.9685
2.729938636	91.0037
2.728501793	91.0896
2.727066462	91.1257
2.72563264	91.1336
2.724200325	91.1463
2.722769514	91.2576
2.721340206	91.325
2.719912397	91.2752
2.718486086	91.4109
2.717062008	91.5086
2.715638684	91.5545
2.714216851	91.5564
2.712796505	91.4773
2.711377646	91.4304
2.709960269	91.364
2.708544374	91.4353
2.707129958	91.4812
2.705717018	91.488
2.704305552	91.4773
2.702895558	91.4959
2.701487034	91.49
2.700079976	91.5037
2.698674384	91.5242
2.697270255	91.489
2.695867585	91.4451
2.694466374	91.4197
2.693066619	91.4382
2.691668318	91.4646
2.690271467	91.4822
2.688876066	91.4568
2.687482111	91.4373
2.686089602	91.4187
2.684698534	91.4373
2.683309626	91.4109
2.681921436	91.3836
2.680534681	91.4197
2.679149359	91.4119
2.677765469	91.3806
2.676383008	91.3406
2.675001973	91.4138
2.673622363	91.4607
2.672244175	91.4236
2.670867407	91.2244
2.669492057	91.2146
2.668118123	91.2937
2.666745602	91.2595
2.665374493	91.2068
2.664004793	91.2537
2.6626365	91.3806
2.66127032	91.3836
2.659904834	91.3836
2.658540748	91.3982
2.657178061	91.3884
2.65581677	91.3787
2.654456873	91.3289
2.653098368	91.3093
2.651741253	91.2986
2.650385525	91.3211
2.649031183	91.3289
2.647678224	91.2898
2.646326647	91.2898
2.644976449	91.2888
2.643627628	91.3005
2.642280182	91.2546
2.640934109	91.2849
2.639589407	91.2478
2.638246073	91.2927
2.636904106	91.2898
2.635563503	91.2908
2.634224263	91.2498
2.632886383	91.2117
2.631549862	91.1658
2.630214697	91.0916
2.628881577	91.1287
2.627549117	91.158
2.626218007	91.1648
2.624888245	91.2234
2.62355983	91.2
2.622232758	91.1365
2.620907028	91.0545
2.619582638	91.0037
2.618259585	91.0593
2.616937869	91.032
2.615617486	91.0154
2.614298435	91.0711
2.612980713	91.0671
2.61166432	91.0505
2.610349252	91.074
2.609035507	91.0671
2.607723085	90.9959
2.606411982	90.9646
2.605102197	90.9177
2.603793727	90.9187
2.602486572	90.9812
2.601180728	91.0164
2.599876194	91.0505
2.598572968	91.0867
2.597271722	91.0203
2.595971105	90.8914
2.59467179	90.7107
2.593373774	90.7742
2.592077057	90.9099
2.590781636	90.9685
2.589487509	90.9265
2.588194675	90.8416
2.58690313	90.8201
2.585612874	90.8513
2.584323905	90.7937
2.58303622	90.7888
2.581749817	90.8523
2.580464695	90.8679
2.579180852	90.8709
2.577898286	90.8513
2.576616995	90.8045
2.575336976	90.8064
2.574058229	90.7507
2.572780751	90.7654
2.571504541	90.8357
2.570229596	90.8435
2.568955915	90.8601
2.567683495	90.8406
2.566412994	90.8005
2.565143091	90.7625
2.563874445	90.742
2.562607053	90.7625
2.561340913	90.7537
2.560076024	90.739
2.558812384	90.7576
2.55754999	90.8084
2.556288841	90.7654
2.555028936	90.7547
2.553770272	90.782
2.552512847	90.781
2.55125666	90.7185
2.550001709	90.6843
2.548747991	90.6795
2.547495506	90.6843
2.546244252	90.6726
2.544994225	90.6492
2.543745426	90.656
2.542497852	90.6882
2.5412515	90.7537
2.54000637	90.7459
2.53876246	90.7439
2.537519767	90.783
2.536278934	90.6931
2.535038671	90.6912
2.53379962	90.7048
2.53256178	90.6677
2.531325149	90.6267
2.530089725	90.6931
2.528855506	90.6697
2.52762249	90.6795
2.526390677	90.6482
2.525160064	90.656
2.523930648	90.6443
2.52270243	90.6365
2.521475406	90.6384
2.520249575	90.6423
2.519024936	90.6599
2.517801486	90.574
2.516579857	90.572
2.515358781	90.5545
2.514138889	90.5252
2.512920179	90.531
2.511702651	90.5076
2.510486301	90.5545
2.50927113	90.5408
2.508057134	90.5388
2.506844312	90.5349
2.505632662	90.4822
2.504422183	90.4646
2.503212874	90.4978
2.502004731	90.4509
2.500797754	90.4529
2.499591942	90.4685
2.498387291	90.4119
2.497183801	90.4236
2.49598147	90.4295
2.494780296	90.3806
2.493580278	90.3552
2.492381413	90.3572
2.491183701	90.3806
2.489987139	90.4099
2.488791726	90.3767
2.48759808	90.3689
2.486404959	90.3767
2.485212983	90.3377
2.484022149	90.3474
2.482832455	90.4002
2.4816439	90.3982
2.480456483	90.367
2.479270202	90.2986
2.478085055	90.2732
2.47690104	90.2224
2.475718156	90.2478
2.474536402	90.2673
2.473355775	90.2224
2.472176274	90.2029
2.470997898	90.2029
2.469820644	90.2908
2.468644512	90.2615
2.467469499	90.3357
2.466295604	90.2556
2.465122826	90.2361
2.463951163	90.242
2.462780612	90.1756
2.461611174	90.2029
2.460442845	90.2205
2.45927623	90.1892
2.458110116	90.2029
2.456945108	90.2068
2.455781204	90.1502
2.454618401	90.2068
2.4534567	90.1951
2.452296097	90.2127
2.451136592	90.2732
2.449978183	90.1834
2.448820868	90.2127
2.447664646	90.2244
2.446509516	90.2381
2.445355475	90.2752
2.444202523	90.242
2.443050657	90.2068
2.441899876	90.1892
2.440750179	90.1677
2.439601564	90.1248
2.43845403	90.1423
2.437307575	90.1209
2.436162197	90.1345
2.435017895	90.1189
2.433874668	90.0506
2.432732513	90.0779
2.431592022	90.0545
2.430452008	90.0388
2.429313063	90.0701
2.428175185	90.0564
2.427038372	90.1111
2.425902624	90.0642
2.424767938	90.1267
2.423634312	90.0818
2.422501747	90.0154
2.421370239	90.031
2.420239788	89.9607
2.419110392	90.0095
2.417982049	89.9529
2.416854758	89.9783
2.415728518	89.9353
2.414603328	90.0095
2.413479185	89.9685
2.412356088	89.9627
2.411234036	89.9861
2.410113027	89.9685
2.40899306	90.0154
2.407874134	89.9568
2.406756246	89.9802
2.405639396	89.9881
2.40452416	89.9548
2.40340938	89.9724
2.402295634	89.9451
2.401182919	89.8982
2.400071234	89.9236
2.398960578	89.9451
2.39785095	89.9177
2.396742348	89.9002
2.39563477	89.906
2.394528216	89.8748
2.393422683	89.8533
2.392318171	89.8142
2.391214677	89.8474
2.390112201	89.9002
2.389010742	89.9002
2.387910297	89.9236
2.386811435	89.8279
2.385713014	89.867
2.384615605	89.906
2.383519204	89.8787
2.382423811	89.8631
2.381329425	89.8748
2.380236043	89.7966
2.379143665	89.7224
2.37805229	89.7908
2.376961915	89.8142
2.375872539	89.8611
2.374784162	89.8357
2.373696781	89.9607
2.372610396	89.9548
2.371525004	89.8904
2.370440606	89.8513
2.369357198	89.8787
2.368274781	89.8865
2.367193351	89.8279
2.366112909	89.781
2.365033453	89.7986
2.363954982	89.7732
2.362877493	89.822
2.361800987	89.7771
2.360726018	89.8084
2.35965147	89.8689
2.3585779	89.8396
2.357505307	89.8045
2.356433688	89.783
2.355363044	89.742
2.354293372	89.7263
2.353224671	89.6677
2.35215694	89.8084
2.351090177	89.7361
2.350024382	89.7068
2.348959552	89.7771
2.347895687	89.7283
2.346832785	89.7888
2.345770845	89.7498
2.344709866	89.7888
2.343649846	89.7693
2.342590784	89.7927
2.341532678	89.8357
2.340475528	89.7927
2.339419333	89.7986
2.33836409	89.7673
2.337309798	89.6795
2.336256457	89.6326
2.335204611	89.656
2.334153166	89.6736
2.333102667	89.6267
2.332053114	89.6091
2.331004504	89.6795
2.329956838	89.7771
2.328910112	89.8006
2.327864326	89.7283
2.32681948	89.7029
2.325775571	89.7146
2.324732598	89.7595
2.32369056	89.7498
2.322649456	89.7068
2.321609284	89.6599
2.320570043	89.6248
2.319531733	89.6951
2.318494351	89.6814
2.317457897	89.6091
2.316422369	89.6111
2.315387766	89.5974
2.314354087	89.6482
2.31332133	89.6345
2.312289495	89.6111
2.31125858	89.5935
2.310229117	89.6248
2.309200038	89.6756
2.308171875	89.6951
2.307144627	89.7048
2.306118293	89.6873
2.305092872	89.6033
2.304068363	89.6658
2.303044763	89.6795
2.302022073	89.656
2.301000291	89.6716
2.299979415	89.6189
2.298959445	89.658
2.297940379	89.6736
2.296922216	89.6795
2.295904955	89.7732
2.294888595	89.7283
2.29387366	89.6638
2.292859097	89.6716
2.291845431	89.6814
2.29083266	89.7595
2.289820785	89.697
2.288809803	89.6638
2.287799713	89.6795
2.286790515	89.7029
2.285782206	89.6033
2.284774786	89.6521
2.283768254	89.6287
2.282762608	89.5154
2.281757848	89.5095
2.280753972	89.4548
2.279750978	89.4529
2.278748867	89.533
2.277747636	89.5779
2.276747284	89.6482
2.275747811	89.6756
2.274749215	89.6443
2.273751494	89.6404
2.272754649	89.6658
2.271758677	89.6189
2.270763578	89.5642
2.269769866	89.5271
2.268776508	89.5017
2.267784019	89.5486
2.266792398	89.5935
2.265801644	89.6091
2.264811756	89.6345
2.263822732	89.6091
2.262834571	89.6248
2.261847273	89.6951
2.260860836	89.5486
2.259875259	89.4998
2.258890541	89.5642
2.257906681	89.5506
2.256923678	89.5388
2.25594153	89.4548
2.254960236	89.4763
2.253979796	89.4763
2.253000208	89.4783
2.252021471	89.5486
2.251043584	89.617
2.250066546	89.6248
2.249090355	89.617
2.248115012	89.6638
2.247140514	89.5427
2.246167365	89.4548
2.245194554	89.5076
2.244222586	89.4763
2.243251458	89.4939
2.242281171	89.4841
2.241311723	89.5017
2.240343113	89.5388
2.23937534	89.6033
2.238408402	89.5349
2.237442299	89.6091
2.23647703	89.7576
2.235512593	89.6423
2.234548988	89.5232
2.233586213	89.5017
2.232624267	89.5857
2.231663149	89.5017
2.230702859	89.5935
2.229743394	89.6326
2.228784755	89.6013
2.22782694	89.4939
2.226869947	89.6209
2.225913777	89.6013
2.224958427	89.6834
2.224003896	89.6892
2.223050679	89.7263
2.222097785	89.6404
2.221145707	89.6013
2.220194445	89.6443
2.219243997	89.7439
2.218294362	89.7732
2.21734554	89.8142
2.21639753	89.7341
2.215450329	89.783
2.214503938	89.8064
2.213558355	89.7127
2.212613579	89.6716
2.211669609	89.617
2.210726445	89.5545
2.209784084	89.5466
2.208842527	89.4783
2.207901771	89.5173
2.206961817	89.6091
2.206022662	89.5701
2.205084307	89.6423
2.204146749	89.7283
2.203209989	89.7029
2.202274024	89.7439
2.201338854	89.7595
2.200404963	89.7517
2.199471379	89.7966
2.198538587	89.8045
2.197606587	89.7654
2.196675376	89.7927
2.195744954	89.7029
2.194815319	89.822
2.193886472	89.7576
2.192958411	89.7127
2.192031134	89.7908
2.191104641	89.7517
2.190178931	89.6814
2.189254003	89.5857
2.188329856	89.6013
2.187406488	89.6423
2.1864839	89.6111
2.185562567	89.617
2.184641533	89.6404
2.183721275	89.7283
2.182801792	89.7263
2.181883083	89.6795
2.180965147	89.5408
2.180047983	89.6091
2.17913159	89.5798
2.178215967	89.6638
2.177301113	89.6482
2.176387028	89.6248
2.175473709	89.5877
2.174561157	89.658
2.17364937	89.6345
2.172738348	89.7576
2.171828089	89.8201
2.170918592	89.7127
2.170009856	89.7361
2.169101881	89.7576
2.168194666	89.6814
2.167288209	89.7439
2.166382509	89.8435
2.165477567	89.7966
2.16457338	89.7341
2.163670416	89.7986
2.162767737	89.8123
2.161865811	89.7029
2.160964637	89.5955
2.160064214	89.7146
2.159164542	89.7185
2.158265618	89.6638
2.157367442	89.6091
2.156470014	89.6482
2.155573332	89.7381
2.154677395	89.7029
2.153782203	89.7146
2.152887754	89.7537
2.151994048	89.7693
2.151101084	89.7537
2.150208861	89.7068
2.149317377	89.8591
2.148426632	89.781
2.147536625	89.7927
2.146647355	89.8123
2.145758822	89.8396
2.144871024	89.7029
2.14398396	89.8084
2.143097629	89.8631
2.14221249	89.8709
2.141327623	89.9373
2.140443487	89.949
2.139560081	89.9334
2.138677403	89.9685
2.137795454	89.8396
2.136914232	89.8748
2.136033736	89.7849
2.135153965	89.8279
2.134274919	89.7381
2.133396596	89.6756
2.132518995	89.7107
2.131642117	89.8045
2.130765959	89.8904
2.129890521	89.7849
2.129015803	89.6716
2.128141802	89.7029
2.127268519	89.7966
2.126395952	89.7966
2.125524101	89.7537
2.124652964	89.7068
2.123782542	89.7224
2.122912832	89.7498
2.122043834	89.9216
2.121175997	89.9763
2.12030842	89.8006
2.119441553	89.9412
2.118575394	89.9959
2.117709942	90.0466
2.116845198	89.906
2.115981159	89.9334
2.115117826	90.0076
2.114255197	89.9529
2.113393271	89.8084
2.112532047	89.8006
2.111671525	89.8904
2.110811704	89.7068
2.109952583	89.6677
2.109094161	89.6638
2.108236437	89.531
2.107379855	89.7068
2.106523524	89.7771
2.105667889	89.8357
2.104812949	89.7654
2.103958703	89.742
2.103105151	89.7185
2.10225229	89.7888
2.101400121	89.8631
2.100548642	89.8631
2.099697853	89.8201
2.098847754	89.7146
2.097998342	89.7107
2.097149617	89.7966
2.096301579	89.7224
2.095454226	89.7966
2.094607559	89.9295
2.093761575	89.8396
2.092916274	89.9412
2.092071655	89.9373
2.091227718	90.0193
2.090384461	89.9607
2.089541885	89.824
2.088699987	89.867
2.087858767	89.8396
2.08701866	89.7576
2.086178794	89.7693
2.085339604	89.8123
2.084501088	89.8357
2.083663247	89.8435
2.082826078	89.9607
2.081989583	89.8045
2.081153758	89.7029
2.080318605	89.6912
2.079484122	89.867
