Name: Anorthite (Feldspar) (NaSi,CaAl)AlSi_2O_8
Type: Mineral
Class: Silicates
Subclass: Tectosilicates
Particle Size: 0-45um
Sample No.: TS-5A
Owner: JPL
Wavelength Range: VNIR-SWIR
Origin: 
Collected by JPL
Description:   





Measurement: Hemispherical reflectance
First Column: X
Second Column: Y
X Units:  Wavelength (micrometers)
Y Units:  Reflectance (percent)
First X Value:   0.40
Last X Value:   2.50
Number of X Values:  826
Additional Information: ts05aa.txt

   0.400  58.4700
   0.401  58.5500
   0.402  58.5600
   0.403  58.8500
   0.404  58.9400
   0.405  59.2400
   0.406  59.2800
   0.407  59.3100
   0.408  59.5700
   0.409  59.7300
   0.410  59.8300
   0.411  60.0300
   0.412  60.0500
   0.413  60.2500
   0.414  60.3000
   0.415  60.4400
   0.416  60.4400
   0.417  60.7200
   0.418  60.7800
   0.419  60.9200
   0.420  60.8400
   0.421  61.0800
   0.422  61.2800
   0.423  61.4200
   0.424  61.4200
   0.425  61.5500
   0.426  61.7600
   0.427  61.8500
   0.428  61.9100
   0.429  62.0500
   0.430  62.3100
   0.431  62.3700
   0.432  62.3900
   0.433  62.3500
   0.434  62.6300
   0.435  62.9300
   0.436  62.9300
   0.437  62.9500
   0.438  63.1400
   0.439  63.1800
   0.440  63.3200
   0.441  63.2200
   0.442  63.3200
   0.443  63.6000
   0.444  63.6400
   0.445  63.5600
   0.446  63.7000
   0.447  63.9000
   0.448  64.0000
   0.449  64.0800
   0.450  64.0400
   0.451  64.0600
   0.452  64.2000
   0.453  64.2200
   0.454  64.2200
   0.455  64.3300
   0.456  64.5200
   0.457  64.5200
   0.458  64.5800
   0.459  64.7200
   0.460  64.6600
   0.461  64.8400
   0.462  64.8200
   0.463  64.8200
   0.464  64.8800
   0.465  65.0200
   0.466  65.2000
   0.467  65.1000
   0.468  65.1300
   0.469  65.2500
   0.470  65.3800
   0.471  65.2800
   0.472  65.2800
   0.473  65.3800
   0.474  65.5000
   0.475  65.5200
   0.476  65.5800
   0.477  65.5800
   0.478  65.7300
   0.479  65.8500
   0.480  65.8800
   0.481  65.8600
   0.482  66.1500
   0.483  66.0500
   0.484  66.1200
   0.485  66.0300
   0.486  66.2000
   0.487  66.2600
   0.488  66.2100
   0.489  66.2000
   0.490  66.3900
   0.491  66.5100
   0.492  66.5200
   0.493  66.4200
   0.494  66.5900
   0.495  66.7400
   0.496  66.7600
   0.497  66.5800
   0.498  66.7000
   0.499  66.8700
   0.500  66.8900
   0.501  66.9800
   0.502  66.9600
   0.503  67.1500
   0.504  67.2600
   0.505  67.1700
   0.506  67.2000
   0.507  67.4200
   0.508  67.5600
   0.509  67.5400
   0.510  67.4400
   0.511  67.3900
   0.512  67.6400
   0.513  67.6900
   0.514  67.6500
   0.515  67.7300
   0.516  67.8300
   0.517  67.9400
   0.518  67.9500
   0.519  67.9300
   0.520  68.1400
   0.521  68.1100
   0.522  68.1100
   0.523  68.0500
   0.524  68.0100
   0.525  68.2400
   0.526  68.2500
   0.527  68.1200
   0.528  68.3200
   0.529  68.3300
   0.530  68.3200
   0.531  68.2600
   0.532  68.2000
   0.533  68.4400
   0.534  68.3800
   0.535  68.4400
   0.536  68.3500
   0.537  68.3500
   0.538  68.4700
   0.539  68.5700
   0.540  68.3700
   0.541  68.5200
   0.542  68.6600
   0.543  68.5900
   0.544  68.5500
   0.545  68.5500
   0.546  68.7200
   0.547  68.8600
   0.548  68.7700
   0.549  68.5600
   0.550  68.7400
   0.551  68.8200
   0.552  68.9600
   0.553  69.0000
   0.554  68.9000
   0.555  69.0200
   0.556  69.0500
   0.557  69.1000
   0.558  68.9400
   0.559  69.0000
   0.560  69.0000
   0.561  69.5300
   0.562  69.4600
   0.563  69.4300
   0.564  69.3400
   0.565  69.4300
   0.566  69.4000
   0.567  69.3100
   0.568  69.2100
   0.569  69.3100
   0.570  69.2900
   0.571  69.1800
   0.572  69.0900
   0.573  69.1200
   0.574  69.1900
   0.575  69.2000
   0.576  69.1600
   0.577  69.0600
   0.578  69.2600
   0.579  69.1800
   0.580  69.1000
   0.581  69.0100
   0.582  69.0800
   0.583  69.1000
   0.584  69.0700
   0.585  68.9300
   0.586  69.0200
   0.587  69.2900
   0.588  69.0800
   0.589  69.1000
   0.590  69.2200
   0.591  69.3800
   0.592  69.3500
   0.593  69.1400
   0.594  69.1400
   0.595  69.3700
   0.596  69.1000
   0.597  69.3000
   0.598  69.1500
   0.599  69.3200
   0.600  69.4000
   0.601  69.4400
   0.602  69.3700
   0.603  69.3800
   0.604  69.4100
   0.605  69.5500
   0.606  69.4000
   0.607  69.3400
   0.608  69.4500
   0.609  69.2900
   0.610  69.3800
   0.611  69.2300
   0.612  69.3900
   0.613  69.4600
   0.614  69.5200
   0.615  69.4100
   0.616  69.2800
   0.617  69.3500
   0.618  69.3000
   0.619  69.2600
   0.620  69.1300
   0.621  69.3000
   0.622  69.2500
   0.623  69.3500
   0.624  69.2500
   0.625  69.2800
   0.626  69.3900
   0.627  69.3800
   0.628  69.3500
   0.629  69.4200
   0.630  69.4000
   0.631  69.4700
   0.632  69.3300
   0.633  69.4500
   0.634  69.4900
   0.635  69.3500
   0.636  69.3200
   0.637  69.4000
   0.638  69.3600
   0.639  69.5000
   0.640  69.4500
   0.641  69.2400
   0.642  69.4600
   0.643  69.4300
   0.644  69.3700
   0.645  69.3500
   0.646  69.4300
   0.647  69.5100
   0.648  69.3300
   0.649  69.2900
   0.650  69.3300
   0.651  69.3200
   0.652  69.5300
   0.653  69.4900
   0.654  69.2900
   0.655  69.5000
   0.656  69.4600
   0.657  69.4600
   0.658  69.3000
   0.659  69.4200
   0.660  69.4900
   0.661  69.3900
   0.662  69.4200
   0.663  69.2800
   0.664  69.4100
   0.665  69.5100
   0.666  69.3900
   0.667  69.4700
   0.668  69.3000
   0.669  69.4200
   0.670  69.4500
   0.671  69.3600
   0.672  69.4100
   0.673  69.5100
   0.674  69.5300
   0.675  69.5900
   0.676  69.4300
   0.677  69.4200
   0.678  69.4200
   0.679  69.5900
   0.680  69.6200
   0.681  69.4300
   0.682  69.4800
   0.683  69.5400
   0.684  69.5900
   0.685  69.4600
   0.686  69.3900
   0.687  69.4900
   0.688  69.5500
   0.689  69.5200
   0.690  69.4100
   0.691  69.5300
   0.692  69.6300
   0.693  69.6600
   0.694  69.6500
   0.695  69.4600
   0.696  69.5400
   0.697  69.5600
   0.698  69.5200
   0.699  69.4300
   0.700  69.6000
   0.701  69.5500
   0.702  69.4900
   0.703  69.5900
   0.704  69.5400
   0.705  69.4900
   0.706  69.4900
   0.707  69.5800
   0.708  69.6400
   0.709  69.5400
   0.710  69.5100
   0.711  69.4600
   0.712  69.6200
   0.713  69.5300
   0.714  69.4600
   0.715  69.4800
   0.716  69.5400
   0.717  69.6800
   0.718  69.5900
   0.719  69.4900
   0.720  69.6100
   0.721  69.6500
   0.722  69.5500
   0.723  69.5600
   0.724  69.5800
   0.725  69.6400
   0.726  69.6200
   0.727  69.5200
   0.728  69.5400
   0.729  69.5800
   0.730  69.7500
   0.731  69.6800
   0.732  69.5600
   0.733  69.7200
   0.734  69.7400
   0.735  69.7100
   0.736  69.7200
   0.737  69.6600
   0.738  69.6200
   0.739  69.6700
   0.740  69.6400
   0.741  69.5500
   0.742  69.6200
   0.743  69.7400
   0.744  69.6900
   0.745  69.6700
   0.746  69.6200
   0.747  69.6800
   0.748  69.7000
   0.749  69.6000
   0.750  69.5100
   0.751  69.6700
   0.752  69.7200
   0.753  69.6900
   0.754  69.5700
   0.755  69.4700
   0.756  69.6500
   0.757  69.7100
   0.758  69.5100
   0.759  69.5800
   0.760  69.6100
   0.761  69.6500
   0.762  69.5500
   0.763  69.4200
   0.764  69.5700
   0.765  69.6100
   0.766  69.5800
   0.767  69.4800
   0.768  69.5800
   0.769  69.6500
   0.770  69.5700
   0.771  69.4400
   0.772  69.6500
   0.773  69.7100
   0.774  69.7100
   0.775  69.6400
   0.776  69.6400
   0.777  69.7500
   0.778  69.7400
   0.779  69.6100
   0.780  69.5000
   0.781  69.6300
   0.782  69.7500
   0.783  69.7400
   0.784  69.6000
   0.785  69.7400
   0.786  69.7400
   0.787  69.6700
   0.788  69.6200
   0.789  69.6700
   0.790  69.7300
   0.791  69.8600
   0.792  69.7200
   0.793  69.7100
   0.794  69.7000
   0.795  69.7800
   0.796  69.7400
   0.797  69.6500
   0.798  69.7700
   0.799  69.8900
   0.800  69.7100
   0.804  69.7100
   0.808  69.7200
   0.812  69.6500
   0.816  69.6300
   0.820  69.5400
   0.824  69.5400
   0.828  69.4800
   0.832  69.5700
   0.836  69.6000
   0.840  69.5100
   0.844  69.5600
   0.848  69.6700
   0.852  69.5900
   0.856  69.5800
   0.860  69.6000
   0.864  69.6000
   0.868  69.5800
   0.872  69.5700
   0.876  69.4900
   0.880  69.5100
   0.884  69.5100
   0.888  69.4800
   0.892  69.5400
   0.896  69.5400
   0.900  69.5400
   0.904  69.5800
   0.908  69.6000
   0.912  69.6000
   0.916  69.5800
   0.920  69.6000
   0.924  69.6400
   0.928  69.6600
   0.932  69.6700
   0.936  69.7200
   0.940  69.6600
   0.944  69.6900
   0.948  69.7000
   0.952  69.6600
   0.956  69.8100
   0.960  69.8400
   0.964  69.8100
   0.968  69.8100
   0.972  69.7500
   0.976  69.7600
   0.980  69.8100
   0.984  69.6300
   0.988  69.6600
   0.992  69.5900
   0.996  69.7100
   1.000  69.7400
   1.004  69.7600
   1.008  69.7900
   1.012  69.7700
   1.016  69.7200
   1.020  69.6400
   1.024  69.6300
   1.028  69.5500
   1.032  69.6300
   1.036  69.5800
   1.040  69.7300
   1.044  69.6800
   1.048  69.5900
   1.052  69.6000
   1.056  69.5500
   1.060  69.5400
   1.064  69.5200
   1.068  69.5400
   1.072  69.5100
   1.076  69.4900
   1.080  69.4800
   1.084  69.5400
   1.088  69.5200
   1.092  69.6000
   1.096  69.6200
   1.100  69.6000
   1.104  69.6000
   1.108  69.5500
   1.112  69.6500
   1.116  69.6300
   1.120  69.6700
   1.124  69.5800
   1.128  69.6500
   1.132  69.6100
   1.136  69.5500
   1.140  69.5200
   1.144  69.5000
   1.148  69.4100
   1.152  69.4400
   1.156  69.5200
   1.160  69.4900
   1.164  69.6700
   1.168  69.5800
   1.172  69.5500
   1.176  69.5200
   1.180  69.5400
   1.184  69.5800
   1.188  69.5100
   1.192  69.6100
   1.196  69.6100
   1.200  69.6000
   1.204  69.6600
   1.208  69.5600
   1.212  69.5000
   1.216  69.5500
   1.220  69.6200
   1.224  69.7000
   1.228  69.7000
   1.232  69.7500
   1.236  69.7600
   1.240  69.7900
   1.244  69.7400
   1.248  69.7800
   1.252  69.8700
   1.256  69.8700
   1.260  69.8000
   1.264  69.8800
   1.268  69.7200
   1.272  69.8700
   1.276  69.7800
   1.280  69.8900
   1.284  69.9300
   1.288  69.9700
   1.292  69.9400
   1.296  69.9900
   1.300  70.0600
   1.304  69.9500
   1.308  70.0700
   1.312  70.0200
   1.316  70.0100
   1.320  69.9800
   1.324  70.0000
   1.328  69.9400
   1.332  69.9900
   1.336  70.0100
   1.340  70.0400
   1.344  70.1000
   1.348  70.0600
   1.352  70.0900
   1.356  70.1700
   1.360  70.2300
   1.364  70.1800
   1.368  70.2800
   1.372  70.1800
   1.376  70.1500
   1.380  70.1200
   1.384  69.9500
   1.388  69.7700
   1.392  69.7400
   1.396  69.6700
   1.400  69.5500
   1.404  69.5900
   1.408  69.6900
   1.412  69.7900
   1.416  69.8800
   1.420  70.0700
   1.424  70.1900
   1.428  70.1400
   1.432  70.2300
   1.436  70.2200
   1.440  70.3400
   1.444  70.3400
   1.448  70.2900
   1.452  70.3100
   1.456  70.3900
   1.460  70.4400
   1.464  70.4800
   1.468  70.5000
   1.472  70.4400
   1.476  70.4700
   1.480  70.4700
   1.484  70.6100
   1.488  70.5500
   1.492  70.5500
   1.496  70.6000
   1.500  70.6900
   1.504  70.6000
   1.508  70.6300
   1.512  70.6900
   1.516  70.7000
   1.520  70.7900
   1.524  70.7400
   1.528  70.7700
   1.532  70.7800
   1.536  70.8300
   1.540  70.7500
   1.544  70.7800
   1.548  70.8000
   1.552  70.7800
   1.556  70.7300
   1.560  70.8300
   1.564  70.8400
   1.568  70.8100
   1.572  70.8400
   1.576  70.7800
   1.580  70.8500
   1.584  70.8600
   1.588  70.9000
   1.592  70.9200
   1.596  70.8900
   1.600  70.9600
   1.604  70.9500
   1.608  70.8700
   1.612  70.8500
   1.616  70.8100
   1.620  70.8800
   1.624  70.8400
   1.628  70.8600
   1.632  70.8700
   1.636  70.9100
   1.640  70.9700
   1.644  70.9600
   1.648  70.9600
   1.652  70.9200
   1.656  71.0300
   1.660  71.0500
   1.664  71.0700
   1.668  71.0900
   1.672  70.9700
   1.676  70.9400
   1.680  70.9500
   1.684  70.9400
   1.688  70.8800
   1.692  71.0000
   1.696  70.9700
   1.700  70.9900
   1.704  70.9900
   1.708  71.1500
   1.712  71.1400
   1.716  71.1300
   1.720  70.9700
   1.724  71.0700
   1.728  71.0600
   1.732  71.0000
   1.736  70.9200
   1.740  70.8800
   1.744  70.8600
   1.748  70.9400
   1.752  70.9400
   1.756  70.9200
   1.760  70.9800
   1.764  71.0200
   1.768  70.8600
   1.772  70.9200
   1.776  70.9300
   1.780  70.9600
   1.784  70.9400
   1.788  70.9700
   1.792  70.9900
   1.796  71.0600
   1.800  70.9200
   1.804  70.9100
   1.808  70.9800
   1.812  70.9300
   1.816  70.8800
   1.820  70.9100
   1.824  70.8800
   1.828  70.8500
   1.832  70.8400
   1.836  70.8500
   1.840  70.8900
   1.844  70.8900
   1.848  70.8500
   1.852  70.8300
   1.856  70.8300
   1.860  70.7200
   1.864  70.7100
   1.868  70.6700
   1.872  70.6600
   1.876  70.5300
   1.880  70.4800
   1.884  70.3600
   1.888  70.2500
   1.892  70.0700
   1.896  69.9600
   1.900  69.7700
   1.904  69.6800
   1.908  69.6700
   1.912  69.6800
   1.916  69.6100
   1.920  69.6600
   1.924  69.7500
   1.928  69.7600
   1.932  69.8300
   1.936  69.8100
   1.940  69.8000
   1.944  69.9000
   1.948  69.8300
   1.952  69.8300
   1.956  69.8100
   1.960  69.9000
   1.964  69.9200
   1.968  70.0200
   1.972  70.0300
   1.976  70.1500
   1.980  70.2400
   1.984  70.2400
   1.988  70.2200
   1.992  70.3100
   1.996  70.3700
   2.000  70.5900
   2.004  70.5400
   2.008  70.5100
   2.012  70.5500
   2.016  70.6300
   2.020  70.6300
   2.024  70.6400
   2.028  70.6400
   2.032  70.6600
   2.036  70.7200
   2.040  70.7100
   2.044  70.7900
   2.048  70.8300
   2.052  70.8000
   2.056  70.8300
   2.060  70.8500
   2.064  70.8700
   2.068  70.8600
   2.072  70.9500
   2.076  70.9900
   2.080  70.9700
   2.084  70.9700
   2.088  71.0400
   2.092  70.9600
   2.096  71.1000
   2.100  71.1300
   2.104  71.2200
   2.108  71.2100
   2.112  71.3200
   2.116  71.3200
   2.120  71.3200
   2.124  71.3500
   2.128  71.3500
   2.132  71.2400
   2.136  71.1800
   2.140  71.1300
   2.144  71.0900
   2.148  71.0100
   2.152  70.7800
   2.156  70.7600
   2.160  70.6400
   2.164  70.5300
   2.168  70.5000
   2.172  70.3800
   2.176  70.2400
   2.180  70.3200
   2.184  70.1000
   2.188  70.1200
   2.192  70.0800
   2.196  70.0800
   2.200  70.0700
   2.204  69.9700
   2.208  70.0100
   2.212  69.9200
   2.216  69.8700
   2.220  69.8500
   2.224  69.7800
   2.228  69.6900
   2.232  69.6100
   2.236  69.3500
   2.240  69.3800
   2.244  69.2700
   2.248  69.2200
   2.252  69.1500
   2.256  69.1800
   2.260  69.0900
   2.264  69.0800
   2.268  69.0600
   2.272  68.9400
   2.276  68.8900
   2.280  68.8000
   2.284  68.8000
   2.288  68.7600
   2.292  68.6800
   2.296  68.6500
   2.300  68.5200
   2.304  68.3600
   2.308  68.2400
   2.312  68.2100
   2.316  68.0500
   2.320  68.0000
   2.324  67.7500
   2.328  67.6700
   2.332  67.4700
   2.336  67.2900
   2.340  67.2700
   2.344  67.1600
   2.348  67.1700
   2.352  67.2100
   2.356  67.2700
   2.360  67.4100
   2.364  67.5100
   2.368  67.6500
   2.372  67.7700
   2.376  67.9700
   2.380  68.1400
   2.384  68.1800
   2.388  68.3000
   2.392  68.2800
   2.396  68.3900
   2.400  68.3900
   2.404  68.4500
   2.408  68.3600
   2.412  68.3500
   2.416  68.3700
   2.420  68.4900
   2.424  68.4100
   2.428  68.2400
   2.432  68.2600
   2.436  68.2500
   2.440  68.1300
   2.444  68.0700
   2.448  67.9300
   2.452  67.9000
   2.456  67.7600
   2.460  67.6700
   2.464  67.5900
   2.468  67.6600
   2.472  67.5500
   2.476  67.6500
   2.480  67.6700
   2.484  67.6200
   2.488  67.7200
   2.492  67.7900
   2.496  67.7600
   2.500  67.7100
