Name:  Brown loamy fine sand
Type:  Soils
Class:  Alfisol
Subclass:  Haplustalf
Particle size:  see additional information
Sample No.:  87P3468
Owner:  JHU 
Wavelength range:  All
Origin:  Edwards Co., Ks. via USDA Soil Conservation service.

Description:  The parent material is eolian sand from upland slope in 
level or undulating plains.  Brown loamy fine sand (sandy, mixed, thermic 
psammentic).



Measurement:  Directional (10 degree) hemispherical reflectance
First Column:  X
Second Column:  Y
X Units:  Wavelength (micrometers)
Y Units:  Reflectance (percent)
First X Value:  14.0112
Last X Value:  0.4000
Number of X Values:  2844
Additional information:  87P3468a.txt

14.0112	2.1604
13.9734	2.1924
13.9359	2.2156
13.8985	2.2363
13.8614	2.2568
13.8244	2.2771
13.7876	2.2939
13.7511	2.3052
13.7147	2.3115
13.6785	2.3157
13.6425	2.3184
13.6067	2.3206
13.5711	2.3235
13.5356	2.3264
13.5004	2.3303
13.4653	2.3372
13.4304	2.3503
13.3957	2.3708
13.3612	2.3987
13.3269	2.4326
13.2927	2.4705
13.2587	2.5081
13.2249	2.5442
13.1912	2.5803
13.1577	2.6196
13.1244	2.6667
13.0913	2.7266
13.0583	2.8049
13.0255	2.9048
12.9929	3.0261
12.9604	3.1653
12.9281	3.3124
12.8959	3.4487
12.8639	3.5510
12.8321	3.5959
12.8004	3.5691
12.7688	3.4707
12.7375	3.3210
12.7063	3.1570
12.6752	3.0203
12.6443	2.9436
12.6135	2.9399
12.5829	2.9944
12.5524	3.0693
12.5221	3.1147
12.4919	3.0867
12.4619	2.9619
12.4320	2.7446
12.4023	2.4673
12.3727	2.1776
12.3432	1.9246
12.3139	1.7434
12.2847	1.6477
12.2557	1.6294
12.2268	1.6660
12.1980	1.7312
12.1694	1.8037
12.1409	1.8713
12.1125	1.9316
12.0843	1.9873
12.0562	2.0422
12.0282	2.0994
12.0003	2.1592
11.9726	2.2207
11.9450	2.2815
11.9176	2.3398
11.8903	2.3933
11.8631	2.4402
11.8360	2.4807
11.8090	2.5161
11.7822	2.5486
11.7555	2.5813
11.7289	2.6160
11.7024	2.6536
11.6760	2.6919
11.6498	2.7295
11.6237	2.7651
11.5977	2.7983
11.5718	2.8279
11.5460	2.8540
11.5203	2.8769
11.4948	2.8960
11.4694	2.9114
11.4440	2.9255
11.4188	2.9424
11.3937	2.9639
11.3688	2.9905
11.3439	3.0212
11.3191	3.0520
11.2944	3.0788
11.2699	3.0996
11.2455	3.1162
11.2211	3.1313
11.1969	3.1487
11.1727	3.1711
11.1487	3.1997
11.1248	3.2319
11.1010	3.2656
11.0773	3.2964
11.0536	3.3218
11.0301	3.3413
11.0067	3.3555
10.9834	3.3655
10.9602	3.3735
10.9370	3.3809
10.9140	3.3877
10.8911	3.3945
10.8682	3.4006
10.8455	3.4089
10.8229	3.4202
10.8003	3.4353
10.7779	3.4548
10.7555	3.4785
10.7332	3.5044
10.7111	3.5295
10.6890	3.5537
10.6670	3.5776
10.6451	3.6024
10.6233	3.6291
10.6015	3.6599
10.5799	3.6960
10.5584	3.7378
10.5369	3.7839
10.5155	3.8335
10.4942	3.8857
10.4730	3.9397
10.4519	3.9956
10.4309	4.0549
10.4099	4.1179
10.3891	4.1858
10.3683	4.2585
10.3476	4.3364
10.3270	4.4197
10.3065	4.5083
10.2860	4.6018
10.2656	4.6997
10.2454	4.8003
10.2251	4.9028
10.2050	5.0068
10.1850	5.1133
10.1650	5.2231
10.1451	5.3376
10.1253	5.4563
10.1056	5.5776
10.0859	5.6990
10.0663	5.8188
10.0468	5.9363
10.0274	6.0530
10.0080	6.1714
9.9887	6.2922
9.9695	6.4140
9.9504	6.5342
9.9313	6.6470
9.9123	6.7468
9.8934	6.8303
9.8746	6.8984
9.8558	6.9570
9.8371	7.0129
9.8185	7.0735
9.7999	7.1450
9.7814	7.2300
9.7630	7.3284
9.7447	7.4375
9.7264	7.5542
9.7082	7.6775
9.6900	7.8052
9.6719	7.9365
9.6539	8.0713
9.6360	8.2085
9.6181	8.3464
9.6003	8.4822
9.5825	8.6135
9.5649	8.7397
9.5472	8.8603
9.5297	8.9765
9.5122	9.0920
9.4948	9.2136
9.4774	9.3506
9.4601	9.5136
9.4429	9.7129
9.4257	9.9533
9.4086	10.2346
9.3916	10.5442
9.3746	10.8635
9.3577	11.1692
9.3408	11.4382
9.3240	11.6540
9.3073	11.8064
9.2906	11.8952
9.2740	11.9292
9.2574	11.9206
9.2409	11.8845
9.2245	11.8344
9.2081	11.7798
9.1918	11.7246
9.1755	11.6682
9.1593	11.6064
9.1431	11.5368
9.1270	11.4568
9.1110	11.3664
9.0950	11.2688
9.0791	11.1679
9.0632	11.0688
9.0474	10.9756
9.0316	10.8930
9.0159	10.8281
9.0003	10.7863
8.9847	10.7707
8.9691	10.7827
8.9536	10.8193
8.9382	10.8730
8.9228	10.9328
8.9075	10.9887
8.8922	11.0342
8.8770	11.0652
8.8618	11.0808
8.8467	11.0835
8.8316	11.0764
8.8166	11.0591
8.8016	11.0317
8.7867	10.9951
8.7718	10.9509
8.7570	10.8974
8.7422	10.8269
8.7275	10.7209
8.7129	10.5549
8.6982	10.3078
8.6837	9.9812
8.6692	9.6098
8.6547	9.2629
8.6403	9.0229
8.6259	8.9568
8.6116	9.0875
8.5973	9.3865
8.5830	9.7810
8.5688	10.1863
8.5547	10.5324
8.5406	10.7846
8.5266	10.9438
8.5126	11.0337
8.4986	11.0849
8.4847	11.1213
8.4708	11.1570
8.4570	11.1970
8.4432	11.2412
8.4295	11.2859
8.4158	11.3274
8.4022	11.3625
8.3886	11.3882
8.3750	11.4025
8.3615	11.4079
8.3481	11.4057
8.3347	11.3991
8.3213	11.3901
8.3079	11.3794
8.2946	11.3664
8.2814	11.3488
8.2682	11.3227
8.2550	11.2837
8.2419	11.2260
8.2288	11.1430
8.2158	11.0266
8.2028	10.8659
8.1898	10.6511
8.1769	10.3738
8.1640	10.0317
8.1512	9.6289
8.1384	9.1780
8.1256	8.6968
8.1129	8.2043
8.1002	7.7175
8.0876	7.2480
8.0750	6.8020
8.0624	6.3830
8.0499	5.9922
8.0374	5.6299
8.0250	5.2954
8.0126	4.9866
8.0002	4.6990
7.9879	4.4260
7.9756	4.1628
7.9634	3.9076
7.9512	3.6597
7.9390	3.4231
7.9268	3.2026
7.9147	3.0007
7.9027	2.8184
7.8906	2.6540
7.8786	2.5056
7.8667	2.3726
7.8548	2.2546
7.8429	2.1531
7.8310	2.0684
7.8192	1.9998
7.8075	1.9453
7.7957	1.9006
7.7840	1.8608
7.7723	1.8215
7.7607	1.7793
7.7491	1.7334
7.7375	1.6848
7.7260	1.6360
7.7145	1.5908
7.7031	1.5515
7.6916	1.5195
7.6802	1.4927
7.6689	1.4670
7.6575	1.4392
7.6462	1.4070
7.6350	1.3713
7.6238	1.3357
7.6126	1.3040
7.6014	1.2793
7.5903	1.2612
7.5792	1.2480
7.5681	1.2368
7.5571	1.2256
7.5461	1.2131
7.5351	1.2002
7.5242	1.1870
7.5133	1.1741
7.5024	1.1616
7.4916	1.1501
7.4807	1.1404
7.4700	1.1326
7.4592	1.1270
7.4485	1.1230
7.4378	1.1201
7.4272	1.1174
7.4165	1.1147
7.4059	1.1128
7.3954	1.1123
7.3848	1.1123
7.3743	1.1123
7.3639	1.1101
7.3534	1.1055
7.3430	1.0989
7.3326	1.0920
7.3223	1.0879
7.3119	1.0876
7.3016	1.0911
7.2914	1.0977
7.2811	1.1042
7.2709	1.1089
7.2607	1.1103
7.2506	1.1101
7.2404	1.1096
7.2303	1.1111
7.2203	1.1155
7.2102	1.1228
7.2002	1.1304
7.1902	1.1365
7.1803	1.1406
7.1703	1.1433
7.1604	1.1462
7.1506	1.1504
7.1407	1.1577
7.1309	1.1665
7.1211	1.1746
7.1113	1.1802
7.1016	1.1819
7.0919	1.1797
7.0822	1.1748
7.0725	1.1697
7.0629	1.1660
7.0533	1.1655
7.0437	1.1677
7.0341	1.1721
7.0246	1.1787
7.0151	1.1863
7.0056	1.1951
6.9962	1.2043
6.9867	1.2144
6.9773	1.2251
6.9679	1.2356
6.9586	1.2449
6.9493	1.2537
6.9400	1.2612
6.9307	1.2683
6.9214	1.2759
6.9122	1.2834
6.9030	1.2913
6.8938	1.2978
6.8847	1.3032
6.8755	1.3066
6.8664	1.3096
6.8573	1.3124
6.8483	1.3164
6.8393	1.3232
6.8302	1.3328
6.8213	1.3455
6.8123	1.3616
6.8034	1.3811
6.7944	1.4036
6.7855	1.4280
6.7767	1.4524
6.7678	1.4744
6.7590	1.4917
6.7502	1.5024
6.7414	1.5073
6.7327	1.5081
6.7239	1.5073
6.7152	1.5071
6.7065	1.5081
6.6979	1.5117
6.6892	1.5159
6.6806	1.5195
6.6720	1.5220
6.6634	1.5220
6.6549	1.5193
6.6464	1.5137
6.6378	1.5054
6.6294	1.4956
6.6209	1.4858
6.6124	1.4778
6.6040	1.4722
6.5956	1.4697
6.5872	1.4695
6.5789	1.4702
6.5705	1.4712
6.5622	1.4714
6.5539	1.4722
6.5456	1.4736
6.5374	1.4773
6.5292	1.4841
6.5209	1.4949
6.5128	1.5071
6.5046	1.5190
6.4964	1.5298
6.4883	1.5381
6.4802	1.5447
6.4721	1.5520
6.4640	1.5603
6.4560	1.5698
6.4480	1.5789
6.4399	1.5850
6.4320	1.5867
6.4240	1.5835
6.4160	1.5781
6.4081	1.5727
6.4002	1.5686
6.3923	1.5654
6.3844	1.5608
6.3766	1.5527
6.3687	1.5391
6.3609	1.5207
6.3531	1.5010
6.3454	1.4827
6.3376	1.4674
6.3299	1.4561
6.3221	1.4482
6.3144	1.4416
6.3068	1.4343
6.2991	1.4250
6.2914	1.4141
6.2838	1.4014
6.2762	1.3870
6.2686	1.3718
6.2611	1.3579
6.2535	1.3462
6.2460	1.3379
6.2385	1.3326
6.2310	1.3296
6.2235	1.3267
6.2160	1.3215
6.2086	1.3140
6.2011	1.3047
6.1937	1.2957
6.1863	1.2886
6.1790	1.2849
6.1716	1.2852
6.1643	1.2883
6.1570	1.2937
6.1496	1.3013
6.1424	1.3101
6.1351	1.3191
6.1278	1.3276
6.1206	1.3347
6.1134	1.3403
6.1062	1.3440
6.0990	1.3457
6.0918	1.3459
6.0847	1.3450
6.0776	1.3428
6.0704	1.3396
6.0633	1.3364
6.0563	1.3347
6.0492	1.3347
6.0421	1.3376
6.0351	1.3440
6.0281	1.3540
6.0211	1.3660
6.0141	1.3784
6.0071	1.3901
6.0002	1.3997
5.9932	1.4062
5.9863	1.4106
5.9794	1.4133
5.9725	1.4160
5.9657	1.4194
5.9588	1.4246
5.9520	1.4341
5.9451	1.4476
5.9383	1.4658
5.9315	1.4880
5.9247	1.5129
5.9180	1.5386
5.9112	1.5632
5.9045	1.5876
5.8978	1.6130
5.8911	1.6416
5.8844	1.6755
5.8777	1.7153
5.8711	1.7588
5.8644	1.8037
5.8578	1.8467
5.8512	1.8865
5.8446	1.9228
5.8380	1.9568
5.8314	1.9910
5.8249	2.0271
5.8184	2.0649
5.8118	2.1033
5.8053	2.1411
5.7988	2.1772
5.7923	2.2114
5.7859	2.2441
5.7794	2.2781
5.7730	2.3147
5.7666	2.3535
5.7602	2.3933
5.7538	2.4338
5.7474	2.4739
5.7410	2.5137
5.7347	2.5547
5.7283	2.5981
5.7220	2.6435
5.7157	2.6892
5.7094	2.7322
5.7031	2.7703
5.6969	2.8018
5.6906	2.8259
5.6844	2.8423
5.6782	2.8503
5.6719	2.8503
5.6657	2.8430
5.6596	2.8293
5.6534	2.8127
5.6472	2.7966
5.6411	2.7844
5.6349	2.7788
5.6288	2.7817
5.6227	2.7932
5.6166	2.8115
5.6106	2.8350
5.6045	2.8599
5.5984	2.8840
5.5924	2.9070
5.5864	2.9297
5.5804	2.9538
5.5744	2.9819
5.5684	3.0163
5.5624	3.0576
5.5564	3.1045
5.5505	3.1553
5.5445	3.2085
5.5386	3.2629
5.5327	3.3176
5.5268	3.3724
5.5209	3.4277
5.5151	3.4831
5.5092	3.5386
5.5033	3.5937
5.4975	3.6482
5.4917	3.7002
5.4859	3.7497
5.4801	3.7974
5.4743	3.8433
5.4685	3.8872
5.4628	3.9270
5.4570	3.9602
5.4513	3.9834
5.4455	3.9929
5.4398	3.9878
5.4341	3.9697
5.4284	3.9412
5.4228	3.9048
5.4171	3.8633
5.4114	3.8183
5.4058	3.7707
5.4002	3.7217
5.3945	3.6726
5.3889	3.6260
5.3833	3.5847
5.3778	3.5493
5.3722	3.5212
5.3666	3.5010
5.3611	3.4874
5.3555	3.4807
5.3500	3.4805
5.3445	3.4871
5.3390	3.5012
5.3335	3.5212
5.3280	3.5456
5.3225	3.5724
5.3171	3.5991
5.3116	3.6233
5.3062	3.6455
5.3008	3.6677
5.2954	3.6921
5.2900	3.7204
5.2846	3.7544
5.2792	3.7930
5.2738	3.8359
5.2684	3.8823
5.2631	3.9333
5.2578	3.9897
5.2524	4.0539
5.2471	4.1265
5.2418	4.2065
5.2365	4.2926
5.2312	4.3813
5.2260	4.4695
5.2207	4.5535
5.2154	4.6304
5.2102	4.6992
5.2050	4.7583
5.1998	4.8076
5.1945	4.8476
5.1893	4.8806
5.1842	4.9094
5.1790	4.9353
5.1738	4.9602
5.1686	4.9844
5.1635	5.0066
5.1584	5.0254
5.1532	5.0408
5.1481	5.0537
5.1430	5.0666
5.1379	5.0830
5.1328	5.1050
5.1277	5.1328
5.1227	5.1653
5.1176	5.1987
5.1126	5.2297
5.1075	5.2544
5.1025	5.2710
5.0975	5.2793
5.0925	5.2815
5.0875	5.2793
5.0825	5.2754
5.0775	5.2717
5.0726	5.2690
5.0676	5.2681
5.0627	5.2693
5.0577	5.2739
5.0528	5.2822
5.0479	5.2949
5.0430	5.3110
5.0380	5.3291
5.0332	5.3479
5.0283	5.3657
5.0234	5.3828
5.0185	5.3994
5.0137	5.4176
5.0088	5.4387
5.0040	5.4653
4.9992	5.4988
4.9944	5.5400
4.9896	5.5901
4.9848	5.6489
4.9800	5.7168
4.9752	5.7920
4.9704	5.8738
4.9657	5.9590
4.9609	6.0449
4.9562	6.1269
4.9514	6.2009
4.9467	6.2656
4.9420	6.3215
4.9373	6.3738
4.9326	6.4294
4.9279	6.4990
4.9232	6.5925
4.9186	6.7182
4.9139	6.8813
4.9092	7.0842
4.9046	7.3244
4.9000	7.5967
4.8953	7.8930
4.8907	8.2031
4.8861	8.5168
4.8815	8.8249
4.8769	9.1208
4.8723	9.4009
4.8678	9.6625
4.8632	9.9062
4.8586	10.1323
4.8541	10.3420
4.8495	10.5361
4.8450	10.7153
4.8405	10.8811
4.8360	11.0356
4.8315	11.1794
4.8270	11.3139
4.8225	11.4384
4.8180	11.5544
4.8135	11.6623
4.8090	11.7639
4.8046	11.8613
4.8001	11.9560
4.7957	12.0488
4.7913	12.1396
4.7868	12.2274
4.7824	12.3142
4.7780	12.4001
4.7736	12.4868
4.7692	12.5754
4.7648	12.6665
4.7605	12.7595
4.7561	12.8524
4.7517	12.9436
4.7474	13.0298
4.7431	13.1074
4.7387	13.1721
4.7344	13.2204
4.7301	13.2495
4.7258	13.2580
4.7215	13.2451
4.7172	13.2104
4.7129	13.1525
4.7086	13.0693
4.7043	12.9597
4.7000	12.8274
4.6958	12.6840
4.6915	12.5486
4.6873	12.4436
4.6831	12.3913
4.6788	12.4057
4.6746	12.4890
4.6704	12.6320
4.6662	12.8178
4.6620	13.0280
4.6578	13.2478
4.6536	13.4673
4.6495	13.6825
4.6453	13.8933
4.6411	14.0993
4.6370	14.2990
4.6328	14.4914
4.6287	14.6735
4.6246	14.8435
4.6205	15.0007
4.6163	15.1462
4.6122	15.2819
4.6081	15.4077
4.6040	15.5256
4.6000	15.6350
4.5959	15.7358
4.5918	15.8278
4.5877	15.9113
4.5837	15.9868
4.5796	16.0537
4.5756	16.1115
4.5716	16.1601
4.5675	16.1984
4.5635	16.2243
4.5595	16.2363
4.5555	16.2329
4.5515	16.2107
4.5475	16.1677
4.5435	16.1013
4.5395	16.0095
4.5356	15.8913
4.5316	15.7463
4.5276	15.5761
4.5237	15.3840
4.5197	15.1743
4.5158	14.9536
4.5119	14.7312
4.5080	14.5174
4.5040	14.3239
4.5001	14.1594
4.4962	14.0280
4.4923	13.9287
4.4884	13.8571
4.4846	13.8066
4.4807	13.7729
4.4768	13.7568
4.4730	13.7624
4.4691	13.7971
4.4652	13.8667
4.4614	13.9724
4.4576	14.1086
4.4537	14.2644
4.4499	14.4265
4.4461	14.5835
4.4423	14.7290
4.4385	14.8623
4.4347	14.9885
4.4309	15.1137
4.4271	15.2436
4.4233	15.3808
4.4196	15.5256
4.4158	15.6782
4.4120	15.8391
4.4083	16.0100
4.4045	16.1931
4.4008	16.3884
4.3971	16.5947
4.3934	16.8103
4.3896	17.0322
4.3859	17.2578
4.3822	17.4851
4.3785	17.7128
4.3748	17.9389
4.3711	18.1611
4.3674	18.3781
4.3638	18.5886
4.3601	18.7915
4.3564	18.9843
4.3528	19.1652
4.3491	19.3325
4.3455	19.4848
4.3418	19.6198
4.3382	19.7387
4.3346	19.8408
4.3310	19.9252
4.3273	19.9909
4.3237	20.0361
4.3201	20.0607
4.3165	20.0668
4.3129	20.0581
4.3094	20.0385
4.3058	20.0141
4.3022	19.9904
4.2986	19.9714
4.2951	19.9587
4.2915	19.9533
4.2880	19.9541
4.2844	19.9604
4.2809	19.9724
4.2774	19.9948
4.2738	20.0371
4.2703	20.1074
4.2668	20.2097
4.2633	20.3405
4.2598	20.4882
4.2563	20.6345
4.2528	20.7602
4.2493	20.8554
4.2458	20.9196
4.2424	20.9619
4.2389	20.9951
4.2354	21.0322
4.2320	21.0817
4.2285	21.1447
4.2251	21.2170
4.2216	21.2917
4.2182	21.3622
4.2148	21.4240
4.2113	21.4743
4.2079	21.5146
4.2045	21.5483
4.2011	21.5820
4.1977	21.6208
4.1943	21.6686
4.1909	21.7268
4.1875	21.7944
4.1841	21.8671
4.1808	21.9404
4.1774	22.0112
4.1740	22.0775
4.1707	22.1386
4.1673	22.1955
4.1640	22.2492
4.1606	22.3012
4.1573	22.3522
4.1540	22.4023
4.1506	22.4509
4.1473	22.4982
4.1440	22.5444
4.1407	22.5900
4.1374	22.6359
4.1341	22.6830
4.1308	22.7324
4.1275	22.7836
4.1242	22.8364
4.1209	22.8901
4.1177	22.9443
4.1144	22.9985
4.1111	23.0519
4.1079	23.1049
4.1046	23.1574
4.1014	23.2087
4.0981	23.2592
4.0949	23.3090
4.0917	23.3575
4.0884	23.4042
4.0852	23.4470
4.0820	23.4841
4.0788	23.5129
4.0756	23.5326
4.0724	23.5436
4.0692	23.5474
4.0660	23.5456
4.0628	23.5405
4.0596	23.5324
4.0565	23.5222
4.0533	23.5090
4.0501	23.4933
4.0470	23.4738
4.0438	23.4504
4.0406	23.4224
4.0375	23.3915
4.0344	23.3596
4.0312	23.3278
4.0281	23.2985
4.0250	23.2724
4.0218	23.2480
4.0187	23.2238
4.0156	23.1987
4.0125	23.1733
4.0094	23.1481
4.0063	23.1242
4.0032	23.1044
4.0001	23.0888
3.9970	23.0781
3.9940	23.0729
3.9909	23.0734
3.9878	23.0793
3.9847	23.0883
3.9817	23.0986
3.9786	23.1081
3.9756	23.1162
3.9725	23.1237
3.9695	23.1340
3.9665	23.1491
3.9634	23.1713
3.9604	23.1976
3.9574	23.2255
3.9544	23.2502
3.9513	23.2680
3.9483	23.2778
3.9453	23.2805
3.9423	23.2802
3.9393	23.2807
3.9363	23.2834
3.9333	23.2873
3.9304	23.2905
3.9274	23.2883
3.9244	23.2773
3.9214	23.2556
3.9185	23.2248
3.9155	23.1879
3.9126	23.1474
3.9096	23.1061
3.9067	23.0641
3.9037	23.0204
3.9008	22.9731
3.8979	22.9216
3.8949	22.8675
3.8920	22.8137
3.8891	22.7621
3.8862	22.7133
3.8833	22.6652
3.8804	22.6147
3.8775	22.5588
3.8746	22.4970
3.8717	22.4318
3.8688	22.3684
3.8659	22.3110
3.8630	22.2624
3.8601	22.2228
3.8573	22.1887
3.8544	22.1562
3.8515	22.1230
3.8487	22.0873
3.8458	22.0497
3.8430	22.0129
3.8401	21.9797
3.8373	21.9511
3.8344	21.9279
3.8316	21.9091
3.8288	21.8920
3.8259	21.8735
3.8231	21.8505
3.8203	21.8225
3.8175	21.7890
3.8147	21.7507
3.8119	21.7099
3.8091	21.6669
3.8063	21.6232
3.8035	21.5786
3.8007	21.5317
3.7979	21.4819
3.7951	21.4284
3.7924	21.3708
3.7896	21.3107
3.7868	21.2490
3.7841	21.1860
3.7813	21.1224
3.7785	21.0566
3.7758	20.9876
3.7730	20.9138
3.7703	20.8364
3.7676	20.7582
3.7648	20.6828
3.7621	20.6113
3.7594	20.5449
3.7566	20.4829
3.7539	20.4230
3.7512	20.3630
3.7485	20.3012
3.7458	20.2390
3.7431	20.1772
3.7404	20.1171
3.7377	20.0593
3.7350	20.0051
3.7323	19.9558
3.7296	19.9116
3.7269	19.8728
3.7242	19.8398
3.7216	19.8122
3.7189	19.7888
3.7162	19.7673
3.7136	19.7460
3.7109	19.7248
3.7083	19.7028
3.7056	19.6794
3.7030	19.6542
3.7003	19.6271
3.6977	19.5993
3.6950	19.5717
3.6924	19.5456
3.6898	19.5207
3.6872	19.4963
3.6845	19.4694
3.6819	19.4374
3.6793	19.3996
3.6767	19.3571
3.6741	19.3132
3.6715	19.2707
3.6689	19.2324
3.6663	19.1982
3.6637	19.1650
3.6611	19.1303
3.6585	19.0910
3.6560	19.0449
3.6534	18.9929
3.6508	18.9362
3.6482	18.8769
3.6457	18.8171
3.6431	18.7573
3.6406	18.6984
3.6380	18.6406
3.6355	18.5844
3.6329	18.5292
3.6304	18.4741
3.6278	18.4187
3.6253	18.3623
3.6227	18.3042
3.6202	18.2453
3.6177	18.1860
3.6152	18.1262
3.6127	18.0649
3.6101	18.0007
3.6076	17.9338
3.6051	17.8652
3.6026	17.7963
3.6001	17.7287
3.5976	17.6640
3.5951	17.6013
3.5926	17.5385
3.5901	17.4743
3.5876	17.4069
3.5852	17.3359
3.5827	17.2617
3.5802	17.1850
3.5777	17.1075
3.5753	17.0307
3.5728	16.9536
3.5704	16.8772
3.5679	16.8007
3.5654	16.7229
3.5630	16.6423
3.5605	16.5603
3.5581	16.4763
3.5557	16.3901
3.5532	16.3017
3.5508	16.2111
3.5484	16.1175
3.5459	16.0205
3.5435	15.9209
3.5411	15.8195
3.5387	15.7170
3.5363	15.6110
3.5338	15.5002
3.5314	15.3816
3.5290	15.2512
3.5266	15.1035
3.5242	14.9345
3.5218	14.7387
3.5195	14.5131
3.5171	14.2605
3.5147	13.9936
3.5123	13.7343
3.5099	13.5085
3.5075	13.3383
3.5052	13.2363
3.5028	13.1992
3.5004	13.2111
3.4981	13.2480
3.4957	13.2854
3.4934	13.3049
3.4910	13.2971
3.4887	13.2592
3.4863	13.1958
3.4840	13.1164
3.4816	13.0305
3.4793	12.9472
3.4770	12.8720
3.4746	12.8066
3.4723	12.7490
3.4700	12.6936
3.4677	12.6355
3.4653	12.5720
3.4630	12.5027
3.4607	12.4294
3.4584	12.3547
3.4561	12.2790
3.4538	12.2025
3.4515	12.1230
3.4492	12.0385
3.4469	11.9470
3.4446	11.8464
3.4423	11.7351
3.4400	11.6098
3.4378	11.4680
3.4355	11.3066
3.4332	11.1296
3.4309	10.9458
3.4287	10.7683
3.4264	10.6113
3.4241	10.4878
3.4219	10.4023
3.4196	10.3537
3.4174	10.3342
3.4151	10.3342
3.4129	10.3464
3.4106	10.3650
3.4084	10.3882
3.4061	10.4155
3.4039	10.4455
3.4017	10.4765
3.3994	10.5051
3.3972	10.5278
3.3950	10.5417
3.3928	10.5447
3.3906	10.5371
3.3883	10.5207
3.3861	10.4997
3.3839	10.4780
3.3817	10.4597
3.3795	10.4482
3.3773	10.4441
3.3751	10.4465
3.3729	10.4531
3.3707	10.4619
3.3685	10.4712
3.3663	10.4817
3.3641	10.4936
3.3620	10.5080
3.3598	10.5249
3.3576	10.5424
3.3554	10.5593
3.3533	10.5737
3.3511	10.5854
3.3489	10.5935
3.3468	10.5967
3.3446	10.5930
3.3425	10.5815
3.3403	10.5610
3.3382	10.5324
3.3360	10.4992
3.3339	10.4634
3.3317	10.4265
3.3296	10.3886
3.3274	10.3493
3.3253	10.3081
3.3232	10.2654
3.3210	10.2229
3.3189	10.1804
3.3168	10.1362
3.3147	10.0866
3.3126	10.0290
3.3104	9.9629
3.3083	9.8896
3.3062	9.8135
3.3041	9.7387
3.3020	9.6682
3.2999	9.6024
3.2978	9.5398
3.2957	9.4785
3.2936	9.4172
3.2915	9.3552
3.2894	9.2927
3.2874	9.2295
3.2853	9.1667
3.2832	9.1050
3.2811	9.0442
3.2790	8.9851
3.2770	8.9275
3.2749	8.8694
3.2728	8.8100
3.2708	8.7488
3.2687	8.6850
3.2666	8.6203
3.2646	8.5561
3.2625	8.4953
3.2605	8.4389
3.2584	8.3857
3.2564	8.3342
3.2543	8.2822
3.2523	8.2274
3.2503	8.1689
3.2482	8.1089
3.2462	8.0500
3.2442	7.9949
3.2421	7.9443
3.2401	7.8987
3.2381	7.8557
3.2361	7.8122
3.2340	7.7663
3.2320	7.7175
3.2300	7.6660
3.2280	7.6116
3.2260	7.5559
3.2240	7.5007
3.2220	7.4477
3.2200	7.3972
3.2180	7.3511
3.2160	7.3091
3.2140	7.2698
3.2120	7.2297
3.2100	7.1877
3.2080	7.1423
3.2060	7.0932
3.2040	7.0408
3.2021	6.9885
3.2001	6.9387
3.1981	6.8921
3.1961	6.8479
3.1942	6.8054
3.1922	6.7624
3.1902	6.7173
3.1883	6.6687
3.1863	6.6179
3.1844	6.5659
3.1824	6.5124
3.1805	6.4580
3.1785	6.4038
3.1766	6.3518
3.1746	6.3020
3.1727	6.2544
3.1707	6.2095
3.1688	6.1667
3.1669	6.1247
3.1649	6.0820
3.1630	6.0388
3.1611	5.9946
3.1591	5.9477
3.1572	5.8965
3.1553	5.8401
3.1534	5.7820
3.1515	5.7251
3.1495	5.6728
3.1476	5.6274
3.1457	5.5886
3.1438	5.5549
3.1419	5.5227
3.1400	5.4900
3.1381	5.4570
3.1362	5.4255
3.1343	5.3950
3.1324	5.3642
3.1305	5.3324
3.1286	5.2981
3.1268	5.2585
3.1249	5.2143
3.1230	5.1677
3.1211	5.1235
3.1192	5.0837
3.1174	5.0495
3.1155	5.0215
3.1136	4.9961
3.1117	4.9702
3.1099	4.9421
3.1080	4.9136
3.1061	4.8870
3.1043	4.8645
3.1024	4.8454
3.1006	4.8271
3.0987	4.8064
3.0969	4.7807
3.0950	4.7502
3.0932	4.7178
3.0913	4.6877
3.0895	4.6628
3.0876	4.6431
3.0858	4.6272
3.0840	4.6128
3.0821	4.5986
3.0803	4.5830
3.0785	4.5654
3.0766	4.5471
3.0748	4.5293
3.0730	4.5124
3.0712	4.4968
3.0694	4.4809
3.0675	4.4643
3.0657	4.4455
3.0639	4.4245
3.0621	4.4031
3.0603	4.3838
3.0585	4.3679
3.0567	4.3545
3.0549	4.3408
3.0531	4.3235
3.0513	4.3010
3.0495	4.2744
3.0477	4.2480
3.0459	4.2268
3.0441	4.2134
3.0423	4.2073
3.0406	4.2063
3.0388	4.2073
3.0370	4.2070
3.0352	4.2034
3.0334	4.1982
3.0317	4.1921
3.0299	4.1843
3.0281	4.1738
3.0264	4.1616
3.0246	4.1482
3.0228	4.1330
3.0211	4.1182
3.0193	4.1052
3.0176	4.0942
3.0158	4.0832
3.0140	4.0727
3.0123	4.0642
3.0105	4.0559
3.0088	4.0469
3.0070	4.0366
3.0053	4.0246
3.0036	4.0102
3.0018	3.9946
3.0001	3.9809
2.9984	3.9717
2.9966	3.9668
2.9949	3.9643
2.9932	3.9634
2.9914	3.9609
2.9897	3.9558
2.9880	3.9495
2.9863	3.9455
2.9845	3.9446
2.9828	3.9448
2.9811	3.9436
2.9794	3.9360
2.9777	3.9192
2.9760	3.8921
2.9743	3.8589
2.9726	3.8259
2.9709	3.7986
2.9692	3.7800
2.9675	3.7700
2.9658	3.7668
2.9641	3.7668
2.9624	3.7671
2.9607	3.7659
2.9590	3.7639
2.9573	3.7620
2.9556	3.7607
2.9539	3.7605
2.9523	3.7627
2.9506	3.7661
2.9489	3.7698
2.9472	3.7720
2.9455	3.7705
2.9439	3.7642
2.9422	3.7527
2.9405	3.7383
2.9389	3.7248
2.9372	3.7173
2.9355	3.7190
2.9339	3.7297
2.9322	3.7468
2.9306	3.7663
2.9289	3.7832
2.9272	3.7944
2.9256	3.8000
2.9239	3.8015
2.9223	3.8017
2.9207	3.8020
2.9190	3.8039
2.9174	3.8088
2.9157	3.8147
2.9141	3.8208
2.9124	3.8276
2.9108	3.8337
2.9092	3.8379
2.9075	3.8401
2.9059	3.8428
2.9043	3.8464
2.9027	3.8528
2.9010	3.8645
2.8994	3.8816
2.8978	3.8996
2.8962	3.9141
2.8946	3.9233
2.8929	3.9276
2.8913	3.9297
2.8897	3.9358
2.8881	3.9526
2.8865	3.9805
2.8849	4.0141
2.8833	4.0461
2.8817	4.0703
2.8801	4.0845
2.8785	4.0911
2.8769	4.0952
2.8753	4.1020
2.8737	4.1133
2.8721	4.1260
2.8705	4.1367
2.8689	4.1438
2.8673	4.1496
2.8658	4.1584
2.8642	4.1736
2.8626	4.1960
2.8610	4.2236
2.8594	4.2522
2.8579	4.2764
2.8563	4.2952
2.8547	4.3091
2.8531	4.3205
2.8516	4.3298
2.8500	4.3357
2.8484	4.3381
2.8469	4.3369
2.8453	4.3342
2.8437	4.3354
2.8422	4.3469
2.8406	4.3724
2.8391	4.4089
2.8375	4.4487
2.8360	4.4819
2.8344	4.4993
2.8329	4.4973
2.8313	4.4792
2.8298	4.4570
2.8282	4.4414
2.8267	4.4380
2.8252	4.4480
2.8236	4.4661
2.8221	4.4858
2.8205	4.5000
2.8190	4.5058
2.8175	4.5046
2.8159	4.4983
2.8144	4.4870
2.8129	4.4719
2.8114	4.4524
2.8098	4.4304
2.8083	4.4060
2.8068	4.3811
2.8053	4.3584
2.8038	4.3413
2.8022	4.3313
2.8007	4.3313
2.7992	4.3413
2.7977	4.3574
2.7962	4.3724
2.7947	4.3789
2.7932	4.3724
2.7917	4.3528
2.7902	4.3245
2.7887	4.2964
2.7872	4.2749
2.7857	4.2622
2.7842	4.2554
2.7827	4.2493
2.7812	4.2400
2.7797	4.2248
2.7782	4.2038
2.7767	4.1792
2.7752	4.1521
2.7738	4.1228
2.7723	4.0908
2.7708	4.0542
2.7693	4.0112
2.7678	3.9612
2.7664	3.9065
2.7649	3.8520
2.7634	3.8069
2.7619	3.7795
2.7605	3.7781
2.7590	3.8052
2.7575	3.8586
2.7561	3.9326
2.7546	4.0193
2.7531	4.1111
2.7517	4.2019
2.7502	4.2876
2.7488	4.3664
2.7473	4.4390
2.7458	4.5083
2.7444	4.5796
2.7429	4.6587
2.7415	4.7505
2.7400	4.8586
2.7386	4.9861
2.7371	5.1326
2.7357	5.2978
2.7343	5.4792
2.7328	5.6738
2.7314	5.8762
2.7299	6.0810
2.7285	6.2856
2.7271	6.4931
2.7256	6.7119
2.7242	6.9531
2.7228	7.2263
2.7213	7.5351
2.7199	7.8706
2.7185	8.2104
2.7171	8.5224
2.7156	8.7720
2.7142	8.9292
2.7128	8.9780
2.7114	8.9233
2.7100	8.7922
2.7085	8.6321
2.7071	8.5046
2.7057	8.4748
2.7043	8.5984
2.7029	8.9092
2.7015	9.4165
2.7001	10.1072
2.6987	10.9560
2.6973	11.9358
2.6959	13.0258
2.6945	14.2131
2.6931	15.4829
2.6917	16.8117
2.6903	18.1650
2.6889	19.4997
2.6875	20.7712
2.6861	21.9406
2.6847	22.9863
2.6833	23.9042
2.6819	24.7025
2.6805	25.3989
2.6791	26.0170
2.6778	26.5766
2.6764	27.0893
2.6750	27.5597
2.6736	27.9919
2.6722	28.3918
2.6709	28.7656
2.6695	29.1218
2.6681	29.4718
2.6667	29.8217
2.6654	30.1696
2.6640	30.5090
2.6626	30.8351
2.6613	31.1445
2.6599	31.4318
2.6585	31.6945
2.6572	31.9325
2.6558	32.1475
2.6545	32.3429
2.6531	32.5209
2.6517	32.6874
2.6504	32.8466
2.6490	32.9997
2.6477	33.1469
2.6463	33.2870
2.6450	33.4201
2.6436	33.5463
2.6423	33.6652
2.6409	33.7734
2.6396	33.8659
2.6382	33.9389
2.6369	33.9904
2.6356	34.0221
2.6342	34.0431
2.6329	34.0671
2.6315	34.1068
2.6302	34.1693
2.6289	34.2538
2.6275	34.3520
2.6262	34.4491
2.6249	34.5309
2.6236	34.5907
2.6222	34.6320
2.6209	34.6667
2.6196	34.7079
2.6183	34.7685
2.6169	34.8503
2.6156	34.9445
2.6143	35.0341
2.6130	35.1005
2.6117	35.1322
2.6103	35.1269
2.6090	35.0990
2.6077	35.0744
2.6064	35.0793
2.6051	35.1293
2.6038	35.2194
2.6025	35.3239
2.6012	35.4049
2.5999	35.4323
2.5986	35.3993
2.5973	35.3295
2.5960	35.2655
2.5947	35.2450
2.5934	35.2843
2.5921	35.3712
2.5908	35.4727
2.5895	35.5553
2.5882	35.5995
2.5869	35.6117
2.5856	35.6161
2.5843	35.6361
2.5830	35.6808
2.5817	35.7458
2.5805	35.8151
2.5792	35.8686
2.5779	35.8930
2.5766	35.8875
2.5753	35.8654
2.5741	35.8417
2.5728	35.8290
2.5715	35.8363
2.5702	35.8637
2.5690	35.9025
2.5677	35.9372
2.5664	35.9569
2.5651	35.9584
2.5639	35.9467
2.5626	35.9323
2.5613	35.9284
2.5601	35.9445
2.5588	35.9804
2.5575	36.0280
2.5563	36.0744
2.5550	36.1093
2.5538	36.1261
2.5525	36.1244
2.5513	36.1093
2.5500	36.0877
2.5487	36.0677
2.5475	36.0561
2.5462	36.0536
2.5450	36.0590
2.5437	36.0697
2.5425	36.0832
2.5413	36.0939
2.5400	36.0971
2.5388	36.0915
2.5375	36.0793
2.5363	36.0639
2.5350	36.0517
2.5338	36.0512
2.5326	36.0688
2.5313	36.1034
2.5301	36.1471
2.5289	36.1874
2.5276	36.2123
2.5264	36.2140
2.5252	36.1933
2.5239	36.1574
2.5227	36.1193
2.5215	36.0917
2.5202	36.0817
2.5190	36.0898
2.5178	36.1077
2.5166	36.1277
2.5154	36.1393
2.5141	36.1347
2.5129	36.1139
2.5117	36.0846
2.5105	36.0565
2.5093	36.0399
2.5081	36.0429
2.5068	36.0692
2.5056	36.1134
2.5044	36.1630
2.5032	36.2076
2.5020	36.2376
2.5008	36.2472
2.4996	36.2406
2.4984	36.2311
2.4972	36.2345
2.4960	36.2589
2.4948	36.3041
2.4936	36.3603
2.4924	36.4120
2.4912	36.4435
2.4900	36.4508
2.4888	36.4427
2.4876	36.4355
2.4864	36.4416
2.4852	36.4667
2.4840	36.5085
2.4828	36.5573
2.4816	36.6029
2.4805	36.6410
2.4793	36.6745
2.4781	36.7108
2.4769	36.7533
2.4757	36.8019
2.4745	36.8549
2.4734	36.9079
2.4722	36.9569
2.4710	37.0001
2.4698	37.0385
2.4686	37.0729
2.4675	37.1012
2.4663	37.1237
2.4651	37.1430
2.4640	37.1608
2.4628	37.1811
2.4616	37.2074
2.4604	37.2418
2.4593	37.2836
2.4581	37.3300
2.4569	37.3798
2.4558	37.4311
2.4546	37.4809
2.4535	37.5260
2.4523	37.5634
2.4511	37.5919
2.4500	37.6154
2.4488	37.6403
2.4477	37.6745
2.4465	37.7235
2.4454	37.7865
2.4442	37.8559
2.4431	37.9223
2.4419	37.9813
2.4408	38.0358
2.4396	38.0897
2.4385	38.1491
2.4373	38.2169
2.4362	38.2895
2.4350	38.3577
2.4339	38.4174
2.4327	38.4701
2.4316	38.5216
2.4305	38.5783
2.4293	38.6426
2.4282	38.7150
2.4270	38.7876
2.4259	38.8505
2.4248	38.9000
2.4236	38.9394
2.4225	38.9743
2.4214	39.0114
2.4202	39.0563
2.4191	39.1095
2.4180	39.1681
2.4169	39.2282
2.4157	39.2890
2.4146	39.3517
2.4135	39.4164
2.4124	39.4823
2.4112	39.5463
2.4101	39.6012
2.4090	39.6430
2.4079	39.6708
2.4068	39.6867
2.4056	39.6950
2.4045	39.7027
2.4034	39.7162
2.4023	39.7387
2.4012	39.7682
2.4001	39.8024
2.3990	39.8353
2.3979	39.8588
2.3967	39.8698
2.3956	39.8703
2.3945	39.8673
2.3934	39.8668
2.3923	39.8737
2.3912	39.8883
2.3901	39.9040
2.3890	39.9140
2.3879	39.9159
2.3868	39.9126
2.3857	39.9093
2.3846	39.9110
2.3835	39.9218
2.3824	39.9398
2.3813	39.9611
2.3802	39.9843
2.3791	40.0106
2.3781	40.0414
2.3770	40.0777
2.3759	40.1205
2.3748	40.1675
2.3737	40.2147
2.3726	40.2562
2.3715	40.2887
2.3704	40.3087
2.3694	40.3148
2.3683	40.3090
2.3672	40.2990
2.3661	40.2931
2.3650	40.2970
2.3640	40.3112
2.3629	40.3319
2.3618	40.3519
2.3607	40.3632
2.3597	40.3598
2.3586	40.3432
2.3575	40.3161
2.3564	40.2816
2.3554	40.2435
2.3543	40.2076
2.3532	40.1818
2.3522	40.1718
2.3511	40.1832
2.3500	40.2179
2.3490	40.2699
2.3479	40.3295
2.3468	40.3856
2.3458	40.4308
2.3447	40.4616
2.3436	40.4811
2.3426	40.4948
2.3415	40.5111
2.3405	40.5346
2.3394	40.5665
2.3384	40.6051
2.3373	40.6449
2.3363	40.6837
2.3352	40.7240
2.3342	40.7721
2.3331	40.8322
2.3321	40.9032
2.3310	40.9779
2.3300	41.0429
2.3289	41.0874
2.3279	41.1120
2.3268	41.1247
2.3258	41.1395
2.3247	41.1644
2.3237	41.1979
2.3226	41.2287
2.3216	41.2450
2.3206	41.2421
2.3195	41.2250
2.3185	41.2052
2.3175	41.1962
2.3164	41.2067
2.3154	41.2350
2.3144	41.2724
2.3133	41.3112
2.3123	41.3471
2.3113	41.3790
2.3102	41.4071
2.3092	41.4354
2.3082	41.4657
2.3071	41.4933
2.3061	41.5123
2.3051	41.5231
2.3041	41.5294
2.3030	41.5376
2.3020	41.5568
2.3010	41.5949
2.3000	41.6532
2.2990	41.7211
2.2979	41.7870
2.2969	41.8422
2.2959	41.8803
2.2949	41.9035
2.2939	41.9205
2.2929	41.9435
2.2918	41.9750
2.2908	42.0116
2.2898	42.0470
2.2888	42.0736
2.2878	42.0841
2.2868	42.0812
2.2858	42.0751
2.2848	42.0770
2.2838	42.0936
2.2828	42.1275
2.2818	42.1771
2.2808	42.2333
2.2798	42.2821
2.2787	42.3158
2.2777	42.3307
2.2767	42.3266
2.2757	42.3107
2.2747	42.2970
2.2738	42.2980
2.2728	42.3190
2.2718	42.3575
2.2708	42.4052
2.2698	42.4474
2.2688	42.4699
2.2678	42.4674
2.2668	42.4469
2.2658	42.4191
2.2648	42.3959
2.2638	42.3888
2.2628	42.3986
2.2618	42.4193
2.2609	42.4411
2.2599	42.4527
2.2589	42.4511
2.2579	42.4379
2.2569	42.4203
2.2559	42.4069
2.2550	42.4010
2.2540	42.4064
2.2530	42.4208
2.2520	42.4364
2.2510	42.4469
2.2501	42.4511
2.2491	42.4511
2.2481	42.4498
2.2471	42.4513
2.2462	42.4608
2.2452	42.4776
2.2442	42.4933
2.2433	42.4992
2.2423	42.4913
2.2413	42.4727
2.2403	42.4501
2.2394	42.4362
2.2384	42.4454
2.2374	42.4830
2.2365	42.5414
2.2355	42.6017
2.2345	42.6452
2.2336	42.6598
2.2326	42.6442
2.2317	42.6061
2.2307	42.5621
2.2297	42.5282
2.2288	42.5121
2.2278	42.5060
2.2269	42.4996
2.2259	42.4852
2.2250	42.4545
2.2240	42.4015
2.2231	42.3292
2.2221	42.2482
2.2211	42.1688
2.2202	42.0983
2.2192	42.0458
2.2183	42.0153
2.2173	41.9989
2.2164	41.9816
2.2155	41.9481
2.2145	41.8866
2.2136	41.7876
2.2126	41.6520
2.2117	41.4943
2.2107	41.3344
2.2098	41.1935
2.2088	41.0914
2.2079	41.0419
2.2070	41.0441
2.2060	41.0866
2.2051	41.1530
2.2041	41.2318
2.2032	41.3134
2.2023	41.3920
2.2013	41.4664
2.2004	41.5390
2.1995	41.6090
2.1985	41.6745
2.1976	41.7352
2.1967	41.7946
2.1957	41.8541
2.1948	41.9115
2.1939	41.9676
2.1930	42.0260
2.1920	42.0851
2.1911	42.1426
2.1902	42.1986
2.1893	42.2531
2.1883	42.3060
2.1874	42.3571
2.1865	42.4105
2.1856	42.4701
2.1846	42.5294
2.1837	42.5819
2.1828	42.6261
2.1819	42.6675
2.1810	42.7162
2.1800	42.7809
2.1791	42.8690
2.1782	42.9724
2.1773	43.0700
2.1764	43.1400
2.1755	43.1720
2.1746	43.1705
2.1736	43.1547
2.1727	43.1449
2.1718	43.1539
2.1709	43.1815
2.1700	43.2155
2.1691	43.2394
2.1682	43.2406
2.1673	43.2184
2.1664	43.1869
2.1655	43.1647
2.1646	43.1669
2.1637	43.2024
2.1628	43.2727
2.1619	43.3663
2.1610	43.4623
2.1601	43.5453
2.1592	43.6093
2.1583	43.6552
2.1574	43.6879
2.1565	43.7162
2.1556	43.7457
2.1547	43.7711
2.1538	43.7838
2.1529	43.7827
2.1520	43.7750
2.1511	43.7699
2.1502	43.7802
2.1493	43.8131
2.1484	43.8668
2.1475	43.9266
2.1466	43.9752
2.1458	44.0062
2.1449	44.0187
2.1440	44.0180
2.1431	44.0138
2.1422	44.0127
2.1413	44.0167
2.1404	44.0221
2.1396	44.0276
2.1387	44.0360
2.1378	44.0453
2.1369	44.0529
2.1360	44.0563
2.1352	44.0502
2.1343	44.0346
2.1334	44.0170
2.1325	44.0089
2.1316	44.0182
2.1308	44.0448
2.1299	44.0829
2.1290	44.1234
2.1281	44.1535
2.1273	44.1674
2.1264	44.1674
2.1255	44.1564
2.1247	44.1383
2.1238	44.1171
2.1229	44.0953
2.1220	44.0746
2.1212	44.0580
2.1203	44.0519
2.1194	44.0580
2.1186	44.0731
2.1177	44.0926
2.1168	44.1061
2.1160	44.1000
2.1151	44.0670
2.1143	44.0170
2.1134	43.9684
2.1125	43.9391
2.1117	43.9425
2.1108	43.9804
2.1100	44.0368
2.1091	44.0856
2.1082	44.1080
2.1074	44.1041
2.1065	44.0844
2.1057	44.0675
2.1048	44.0697
2.1040	44.0968
2.1031	44.1395
2.1023	44.1801
2.1014	44.2074
2.1005	44.2162
2.0997	44.2094
2.0988	44.1932
2.0980	44.1759
2.0971	44.1600
2.0963	44.1454
2.0955	44.1312
2.0946	44.1183
2.0938	44.1061
2.0929	44.1002
2.0921	44.1080
2.0912	44.1334
2.0904	44.1740
2.0895	44.2221
2.0887	44.2627
2.0879	44.2804
2.0870	44.2667
2.0862	44.2235
2.0853	44.1796
2.0845	44.1477
2.0837	44.1344
2.0828	44.1975
2.0820	44.2191
2.0812	44.2799
2.0803	44.4264
2.0795	44.1246
2.0760	44.2705
2.0720	44.2497
2.0680	44.4306
2.0640	44.2542
2.0600	44.2729
2.0560	44.0890
2.0520	44.2536
2.0480	44.2956
2.0440	43.9480
2.0400	43.8256
2.0360	43.9077
2.0320	43.8660
2.0280	43.6602
2.0240	43.5786
2.0200	43.7701
2.0160	43.6635
2.0120	43.4978
2.0080	43.3310
2.0040	42.9135
2.0000	42.8550
1.9960	42.8550
1.9920	42.7481
1.9880	42.4470
1.9840	42.0569
1.9800	41.7865
1.9760	41.5729
1.9720	41.0827
1.9680	40.8125
1.9640	40.4970
1.9600	40.5296
1.9560	40.3111
1.9520	40.1505
1.9480	39.8905
1.9440	39.5743
1.9400	39.4739
1.9360	39.3085
1.9320	39.0910
1.9280	39.0023
1.9240	38.5188
1.9200	38.3348
1.9160	37.9785
1.9120	37.7552
1.9080	37.6989
1.9040	37.9404
1.9000	38.6284
1.8960	39.3556
1.8920	40.4333
1.8880	41.5848
1.8840	42.7874
1.8800	43.7594
1.8760	44.0806
1.8720	44.8480
1.8680	45.7463
1.8640	46.3626
1.8600	46.6808
1.8560	46.9024
1.8520	46.6672
1.8480	46.9208
1.8440	46.8322
1.8400	47.1103
1.8360	47.2173
1.8320	46.9113
1.8280	46.8479
1.8240	46.9854
1.8200	47.0020
1.8160	47.1011
1.8120	47.1610
1.8080	47.0548
1.8040	47.0412
1.8000	46.8052
1.7960	46.6758
1.7920	46.5841
1.7880	46.8745
1.7840	46.7911
1.7800	46.6614
1.7760	46.7875
1.7720	46.6628
1.7680	46.8000
1.7640	46.8090
1.7600	46.5800
1.7560	46.5189
1.7520	46.7019
1.7480	46.4492
1.7440	46.4190
1.7400	46.6239
1.7360	46.5330
1.7320	46.6101
1.7280	46.6961
1.7240	46.7048
1.7200	46.6728
1.7160	46.5632
1.7120	46.5021
1.7080	46.4484
1.7040	46.2819
1.7000	46.4861
1.6960	46.4185
1.6920	46.3038
1.6880	46.4262
1.6840	46.5789
1.6800	46.5330
1.6760	46.2809
1.6720	46.0600
1.6680	46.4265
1.6640	46.4495
1.6600	46.2491
1.6560	46.4034
1.6520	46.2959
1.6480	45.8598
1.6440	45.9593
1.6400	46.1585
1.6360	46.3641
1.6320	45.9718
1.6280	45.8413
1.6240	45.7959
1.6200	45.8268
1.6160	45.7359
1.6120	45.3609
1.6080	45.2805
1.6040	45.4606
1.6000	45.5547
1.5960	45.4693
1.5920	45.3161
1.5880	45.4693
1.5840	45.6002
1.5800	45.4832
1.5760	45.4248
1.5720	45.9540
1.5680	45.9770
1.5640	45.9219
1.5600	45.4920
1.5560	45.4240
1.5520	45.4414
1.5480	45.3254
1.5440	45.3751
1.5400	44.9874
1.5360	44.7263
1.5320	44.5739
1.5280	44.6819
1.5240	44.6626
1.5200	44.6656
1.5160	44.3032
1.5120	44.4287
1.5080	44.3199
1.5040	44.1962
1.5000	44.1958
1.4960	43.6470
1.4920	43.4819
1.4880	43.3014
1.4840	43.3674
1.4800	43.5588
1.4760	43.4551
1.4720	43.3517
1.4680	43.3838
1.4640	43.3838
1.4600	43.4056
1.4560	43.2630
1.4520	42.9770
1.4480	42.8476
1.4440	42.7104
1.4400	42.7076
1.4360	42.6799
1.4320	42.5933
1.4280	42.5287
1.4240	42.4888
1.4200	42.3606
1.4160	42.1015
1.4120	41.8717
1.4080	41.5900
1.4040	41.6011
1.4000	41.6797
1.3960	41.8663
1.3920	42.0858
1.3880	42.4319
1.3840	42.6060
1.3800	42.8136
1.3760	43.0517
1.3720	43.2872
1.3680	43.3609
1.3640	43.4250
1.3600	43.0558
1.3560	43.6870
1.3520	43.8229
1.3480	43.4587
1.3440	43.7131
1.3400	43.2201
1.3360	43.3919
1.3320	43.4793
1.3280	43.5625
1.3240	43.5625
1.3200	43.2344
1.3160	43.1671
1.3120	43.2107
1.3080	43.1650
1.3040	43.1249
1.3000	43.0353
1.2960	43.1007
1.2920	43.1608
1.2880	42.9972
1.2840	42.8213
1.2800	42.7435
1.2760	42.6926
1.2720	42.6435
1.2680	42.6008
1.2640	42.2869
1.2600	42.2596
1.2560	42.2596
1.2520	42.1681
1.2480	42.2281
1.2440	42.1410
1.2400	41.7546
1.2360	41.6833
1.2320	41.6119
1.2280	42.0266
1.2240	42.0483
1.2200	41.7331
1.2160	41.3979
1.2120	40.9719
1.2080	40.9002
1.2040	40.7915
1.2000	40.6361
1.1960	40.5998
1.1920	40.5325
1.1880	40.5609
1.1840	40.4350
1.1800	40.3940
1.1760	40.2256
1.1720	40.2053
1.1680	40.0722
1.1640	39.9997
1.1600	40.0955
1.1560	39.8531
1.1520	39.6196
1.1480	39.4832
1.1440	39.5929
1.1400	39.3025
1.1360	39.3917
1.1320	39.3976
1.1280	39.1470
1.1240	39.2274
1.1200	39.2464
1.1160	39.0785
1.1120	38.9697
1.1080	38.5833
1.1040	38.3837
1.1000	38.4929
1.0960	38.5416
1.0920	38.4648
1.0880	38.5128
1.0840	38.4740
1.0800	38.2483
1.0760	37.9593
1.0720	37.8632
1.0680	38.0680
1.0640	37.8826
1.0600	37.8245
1.0560	37.5029
1.0520	37.3952
1.0480	37.1543
1.0440	37.5811
1.0400	37.4450
1.0360	37.3475
1.0320	36.9104
1.0280	36.8474
1.0240	36.9046
1.0200	37.0194
1.0160	36.7674
1.0120	36.4359
1.0080	36.2802
1.0040	36.4359
1.0000	36.4309
0.9960	36.2694
0.9920	35.6562
0.9880	35.7666
0.9840	35.6233
0.9800	35.5344
0.9760	35.2244
0.9720	35.2244
0.9680	35.2859
0.9640	34.9141
0.9600	34.7952
0.9560	34.8195
0.9520	34.5163
0.9480	34.9541
0.9440	34.5404
0.9400	34.5223
0.9360	34.1581
0.9320	34.0214
0.9280	33.8013
0.9240	33.6295
0.9200	33.4228
0.9160	33.3746
0.9120	33.1888
0.9080	33.2809
0.9040	33.1118
0.9000	33.1989
0.8960	32.7505
0.8920	32.5110
0.8880	32.2572
0.8840	32.5283
0.8800	32.3146
0.8760	32.2282
0.8720	32.0412
0.8680	32.0658
0.8640	32.0077
0.8600	31.5091
0.8560	31.4478
0.8520	31.4779
0.8480	31.2907
0.8440	31.3113
0.8400	31.1881
0.8360	31.0564
0.8320	30.9330
0.8280	30.7958
0.8240	30.6221
0.8200	30.4821
0.8160	30.3896
0.8120	30.3239
0.8080	29.9711
0.8040	29.9995
0.8000	29.7846
0.7990	29.6616
0.7980	29.6628
0.7970	29.4749
0.7960	29.1135
0.7950	29.4414
0.7940	29.3742
0.7930	29.1788
0.7920	29.1217
0.7910	29.0401
0.7900	29.1381
0.7890	28.9990
0.7880	28.9679
0.7870	28.9515
0.7860	28.8438
0.7850	28.8702
0.7840	28.7651
0.7830	28.6737
0.7820	28.5833
0.7810	28.5994
0.7800	28.4605
0.7790	28.5359
0.7780	28.5843
0.7770	28.4025
0.7760	28.3704
0.7750	28.3063
0.7740	28.2904
0.7730	28.2904
0.7720	28.2904
0.7710	28.0133
0.7700	27.9975
0.7690	27.9503
0.7680	27.9343
0.7670	28.0768
0.7660	27.8307
0.7650	27.8307
0.7640	27.5375
0.7630	27.5864
0.7620	27.4775
0.7610	27.4466
0.7600	27.3237
0.7590	27.4009
0.7580	27.4457
0.7570	27.3226
0.7560	27.2149
0.7550	27.1996
0.7540	27.4156
0.7530	27.3231
0.7520	27.2604
0.7510	26.9203
0.7500	26.9050
0.7490	26.6265
0.7480	26.8578
0.7470	26.8271
0.7460	26.7509
0.7450	26.6732
0.7440	26.3206
0.7430	26.5972
0.7420	26.3954
0.7410	26.4104
0.7400	26.3932
0.7390	26.3145
0.7380	26.1433
0.7370	26.0986
0.7360	26.1605
0.7350	26.0986
0.7340	26.0488
0.7330	25.7707
0.7320	25.8656
0.7310	25.5448
0.7300	25.7418
0.7290	25.6684
0.7280	25.6977
0.7270	25.5303
0.7260	25.7270
0.7250	25.5886
0.7240	25.5524
0.7230	25.3620
0.7220	25.2701
0.7210	25.0700
0.7200	24.9314
0.7190	25.0785
0.7180	24.9538
0.7170	24.9538
0.7160	25.0460
0.7150	24.8783
0.7140	24.7583
0.7130	24.4131
0.7120	24.4626
0.7110	24.5187
0.7100	24.6032
0.7090	24.4360
0.7080	24.3522
0.7070	24.2972
0.7060	24.2972
0.7050	24.3111
0.7040	23.9365
0.7030	23.9776
0.7020	23.8662
0.7010	23.8799
0.7000	23.7683
0.6990	23.6294
0.6980	23.7507
0.6970	23.7121
0.6960	23.4920
0.6950	23.5188
0.6940	23.4642
0.6930	22.9552
0.6920	23.0220
0.6910	23.0086
0.6900	23.0220
0.6890	22.9007
0.6880	22.8943
0.6870	22.9076
0.6860	22.8810
0.6850	22.8280
0.6840	22.6876
0.6830	22.3320
0.6820	22.6391
0.6810	22.4882
0.6800	22.4882
0.6790	22.3338
0.6780	22.1670
0.6770	22.3437
0.6760	22.3830
0.6750	22.2157
0.6740	21.7330
0.6730	21.7330
0.6720	21.7330
0.6710	22.0242
0.6700	21.9087
0.6690	21.9216
0.6680	21.7675
0.6670	21.8186
0.6660	21.8315
0.6650	21.6372
0.6640	21.2228
0.6630	20.9677
0.6620	21.2681
0.6610	20.8161
0.6600	21.0518
0.6590	21.0465
0.6580	21.2121
0.6570	21.2121
0.6560	21.3003
0.6550	21.4168
0.6540	21.0461
0.6530	20.8260
0.6520	20.7218
0.6510	20.8137
0.6500	20.4720
0.6490	20.1918
0.6480	20.3799
0.6470	20.3559
0.6460	20.3201
0.6450	20.2271
0.6440	20.3232
0.6430	20.3112
0.6420	20.2516
0.6410	20.1923
0.6400	19.9132
0.6390	19.8900
0.6380	19.9021
0.6370	19.7153
0.6360	19.7965
0.6350	19.7490
0.6340	19.7490
0.6330	19.5966
0.6320	19.7374
0.6310	19.7736
0.6300	19.7384
0.6290	19.6082
0.6280	19.5620
0.6270	19.5047
0.6260	19.2849
0.6250	19.2018
0.6240	19.1530
0.6230	19.1082
0.6220	18.9909
0.6210	18.9622
0.6200	19.0682
0.6190	18.7984
0.6180	18.5312
0.6170	18.4023
0.6160	18.3916
0.6150	18.3808
0.6140	18.4636
0.6130	18.3486
0.6120	18.3027
0.6110	18.1990
0.6100	18.1884
0.6090	18.3528
0.6080	18.2096
0.6070	18.2202
0.6060	18.2415
0.6050	18.2062
0.6040	17.9078
0.6030	18.0546
0.6020	17.9568
0.6010	17.9010
0.6000	17.6140
0.5990	17.7088
0.5980	17.4824
0.5970	17.3475
0.5960	17.3475
0.5950	17.3080
0.5940	17.3183
0.5930	17.1447
0.5920	17.2737
0.5910	17.4169
0.5900	17.2576
0.5890	17.2369
0.5880	16.8399
0.5870	16.9675
0.5860	16.8150
0.5850	16.8754
0.5840	16.6249
0.5830	16.7227
0.5820	16.5022
0.5810	16.6099
0.5800	16.5414
0.5790	16.8332
0.5780	16.6198
0.5770	16.2178
0.5760	16.1539
0.5750	16.1539
0.5740	16.0870
0.5730	15.9643
0.5720	15.8525
0.5710	15.8251
0.5700	15.8525
0.5690	15.8897
0.5680	15.5228
0.5670	15.5126
0.5660	15.3361
0.5650	15.5481
0.5640	15.4732
0.5630	15.2891
0.5620	15.1772
0.5610	14.9895
0.5600	15.1270
0.5590	14.8780
0.5580	14.3833
0.5570	14.5707
0.5560	14.4610
0.5550	14.3520
0.5540	14.0941
0.5530	14.2899
0.5520	14.2034
0.5510	13.9901
0.5500	14.0468
0.5490	13.9515
0.5480	13.8212
0.5470	13.8869
0.5460	13.9261
0.5450	13.9026
0.5440	13.7982
0.5430	13.6727
0.5420	13.3641
0.5410	13.5197
0.5400	13.3920
0.5390	13.4524
0.5380	13.4676
0.5370	13.2107
0.5360	13.0384
0.5350	12.7817
0.5340	12.7606
0.5330	12.7395
0.5320	12.6117
0.5310	12.3269
0.5300	12.3335
0.5290	12.2121
0.5280	12.5181
0.5270	12.3898
0.5260	12.3424
0.5250	12.1989
0.5240	12.2384
0.5230	12.2548
0.5220	11.8467
0.5210	11.8850
0.5200	11.7435
0.5190	11.6996
0.5180	11.7121
0.5170	11.7184
0.5160	11.8467
0.5150	11.7498
0.5140	11.4800
0.5130	11.4214
0.5120	11.4093
0.5110	11.5045
0.5100	11.1050
0.5090	11.0992
0.5080	10.9884
0.5070	11.0883
0.5060	11.0824
0.5050	10.9424
0.5040	10.9655
0.5030	10.8828
0.5020	10.9343
0.5010	10.7767
0.5000	10.5592
0.4990	10.5483
0.4980	10.5646
0.4970	10.5537
0.4960	10.4815
0.4950	10.5029
0.4940	10.2392
0.4930	10.1824
0.4920	10.0541
0.4910	10.1051
0.4900	10.3067
0.4890	10.1202
0.4880	10.0315
0.4870	10.0010
0.4860	9.9023
0.4850	9.9121
0.4840	10.0416
0.4830	9.7132
0.4820	9.8380
0.4810	9.7635
0.4800	9.7132
0.4790	9.7541
0.4780	9.6291
0.4770	9.3139
0.4760	9.3967
0.4750	9.3967
0.4740	9.2272
0.4730	8.9156
0.4720	9.0496
0.4710	9.0700
0.4700	9.0659
0.4690	8.9236
0.4680	8.9196
0.4670	8.8428
0.4660	8.9651
0.4650	8.8428
0.4640	8.6770
0.4630	8.7694
0.4620	8.7732
0.4610	8.7479
0.4600	8.6099
0.4590	8.9164
0.4580	8.8125
0.4570	8.8204
0.4560	8.8025
0.4550	8.7917
0.4540	8.6604
0.4530	8.6200
0.4520	8.2632
0.4510	8.3350
0.4500	8.2924
0.4490	7.9720
0.4480	8.1313
0.4470	7.9507
0.4460	8.1398
0.4450	7.7227
0.4440	7.6995
0.4430	7.6995
0.4420	7.7134
0.4410	7.7274
0.4400	7.5231
0.4390	7.5146
0.4380	7.4344
0.4370	7.4304
0.4360	7.4344
0.4350	7.0930
0.4340	6.9627
0.4330	6.9685
0.4320	6.8035
0.4310	6.7962
0.4300	6.7937
0.4290	6.7937
0.4280	6.6218
0.4270	6.6208
0.4260	6.5278
0.4250	6.5296
0.4240	6.4448
0.4230	6.4486
0.4220	6.3211
0.4210	6.2744
0.4200	6.2769
0.4190	6.2729
0.4180	6.0964
0.4170	5.9189
0.4160	5.8321
0.4150	5.8320
0.4140	5.7450
0.4130	5.5718
0.4120	5.5715
0.4110	5.4832
0.4100	5.3960
0.4090	5.3972
0.4080	5.4832
0.4070	5.3948
0.4060	5.0462
0.4050	5.0376
0.4040	5.0331
0.4030	4.9011
0.4020	4.8139
0.4010	4.7181
0.4000	4.6275
