Name: Bustamite (Mn,Ca)3Si3O9
Type:  Mineral
Class:  Silicates
Subclass:  Inosilicates (Chain Silicates) (Pyroxenoid Group)
Particle Size: Fine  (less than 2 Micrometers)
Sample No.  bustamite.1
Owner:  JHU
Wavelength Range:  IR
Origin:  Smithsonian NMNH R3099 Sample from Franklin, New Jersey. 

Description:  The sample was a prismatic piece about 3 cm in length 
and 1-2 cm wide. It appeared pure except for a few grains of calcite 
that were removed. Under the petrographic microscope about 2% of 
grains show some light alteration.  The portion chosen for probe 
analysis was comprised of clean, homogeneous grains.  The sample 
was treated with acetic acid to remove any remaining calcite.
Measurement:  Transmission 
First Column:  X
Second Column:  Y  
X Units:  Wavelength (micrometers)
Y Units:  Transmittance (percent)
First X Value:  25.0442
Last X Value:  2.079
Number of X Values:  2287
Additional Information:  bustam1a.txt

25.04420302	75.9764
24.9237955	74.8982
24.80454022	73.6092
24.68642074	72.285
24.5694209	71.7381
24.45358465	71.4061
24.3387763	71.1912
24.22504094	71.0818
24.11236361	71.3123
24.00072962	71.2811
23.89012454	71.3436
23.78053421	71.3475
23.67194472	71.242
23.56434244	70.4061
23.45771395	68.4256
23.35204611	65.3123
23.24732598	62.1815
23.14354087	58.5702
23.04067832	54.1112
22.93872607	50.3983
22.83767211	47.5116
22.7375046	45.5546
22.63821194	44.7264
22.53978272	45.244
22.44220571	46.2577
22.3454699	47.0487
22.24956446	46.6796
22.15447875	44.9921
22.06020229	42.8925
21.96677306	41.3515
21.87408402	40.1894
21.7821739	39.289
21.69103293	39.0116
21.60065148	38.8144
21.5110201	39.0097
21.42212949	39.5624
21.33397051	40.244
21.24653416	40.5351
21.15981159	40.9022
21.0737941	41.3456
20.98847313	41.6991
20.90384024	42.3475
20.81988716	43.3983
20.73660571	45.0018
20.65398787	46.8085
20.57202575	49.0448
20.49071156	51.4081
20.41003766	53.953
20.3299965	56.4334
20.25058069	58.2694
20.1717829	59.1034
20.09359597	59.3924
20.01601281	59.2577
19.93906621	59.0623
19.8626695	59.4061
19.78685599	60.0985
19.71161901	60.5907
19.63695203	60.2928
19.56284859	59.2225
19.48930232	57.6717
19.41630698	55.8251
19.34385639	54.4335
19.27194448	53.994
19.20056526	54.5868
19.12971284	56.4608
19.05938141	58.9344
18.98956523	61.578
18.92025868	64.2586
18.85145618	66.6483
18.78315226	68.6033
18.71534153	70.2713
18.64801865	71.6688
18.58117838	72.6297
18.51481556	73.4061
18.44892507	74.0164
18.38350191	74.3992
18.31854111	74.3436
18.25407111	74.0359
18.19002023	73.2166
18.12641726	72.0311
18.06325753	70.3563
18.00053642	68.3094
17.93824937	66.0867
17.8763919	64.1483
17.81495958	63.119
17.75394803	63.1248
17.69335296	64.2742
17.63317011	66.3631
17.57339529	68.9002
17.51402436	71.3485
17.45505324	73.533
17.39647791	75.5291
17.3382944	77.2986
17.28049878	78.8006
17.2230872	79.8709
17.16605584	80.8728
17.10940093	81.6775
17.05311876	82.2556
16.99720566	82.6658
16.94165801	83.1853
16.88647225	83.7068
16.83167317	84.1853
16.77720046	84.5603
16.72307919	84.8367
16.66930597	85.0398
16.61587747	85.0213
16.56279037	85.1795
16.51004141	85.2273
16.45762737	85.2439
16.40554507	85.2703
16.35379138	85.3875
16.30236319	85.326
16.25125744	85.2469
16.20047111	85.3181
16.15000121	85.3445
16.0998448	85.3338
16.04999896	85.325
16.00048641	85.4353
15.95125297	85.3767
15.90232158	85.2117
15.85368947	84.9412
15.80535391	84.5174
15.75731218	84.1287
15.70956162	83.5135
15.6620996	82.8201
15.61492349	81.8601
15.56803074	80.7244
15.52141878	79.2205
15.47508511	77.3943
15.42902725	75.3611
15.38324273	73.3904
15.33772913	71.9549
15.29248405	71.4608
15.24750513	72.1834
15.20279002	73.8807
15.1583364	76.1502
15.114142	78.4451
15.07020455	80.4627
15.02652181	82.0506
14.98309158	83.1394
14.93991168	83.9138
14.89700213	84.2429
14.85431629	84.3572
14.81187438	84.3279
14.76967431	84.0652
14.72771402	83.4939
14.68599147	82.7771
14.64450465	81.8924
14.60325156	80.6746
14.56223023	79.448
14.52143873	78.4285
14.48087511	77.8982
14.44053748	77.8719
14.40042395	78.2908
14.36053266	79.2088
14.32086177	80.7137
14.28140946	82.4353
14.24217393	83.824
14.20315338	85.0261
14.16434607	85.8679
14.12575025	86.49
14.0873642	86.8875
14.0491862	87.1404
14.01121458	87.409
13.97344765	87.5935
13.93590321	87.7254
13.89854065	87.8025
13.8613779	87.9959
13.82441336	88.0506
13.78764544	88.1756
13.75107258	88.2913
13.71469324	88.3596
13.67850587	88.5042
13.64250897	88.6599
13.60670103	88.8845
13.57108057	88.9724
13.53564612	89.0745
13.50039624	89.1448
13.46532947	89.3259
13.4304444	89.4509
13.39573962	89.4744
13.36121373	89.5881
13.32686536	89.5999
13.29269314	89.7678
13.25869572	89.8591
13.22487175	89.8596
13.19121992	89.7678
13.15773892	89.8557
13.12442745	90.0213
13.09130135	89.8591
13.05832501	89.7556
13.02551438	89.7537
12.99286821	89.9802
12.96038529	89.9495
12.92806437	89.6741
12.89590426	89.7444
12.86390376	89.8987
12.83206168	89.7756
12.80037684	89.5252
12.7688481	89.4964
12.73747429	89.4807
12.70625427	89.4099
12.67518693	89.2366
12.64427113	89.1428
12.61350579	89.1004
12.58290562	88.9275
12.55243781	88.7439
12.52211719	88.4412
12.4919427	88.2913
12.46191328	88.034
12.43202789	87.721
12.40228549	87.2307
12.37268507	86.699
12.34322561	86.0589
12.31390609	85.3191
12.28472554	84.7874
12.25568296	84.4495
12.22677738	84.3767
12.19800782	84.2
12.16937334	84.0315
12.14087298	83.594
12.1125058	82.8787
12.08427087	82.1057
12.05616727	81.1155
12.02819409	80.3597
12.00035041	79.6736
11.97263534	79.1336
11.945048	78.7185
11.9175875	78.4236
11.8902671	78.1463
11.86305761	77.8719
11.83597236	77.7561
11.80901051	77.5745
11.78217122	77.3772
11.75545365	77.0916
11.72885698	76.8753
11.70238038	76.5193
11.67602305	76.0945
11.64978419	75.615
11.62366299	74.8504
11.59765866	73.9417
11.57177043	72.9031
11.54599752	71.7796
11.52033916	70.3597
11.49479458	68.8245
11.46936304	67.0672
11.44404378	65.1644
11.41883606	63.0604
11.39373914	60.8382
11.3687523	58.5604
11.34387482	56.2601
11.31910597	53.8675
11.29444505	51.3749
11.26990406	48.9926
11.24545684	46.7347
11.22111545	44.5492
11.19687921	42.3759
11.17274743	40.2074
11.14871946	38.0121
11.12479461	35.7909
11.10097222	33.5414
11.07725165	31.3207
11.05363222	29.4555
11.03011331	28.1269
11.00669427	27.3202
10.98337447	27.2831
10.96015327	28.016
10.93703005	29.3017
10.9140042	31.0575
10.89107509	32.9223
10.86824213	34.5839
10.8455047	35.9418
10.82286221	36.8383
10.80031407	37.0292
10.77785969	36.7841
10.75549848	36.1923
10.73322986	35.1151
10.71106474	33.915
10.68897956	32.3715
10.66698525	30.7172
10.64508128	29.1786
10.62326708	27.7699
10.6015421	26.8578
10.5799058	26.3539
10.55835763	26.33
10.53689705	26.7446
10.51552354	27.4394
10.49423657	28.1684
10.4730356	28.9281
10.45192012	29.6249
10.43088962	30.3051
10.40994358	31.0595
10.38908149	32.268
10.36830285	34.1332
10.34760717	36.5614
10.32699394	39.4872
10.30646267	42.6073
10.28601287	45.557
10.26564407	48.0931
10.24535578	50.2733
10.22514752	52.0277
10.20502924	53.4564
10.1849796	54.4227
10.16500858	54.9823
10.14511574	55.2547
10.12530059	55.0897
10.10556271	54.6473
10.08590162	53.9481
10.0663169	53.0687
10.04680808	51.9833
10.02737473	50.7587
10.00801642	49.4091
9.98873271	47.8724
9.969523168	46.2992
9.950387369	44.7216
9.931324888	43.2538
9.912335307	41.893
9.893427994	40.6142
9.874582922	39.3231
9.855809507	37.9359
9.83710734	36.4335
9.818476015	34.8983
9.799915133	33.415
9.781424293	32.1137
9.7630031	31.12
9.744651161	30.4501
9.726368087	30.1215
9.70815349	30.1103
9.690006986	30.332
9.671928196	30.6191
9.653916739	30.9203
9.635972241	31.1977
9.618094328	31.4301
9.600282632	31.6532
9.582536785	31.9653
9.564856422	32.3188
9.547241181	32.7641
9.529690704	33.3261
9.512204634	33.9853
9.494782617	34.7323
9.477424301	35.5146
9.460138288	36.2782
9.4429063	36.9467
9.425736975	37.4086
9.408629972	37.6659
9.391584952	37.6405
9.374601579	37.2753
9.35767952	36.6313
9.340818443	35.7411
9.324018018	34.6566
9.307277919	33.455
9.290597822	32.2997
9.273977405	31.2304
9.257416348	30.309
9.240914333	29.5707
9.224471046	29.0741
9.208086173	28.8578
9.191759404	28.9281
9.17549043	29.268
9.159278945	29.9023
9.143124645	30.8432
9.127027227	32.079
9.110986392	33.6151
9.095001842	35.4901
9.079073281	37.6894
9.06320863	40.0375
9.04739114	42.5336
9.031628764	45.1376
9.015921215	47.6913
9.000268208	50.1649
8.984669459	52.5726
8.969124685	54.8773
8.953633608	57.0135
8.93819595	59.0536
8.922811435	61.057
8.907479789	62.9959
8.89220074	64.784
8.876974017	66.4842
8.861799353	68.0833
8.846676481	69.619
8.831605135	71.1141
8.816585054	72.4529
8.801615977	73.6712
8.786697643	74.7342
8.771829795	75.7977
8.757012178	76.742
8.742244536	77.6189
8.727526619	78.4397
8.712858175	79.1873
8.69824652	79.9295
8.683676252	80.618
8.669154714	81.2825
8.654681663	81.864
8.640256858	82.4012
8.625880055	82.9305
8.611551018	83.4305
8.597269507	83.9095
8.583035287	84.3499
8.568848124	84.8089
8.554707784	85.137
8.540614036	85.5408
8.52656665	85.8806
8.512565398	86.2117
8.498610052	86.5589
8.484700388	86.8987
8.470836182	87.2561
8.45701721	87.5252
8.443243252	87.8626
8.429514089	88.1541
8.415829502	88.4509
8.402189274	88.7517
8.388593191	89.0742
8.375041038	89.3516
8.361539594	89.5818
8.348074642	89.8723
8.334652987	90.1065
8.32127442	90.3584
8.307938734	90.5789
8.294645723	90.8125
8.281395183	91.0088
8.268186911	91.1921
8.255020704	91.4053
8.241896361	91.5642
8.228813685	91.738
8.215772476	91.8733
8.202772537	92.0176
8.189813674	92.1604
8.176895691	92.3262
8.164018395	92.4658
8.151188239	92.5818
8.138391724	92.7393
8.125635323	92.8508
8.11291885	92.9675
8.100242116	93.0889
8.087604937	93.2002
8.075007126	93.2732
8.062448501	93.3496
8.049928879	93.4512
8.037448078	93.5283
8.025005918	93.6375
8.012602221	93.708
8.000236807	93.7705
7.9879095	93.8855
7.975620124	94.0071
7.963368505	94.155
7.951154468	94.2412
7.938977841	94.3965
7.926838452	94.4978
7.914736131	94.5293
7.902670708	94.5476
7.890642014	94.5732
7.878649883	94.5977
7.866694148	94.6484
7.854780812	94.7654
7.842897355	94.8181
7.831049799	94.8896
7.819237984	94.9592
7.807461747	94.988
7.795720929	95.0234
7.784015369	95.0525
7.772344909	95.0784
7.760709391	95.0847
7.749108659	95.156
7.737542556	95.2009
7.726010929	95.2156
7.714513623	95.2783
7.703050485	95.3398
7.691621363	95.3757
7.680226106	95.3506
7.668864563	95.3914
7.657536586	95.4363
7.646242025	95.4756
7.634980733	95.5078
7.623752563	95.572
7.61255737	95.6707
7.601395008	95.7156
7.590265333	95.7695
7.579173946	95.7732
7.568109199	95.8103
7.557076711	95.8516
7.546076342	95.8848
7.535107952	95.915
7.524171401	95.9089
7.51326655	95.9695
7.502393263	95.9504
7.491551403	95.9646
7.480740833	96.0139
7.469961418	96.031
7.459213023	96.0205
7.448495516	96.04
7.437808762	96.0925
7.42715263	96.0789
7.416526989	96.0749
7.405931707	96.0515
7.395366655	96.0466
7.384831703	96.0146
7.374326724	96.0378
7.363851589	96.0645
7.353406171	96.0466
7.342990345	96.1094
7.332603984	96.1511
7.322252325	96.1572
7.311924506	96.1326
7.30162578	96.1816
7.291356025	96.22
7.281115117	96.2097
7.270902937	96.207
7.260719363	96.1697
7.250564275	96.1609
7.240437554	96.1653
7.230339081	96.1982
7.220268738	96.1826
7.210226408	96.2051
7.200211974	96.1941
7.19022532	96.1973
7.18026633	96.2278
7.17033489	96.249
7.160436013	96.2537
7.150559317	96.207
7.140709829	96.1924
7.130887439	96.1199
7.121092034	96.0046
7.111323503	95.8633
7.101581735	95.7051
7.091866622	95.5713
7.082178053	95.408
7.07251592	95.3103
7.062880115	95.2119
7.053270531	95.1777
7.04368706	95.1599
7.034129597	95.0417
7.024598035	95.0225
7.01509227	94.9915
7.005612196	95.0125
6.99615771	95.0303
6.986728709	95.0833
6.977325089	95.1218
6.967946748	95.22
6.958593585	95.3171
6.949265497	95.2825
6.939962385	95.3311
6.930688952	95.3508
6.921435478	95.3555
6.912206681	95.3789
6.903002461	95.4072
6.893822721	95.3674
6.884667364	95.3416
6.875536292	95.3796
6.866429409	95.4717
6.857346618	95.489
6.848287825	95.4043
6.839252935	95.406
6.830241852	95.4531
6.821254483	95.4678
6.812290735	95.4656
6.803350514	95.5049
6.794433728	95.6475
6.785540285	95.6895
6.776670093	95.6736
6.767823062	95.6755
6.7589991	95.6973
6.750198118	95.751
6.741420026	95.7708
6.732664735	95.8093
6.723932156	95.8899
6.715226709	95.989
6.706539278	96.0332
6.697874296	96.0261
6.689231675	96.1182
6.680611329	96.2119
6.672013173	96.2344
6.663437121	96.2322
6.654883087	96.2705
6.646350987	96.4307
6.637840737	96.6182
6.629352253	96.6008
6.620885451	96.5154
6.612440248	96.5352
6.604016563	96.5603
6.595614312	96.6211
6.587233415	96.6746
6.578873789	96.7439
6.570535354	96.8518
6.56221803	96.8174
6.553921736	96.8162
6.545646392	96.8184
6.537391921	96.8057
6.529158241	96.8215
6.520945276	96.8115
6.512757189	96.7703
6.504585407	96.8323
6.496434107	97.0059
6.488303211	97.0046
6.480192643	96.9297
6.472102327	96.8621
6.464032186	96.8164
6.455982145	96.8347
6.44795213	96.8516
6.439942066	96.8359
6.431951879	96.8694
6.423981494	96.9277
6.416030838	97.0234
6.408099838	97.0051
6.400188422	96.7922
6.392296516	96.7029
6.384424048	96.634
6.376570948	96.5889
6.368737143	96.6042
6.360922563	96.5068
6.353127136	96.4668
6.345350793	96.5276
6.337593464	96.4258
6.329855078	96.2888
6.322139564	96.251
6.314438848	96.2351
6.30675687	96.1814
6.29909356	96.1328
6.291448851	96.1135
6.283822676	96.0889
6.276214965	96.0486
6.268625654	96.0237
6.261054675	95.9822
6.253501961	95.9307
6.245967447	95.8965
6.238451067	95.8564
6.230952756	95.7937
6.223472449	95.7207
6.21601008	95.6589
6.208565585	95.5273
6.201142747	95.4138
6.1937338	95.3582
6.186342535	95.2881
6.178968891	95.1111
6.171612803	94.9189
6.164274209	94.8171
6.156953047	94.6804
6.149649255	94.552
6.14236277	94.5215
6.135093533	94.4883
6.12784148	94.5222
6.120606552	94.5613
6.113388688	94.5576
6.106187828	94.4287
6.099003911	94.3543
6.091836878	94.3923
6.084686669	94.4641
6.077553226	94.6174
6.070436489	94.8232
6.063336399	94.949
6.056252899	95.1797
6.049185931	95.5918
6.042135436	95.7312
6.035101357	95.7666
6.02808727	95.9912
6.021085843	96.344
6.01410066	96.7473
6.007131667	97.0491
6.000178805	97.2988
5.99324202	97.5408
5.986321256	97.6843
5.979416457	97.75
5.972527568	97.7871
5.965654534	97.7871
5.9587973	97.7295
5.951955813	97.7048
5.945130017	97.6816
5.938319859	97.8203
5.931525286	97.8203
5.924746243	97.6572
5.917982678	97.5957
5.911234538	97.6299
5.904501769	97.6338
5.89778432	97.7461
5.891082139	97.8035
5.884395172	97.8884
5.87772337	97.9463
5.871066679	97.8044
5.864428488	97.8054
5.85780186	97.8113
5.851190191	97.7939
5.84459343	97.7998
5.838011527	97.842
5.831444431	97.9434
5.824892094	98.073
5.818354465	98.1103
5.811831494	98.0056
5.805323133	98.0027
5.798829332	98.0266
5.792350043	98.0325
5.785885217	98.0732
5.779434806	98.0762
5.772998761	98.1521
5.766577035	98.2732
5.760169579	98.24
5.753776347	98.1555
5.747397291	98.1699
5.741032364	98.1601
5.734681519	98.1445
5.728344709	98.1453
5.722021888	98.1516
5.715713009	98.175
5.709421287	98.1904
5.703140149	98.1326
5.696872816	98.1143
5.690619242	98.1279
5.684379382	98.1504
5.678153192	98.165
5.671940626	98.1797
5.66574164	98.1435
5.659556189	98.1687
5.653384229	98.1872
5.647225716	98.1973
5.641080605	98.238
5.634948854	98.1875
5.628830419	98.1521
5.622725256	98.1514
5.616633323	98.166
5.610557723	98.1572
5.604492113	98.1677
5.598439603	98.1846
5.592400152	98.166
5.586373717	98.1765
5.580360257	98.2549
5.574359729	98.2519
5.568372092	98.1953
5.562397304	98.2012
5.556435324	98.248
5.550486112	98.2715
5.544549625	98.2624
5.538625823	98.2615
5.532714665	98.26
5.526816112	98.2664
5.520930122	98.2744
5.515056656	98.2656
5.509195674	98.2698
5.503347136	98.2871
5.497511002	98.2878
5.491687233	98.293
5.48587579	98.2949
5.480076633	98.3108
5.474289725	98.3249
5.468518015	98.3328
5.462755479	98.3613
5.457005076	98.3201
5.451266765	98.3262
5.445540511	98.3845
5.439826274	98.3943
5.434124016	98.4065
5.428433701	98.4101
5.422755291	98.4756
5.417088748	98.4451
5.411434035	98.4187
5.405791116	98.3816
5.400159953	98.3752
5.394540509	98.3601
5.388932749	98.3398
5.383336635	98.333
5.377752132	98.3037
5.372179203	98.333
5.366617813	98.322
5.361067925	98.3603
5.355529504	98.363
5.350002515	98.3904
5.344486921	98.405
5.338982689	98.3923
5.333492627	98.3994
5.328011006	98.3486
5.32254064	98.3457
5.317081497	98.3362
5.31163354	98.3044
5.306196736	98.3184
5.30077105	98.3181
5.295356449	98.2937
5.289952898	98.2764
5.284560364	98.293
5.279178813	98.281
5.273808212	98.2781
5.268448526	98.2803
5.263099724	98.248
5.257761771	98.2478
5.252434635	98.2207
5.247118283	98.2197
5.241812682	98.2344
5.236517799	98.2185
5.231233603	98.2497
5.225960061	98.282
5.220697141	98.2529
5.21544481	98.279
5.210203036	98.2966
5.204974498	98.2881
5.19975374	98.3171
5.194543444	98.3386
5.189343579	98.363
5.184154115	98.3591
5.178975019	98.3877
5.173806261	98.4014
5.168647809	98.4004
5.163499634	98.3992
5.158361704	98.4094
5.153233989	98.3975
5.148116459	98.416
5.143009082	98.4412
5.137911829	98.4307
5.13282467	98.4443
5.127747575	98.4568
5.122680514	98.4512
5.117623458	98.4578
5.112576376	98.4873
5.107539239	98.4717
5.102512018	98.4636
5.097494683	98.4902
5.092487206	98.5124
5.087489558	98.4971
5.082504292	98.4863
5.077526209	98.4861
5.072557868	98.4863
5.06759924	98.4919
5.062650297	98.4932
5.057711011	98.499
5.052781354	98.4922
5.047861297	98.4714
5.042950812	98.5037
5.038049872	98.5373
5.033158448	98.5115
5.028276513	98.5154
5.023404039	98.5227
5.018541	98.5183
5.013687367	98.5452
5.008843113	98.5447
5.004010715	98.5115
4.999185133	98.5232
4.994368849	98.5173
4.989561837	98.5242
4.984764069	98.553
4.979975518	98.5735
4.97519616	98.5642
4.970425966	98.5593
4.96566491	98.5525
4.960912967	98.5774
4.95617011	98.5862
4.951436313	98.5691
4.94671155	98.5813
4.941995795	98.594
4.937289023	98.6199
4.932591209	98.615
4.927902325	98.6013
4.923222347	98.5998
4.918551251	98.6282
4.913889009	98.6448
4.909235598	98.6277
4.904590991	98.6282
4.899955165	98.6067
4.895328095	98.6404
4.890712146	98.6389
4.886102507	98.615
4.88150155	98.615
4.876909249	98.6086
4.87232558	98.6057
4.86775052	98.633
4.863184043	98.6736
4.858626126	98.6521
4.854076745	98.656
4.849535875	98.6457
4.845003493	98.6506
4.840479575	98.6545
4.835964098	98.6633
4.831457037	98.7053
4.826958369	98.7141
4.822468072	98.7253
4.81798612	98.7244
4.813512492	98.717
4.809047164	98.698
4.804590113	98.7175
4.800141316	98.7112
4.79570075	98.7063
4.791268392	98.7463
4.78684422	98.7742
4.782430498	98.7678
4.778022625	98.7605
4.773622869	98.7532
4.769231209	98.7522
4.764847623	98.7497
4.760472086	98.781
4.756104579	98.8113
4.751745078	98.8176
4.747393562	98.8323
4.743050009	98.8157
4.738714396	98.8147
4.734386703	98.8142
4.730066907	98.8249
4.725754987	98.7937
4.721450921	98.8088
4.717154688	98.8249
4.712866266	98.8181
4.708585635	98.7873
4.704312773	98.7722
4.700047658	98.7996
4.695790271	98.8152
4.691540589	98.8396
4.687298593	98.8557
4.68306426	98.8669
4.67883976	98.9011
4.67462069	98.9172
4.670409221	98.8972
4.666205334	98.8767
4.662009009	98.8879
4.657820224	98.8992
4.65363896	98.9128
4.649465195	98.9319
4.645298911	98.9192
4.641140087	98.9026
4.636988702	98.9314
4.632844738	98.9382
4.628708174	98.9324
4.62457899	98.9548
4.620457167	98.9226
4.616342684	98.9031
4.612235523	98.9773
4.608135664	99.0754
4.604043086	99.0447
4.599957772	98.989
4.595879702	99.0071
4.591808856	98.9851
4.587745215	98.9573
4.58368876	98.9704
4.57964157	98.988
4.575599426	98.9534
4.571564412	98.9426
4.567536508	98.9665
4.563515696	98.9724
4.559501956	98.9612
4.555495271	98.9524
4.551495621	98.946
4.547502989	98.9436
4.543517355	98.9529
4.539538701	98.9485
4.535567009	98.9441
4.531602261	98.9343
4.527644439	98.9148
4.523693523	98.9216
4.519749497	98.9363
4.515814382	98.9519
4.511884077	98.9177
4.507960608	98.905
4.504043956	98.9045
4.500134104	98.9319
4.496231034	98.9011
4.492334729	98.9021
4.488445171	98.927
4.484562343	98.9226
4.480686226	98.9163
4.476816804	98.9246
4.47295406	98.9294
4.469097975	98.9353
4.465248534	98.8987
4.461405718	98.8611
4.45756951	98.8752
4.453739894	98.887
4.449916853	98.8996
4.44610037	98.8923
4.442290427	98.8772
4.438487009	98.8889
4.434690097	98.9026
4.430899676	98.907
4.42711573	98.8787
4.423340197	98.8738
4.419569145	98.8845
4.415804518	98.9065
4.412046298	98.8972
4.408294471	98.8694
4.404549018	98.865
4.400809925	98.8621
4.397077175	98.8611
4.393350752	98.8816
4.389630639	98.864
4.385916821	98.8733
4.382209282	98.9148
4.378508006	98.9363
4.374812977	98.9358
4.371124179	98.9285
4.367441596	98.9275
4.363765214	98.9392
4.360095015	98.9372
4.356430985	98.9065
4.352773108	98.8581
4.349121369	98.8376
4.345475751	98.8494
4.341836241	98.8913
4.338202821	98.8787
4.334577357	98.8572
4.330956072	98.8464
4.327340832	98.8865
4.323731623	98.8738
4.320128429	98.8464
4.316531235	98.8508
4.312940028	98.8635
4.30935479	98.8352
4.305775509	98.8464
4.302202168	98.8787
4.298634754	98.887
4.29507325	98.8874
4.291517644	98.8909
4.287967919	98.9221
4.284424062	98.9275
4.280886058	98.8948
4.277353892	98.8708
4.27382755	98.8904
4.270307018	98.8669
4.266792281	98.8894
4.263283325	98.9128
4.259780136	98.9241
4.256282699	98.9006
4.252791	98.8855
4.249306832	98.8909
4.245826565	98.9128
4.242351994	98.97
4.238883105	98.9631
4.235419885	98.9416
4.231962319	98.9446
4.228510393	98.9416
4.225064094	98.9285
4.221623408	98.8923
4.218188322	98.8811
4.214758821	98.8767
4.211334892	98.8816
4.207916522	98.8464
4.204503696	98.8445
4.201096402	98.8777
4.197694626	98.905
4.194300114	98.9001
4.190909331	98.8992
4.187524026	98.9026
4.184144186	98.904
4.180769797	98.9275
4.177400846	98.9397
4.174037321	98.9206
4.170679208	98.9236
4.167326493	98.9163
4.163979165	98.9138
4.16063721	98.9021
4.157300615	98.907
4.153969367	98.9045
4.150643454	98.8801
4.147322862	98.8708
4.144007579	98.8533
4.140697592	98.864
4.137392888	98.8933
4.134093455	98.9123
4.130799281	98.9285
4.127510352	98.9138
4.124226656	98.9099
4.120948181	98.9304
4.117674914	98.907
4.114408535	98.8913
4.111145645	98.8992
4.107887925	98.9465
4.104635365	98.9455
4.101387951	98.8923
4.098145671	98.8713
4.094908514	98.8904
4.091676466	98.9285
4.088449517	98.9246
4.085227653	98.9031
4.082010864	98.9148
4.078799136	98.8913
4.075592459	98.8894
4.072390819	98.8943
4.069194206	98.9084
4.066002607	98.9021
4.062816011	98.904
4.059634406	98.8962
4.056457779	98.8772
4.053286121	98.8796
4.050119418	98.8757
4.046957659	98.8767
4.043800833	98.8928
4.040648928	98.8699
4.037503563	98.9089
4.034361463	98.9255
4.031224251	98.9353
4.028091913	98.9182
4.024964439	98.8962
4.021841819	98.905
4.018724039	98.9177
4.01561109	98.926
4.012502959	98.928
4.009399637	98.906
4.00630111	98.9246
4.00320737	98.9197
4.000118404	98.9104
3.997034201	98.8533
3.99395475	98.823
3.990880041	98.8049
3.987810062	98.8088
3.984744803	98.7673
3.981684252	98.7717
3.9786284	98.7878
3.975577234	98.7898
3.972530744	98.7937
3.96948892	98.8049
3.966451751	98.7913
3.963420797	98.8298
3.960392903	98.865
3.957369631	98.8845
3.954350972	98.8259
3.951336915	98.8308
3.948327449	98.8503
3.945322564	98.8337
3.942322249	98.7937
3.939326493	98.8103
3.936335288	98.8518
3.933348621	98.8503
3.930366483	98.8474
3.927388864	98.8601
3.924415753	98.8791
3.921447139	98.8733
3.918483014	98.8533
3.915523366	98.8552
3.912568186	98.8562
3.909617463	98.8288
3.906671188	98.864
3.90372935	98.8367
3.900791939	98.8103
3.897858945	98.8225
3.894930359	98.8318
3.892007684	98.8245
3.889087881	98.8249
3.886172454	98.8044
3.883261396	98.7971
3.880354695	98.8171
3.877452343	98.8191
3.874554329	98.7742
3.871660644	98.7517
3.868771278	98.7131
3.865886222	98.6765
3.863005465	98.696
3.860128998	98.7034
3.857256812	98.6995
3.854388896	98.7175
3.851525243	98.7224
3.848665841	98.7268
3.845812161	98.7209
3.842961232	98.7175
3.840114528	98.6897
3.837272037	98.7283
3.834433752	98.7248
3.831599662	98.7205
3.828769759	98.7107
3.825944033	98.7151
3.823122474	98.7126
3.820305074	98.7307
3.817491824	98.741
3.814682714	98.7341
3.811877735	98.7185
3.809076878	98.7292
3.806280134	98.7053
3.803487494	98.6902
3.800698949	98.6604
3.797914489	98.6404
3.795134107	98.6374
3.792357792	98.6628
3.789585537	98.7087
3.786817332	98.6931
3.784053167	98.6785
3.781293036	98.6819
3.778538356	98.6819
3.77578626	98.6272
3.773038171	98.5549
3.770294079	98.574
3.767553976	98.6116
3.764817852	98.614
3.7620857	98.6345
3.759357511	98.6272
3.756633275	98.6267
3.753912985	98.5935
3.751196632	98.5857
3.748484207	98.5886
3.745775701	98.5745
3.743071107	98.5705
3.740370416	98.5471
3.73767362	98.5452
3.734980709	98.551
3.732291676	98.531
3.729606512	98.5413
3.726925208	98.5115
3.724247758	98.4768
3.721574151	98.5315
3.718904381	98.5525
3.716238438	98.5159
3.713577694	98.4626
3.71091938	98.4597
3.708264869	98.4665
3.705614154	98.4592
3.702967225	98.4314
3.700324074	98.4065
3.697684695	98.4221
3.695049078	98.4202
3.692417215	98.4109
3.689789099	98.3708
3.687164722	98.3796
3.684544075	98.3874
3.68192715	98.3909
3.67931394	98.4011
3.676704437	98.3948
3.674098633	98.4123
3.67149652	98.3948
3.66889809	98.4001
3.666303336	98.3621
3.663712249	98.3225
3.661124822	98.3518
3.658541047	98.3728
3.655960916	98.3757
3.653384422	98.3669
3.65081289	98.3791
3.648243644	98.3982
3.645678012	98.405
3.643115986	98.3904
3.640557559	98.3806
3.638002722	98.3928
3.635451469	98.3816
3.632903791	98.3401
3.630359682	98.2698
3.627819133	98.238
3.625282138	98.2405
3.622748688	98.2268
3.620218777	98.2117
3.617692397	98.1858
3.615169541	98.1746
3.6126502	98.1746
3.610135673	98.1706
3.607623341	98.1799
3.605114504	98.2087
3.602609154	98.1897
3.600107283	98.2126
3.597608885	98.2048
3.595113953	98.1999
3.592622478	98.2385
3.590134454	98.2478
3.587649874	98.2009
3.585168731	98.1916
3.582691017	98.1872
3.580216725	98.2034
3.577745848	98.1643
3.57527838	98.1194
3.572814313	98.0974
3.57035364	98.0984
3.567896354	98.1013
3.565442448	98.0764
3.562991916	98.0974
3.560544749	98.0779
3.558100942	98.0359
3.555660487	97.99
3.553223378	97.9841
3.550790868	97.9724
3.548360427	97.9617
3.545933311	97.926
3.543509513	97.9636
3.541089027	97.9763
3.538671844	97.9665
3.53625796	97.9534
3.533847367	97.9431
3.531440058	97.9241
3.529036026	97.8752
3.526635266	97.8518
3.524237769	97.8259
3.52184353	97.76
3.519452542	97.719
3.517064798	97.6936
3.514680292	97.6287
3.512299017	97.5486
3.509920967	97.49
3.507546135	97.4885
3.505174514	97.4539
3.502806098	97.4412
3.500440881	97.447
3.498078855	97.4216
3.495720015	97.4373
3.493365575	97.4885
3.491013085	97.5017
3.488663762	97.4968
3.486317598	97.4802
3.483974588	97.4807
3.481634725	97.4958
3.479298003	97.4939
3.476964415	97.4924
3.474633956	97.5115
3.472306619	97.5388
3.469982397	97.5549
3.467661284	97.5491
3.465343275	97.5212
3.463028363	97.4612
3.460716541	97.4382
3.458407804	97.446
3.456102146	97.4358
3.453799559	97.4358
3.451500039	97.4158
3.449203579	97.363
3.446910172	97.3162
3.444619814	97.2834
3.442332497	97.2541
3.440048216	97.2537
3.437768146	97.1423
3.435489916	97.0466
3.433214704	96.9988
3.430942504	96.9392
3.428673309	96.9202
3.426407114	96.8259
3.424143913	96.719
3.421883699	96.6409
3.419626467	96.6482
3.417372212	96.6565
3.415120926	96.6252
3.412872605	96.6326
3.410627242	96.658
3.408384831	96.7405
3.406145367	96.8064
3.403908845	96.8772
3.401675257	96.8928
3.399444599	96.9392
3.397216864	97.0139
3.394992047	97.0076
3.392770143	97.0486
3.390551144	97.0408
3.388335047	97.0203
3.386121844	97.0081
3.383912676	97.0154
3.381705245	97.0139
3.379500692	97.0413
3.377299012	97.1228
3.375100198	97.1462
3.372904246	97.2068
3.370711149	97.2498
3.368520903	97.2986
3.366333501	97.3479
3.364148938	97.3166
3.361967208	97.3342
3.359788306	97.365
3.357612227	97.324
3.355438965	97.3455
3.353268515	97.342
3.35110087	97.3323
3.348937148	97.3025
3.346775098	97.3245
3.344615837	97.3142
3.342459362	97.3162
3.340305665	97.3049
3.338154741	97.3005
3.336006587	97.3201
3.333861195	97.2971
3.33171856	97.2498
3.329578678	97.262
3.327441544	97.2498
3.32530715	97.178
3.323175494	97.1306
3.321046568	97.0979
3.318920368	97.1443
3.31679689	97.1838
3.314676126	97.1936
3.312558073	97.1658
3.310442725	97.1682
3.308330077	97.1584
3.306220124	97.1721
3.304112861	97.2029
3.302008281	97.1873
3.299906382	97.1775
3.297808244	97.2029
3.295711686	97.1741
3.293617792	97.1311
3.291526557	97.1208
3.289437976	97.1033
3.287352045	97.0642
3.285268756	97.0276
3.283188107	96.9978
3.281110091	97.0349
3.279034705	97.0056
3.276961942	97.0017
3.274891798	96.9763
3.272824267	96.9885
3.270759346	96.9744
3.268697029	96.9949
3.26663731	96.9724
3.264580186	96.9626
3.262525652	96.9158
3.260473701	96.9177
3.25842433	96.9202
3.256377534	96.8577
3.254333308	96.8518
3.252291646	96.8748
3.250252545	96.8928
3.248217054	96.865
3.246183057	96.8162
3.244151606	96.8494
3.242122696	96.9314
3.240096322	96.8689
3.238072479	96.7781
3.236051163	96.8142
3.234032369	96.8025
3.232016093	96.7585
3.230002329	96.7585
3.227991073	96.7097
3.22598232	96.7644
3.223976065	96.8074
3.221972305	96.7761
3.219971033	96.7595
3.217972246	96.7615
3.215975939	96.6882
3.213982108	96.6999
3.211990747	96.6775
3.210001852	96.7019
3.208015419	96.6658
3.206031443	96.6697
3.204049919	96.7097
3.202070843	96.615
3.200095235	96.5769
3.19812104	96.5378
3.196149279	96.5447
3.194179949	96.532
3.192213043	96.4382
3.190248559	96.3992
3.18828649	96.4236
3.186326834	96.4031
3.184369586	96.364
3.18241474	96.3874
3.180462293	96.4031
3.17851224	96.3298
3.176564577	96.2634
3.1746193	96.2029
3.172676403	96.1951
3.170735883	96.1716
3.168797736	96.1248
3.166861956	96.1404
3.164928541	96.198
3.162997484	96.1746
3.161068783	96.1082
3.159142432	96.0291
3.157218427	96.0281
3.155296765	95.9763
3.153378435	95.9216
3.151461443	95.8474
3.14954678	95.8396
3.147634443	95.8611
3.145724426	95.74
3.143816726	95.6746
3.141911338	95.6775
3.140008258	95.6882
3.138107483	95.6687
3.136209007	95.5662
3.134312827	95.4968
3.132418938	95.5291
3.130527337	95.5564
3.128638019	95.5427
3.126750981	95.5359
3.124866217	95.4099
3.122984699	95.3142
3.121104471	95.2976
3.119226507	95.2683
3.1173508	95.2468
3.115477349	95.2126
3.113606148	95.1218
3.111737193	95.0886
3.10987048	95.0369
3.108006006	94.947
3.106143766	94.8513
3.104283756	94.6648
3.102425973	94.6189
3.100570412	94.6052
3.098717069	94.4929
3.096865941	94.4343
3.095017023	94.408
3.093170311	94.2878
3.091325802	94.2283
3.089483491	94.2576
3.087643375	94.1873
3.085805449	94.1414
3.08396971	94.0857
3.082136155	94.03
3.080304778	93.9861
3.078476524	93.9978
3.076649492	93.9421
3.074824627	93.8738
3.073001926	93.7869
3.071181385	93.7439
3.069363	93.6921
3.067546766	93.6462
3.065732681	93.6062
3.06392074	93.5076
3.06211094	93.4724
3.060303276	93.4197
3.058497745	93.3523
3.056694344	93.3699
3.054893068	93.405
3.053093914	93.408
3.051296877	93.283
3.049501955	93.2351
3.047709144	93.1931
3.045918439	93.1179
3.044129837	92.9646
3.042343335	92.9158
3.040558928	92.9529
3.038776613	92.9334
3.036996386	92.8679
3.035219166	92.8269
3.033443104	92.7107
3.031669119	92.6746
3.029897208	92.6609
3.028127367	92.6326
3.026359592	92.5095
3.02459388	92.4236
3.022830228	92.2947
3.021068631	92.2146
3.019309085	92.1296
3.017551589	92.0603
3.015796137	91.9431
3.014042726	91.8826
3.012291354	91.8025
3.010542015	91.7146
3.008794707	91.6101
3.007049426	91.5173
3.005306169	91.3601
3.003564931	91.2517
3.00182571	91.1414
3.000088503	91.117
2.998353304	90.9695
2.996620112	90.8435
2.994888923	90.7429
2.993160628	90.6179
2.991433432	90.4783
2.989708228	90.3259
2.987985013	90.1658
2.986263784	90.0349
2.984544536	89.9744
2.982827267	89.8875
2.981111973	89.7429
2.97939865	89.5203
2.977687296	89.2966
2.975977906	89.0916
2.974270478	88.9295
2.972565009	88.825
2.970861493	88.6892
2.96915993	88.4324
2.967460314	88.3533
2.965763522	88.3279
2.964067792	88.1326
2.962373999	87.8924
2.960682141	87.74
2.958992215	87.6111
2.957304216	87.4763
2.955618142	87.4187
2.95393399	87.2791
2.952251756	87.2039
2.950571437	87.0867
2.94889303	86.9373
2.947216531	86.8455
2.945541937	86.6765
2.943869245	86.5642
2.942198452	86.4451
2.940529554	86.3357
2.938862549	86.3045
2.937197432	86.2342
2.935534201	86.1795
2.933872853	86.0779
2.932213384	86.0408
2.930555792	86.0398
2.928900072	85.9656
2.927246222	85.9119
2.925595095	85.8367
2.923944975	85.8084
2.922296715	85.7156
2.920650312	85.7234
2.919005763	85.7547
2.917363066	85.7781
2.915722216	85.7429
2.91408321	85.7166
2.912446047	85.7537
2.910810722	85.7615
2.909177232	85.7439
2.907545575	85.7556
2.905915747	85.7273
2.904287745	85.781
2.902661566	85.8357
2.901037208	85.867
2.899414666	85.9031
2.897793938	85.9412
2.896175022	85.9998
2.894557913	85.99
2.892942609	86.117
2.891329106	86.1531
2.889717403	86.2312
2.888107495	86.3025
2.886500214	86.3679
2.884893888	86.3914
2.883289349	86.4099
2.881686594	86.4304
2.880085619	86.449
2.878486423	86.5008
2.876889001	86.5359
2.875293352	86.5398
2.873699471	86.6336
2.872107357	86.7127
2.870517006	86.7537
2.868928415	86.782
2.867341582	86.8767
2.865756502	86.9343
2.864173175	87.0974
2.862591596	87.2459
2.861011762	87.2049
2.859433672	87.2927
2.857857321	87.4256
2.856282708	87.5271
2.854709829	87.572
2.853138681	87.6717
2.851569261	87.742
2.850001568	87.8318
2.848436408	87.9568
2.846872156	88.0779
2.845309621	88.1804
2.8437488	88.2849
2.842189691	88.4568
2.840632291	88.5564
2.839076596	88.6131
2.837522604	88.7517
2.835970313	88.8836
2.834419719	88.907
2.83287082	88.9851
2.831323613	89.1033
2.829778094	89.2742
2.828234263	89.4138
2.826692114	89.5584
2.825151647	89.7556
2.823612858	89.9724
2.822075744	90.0711
2.820540303	90.2976
2.819006531	90.408
2.817474427	90.5593
2.815943987	90.6101
2.81441521	90.739
2.812888091	90.8797
2.811363418	90.9724
2.809839609	91.1248
2.80831745	91.2654
2.806796939	91.363
2.805278075	91.5398
2.803760853	91.7351
2.802245271	91.906
2.800731327	92.0662
2.799219018	92.2478
2.797708341	92.3171
2.796199294	92.4841
2.794691874	92.6179
2.793186078	92.7927
2.791681905	92.9187
2.79017935	93.031
2.788678412	93.2361
2.787179865	93.4529
2.785682151	93.5671
2.784186046	93.7068
2.782691547	93.9548
2.781198652	94.0593
2.779707358	94.2351
2.778217662	94.4607
2.776729562	94.7224
2.775243056	94.9373
2.77375814	95.1052
2.772274812	95.3328
2.77079307	95.5281
2.769312911	95.6111
2.767834333	95.7742
2.766357333	95.8953
2.764881908	96.0154
2.763408056	96.3337
2.761935774	96.5281
2.760465061	96.5515
2.758995913	96.7185
2.757528328	96.9187
2.756062304	97.1482
2.754597837	97.3289
2.753134926	97.3728
2.751674325	97.5007
2.750214517	97.739
2.748756257	97.8376
2.747299542	97.9138
2.74584437	98.0554
2.74439074	98.1931
2.742938647	98.2244
2.741488091	98.3474
2.740039067	98.4656
2.738591575	98.5349
2.737145611	98.5437
2.735701174	98.656
2.73425826	98.6365
2.732816867	98.7048
2.731376994	98.7146
2.729938636	98.864
2.728501793	98.8474
2.727066462	98.9187
2.72563264	99.0076
2.724200325	98.9607
2.722769514	98.9851
2.721340206	98.9529
2.719912397	99.0017
2.718486086	98.9236
2.717062008	98.8796
2.715638684	98.9548
2.714216851	98.989
2.712796505	99.1677
2.711377646	99.2976
2.709960269	99.3279
2.708544374	99.4802
2.707129958	99.3826
2.705717018	99.3376
2.704305552	99.3904
2.702895558	99.3757
2.701487034	99.4255
2.700079976	99.5193
2.698674384	99.4929
2.697270255	99.4568
2.695867585	99.446
2.694466374	99.5193
2.693066619	99.6228
2.691668318	99.5857
2.690271467	99.6062
2.688876066	99.6765
2.687482111	99.699
2.686089602	99.7195
2.684698534	99.7302
2.683309626	99.6374
2.681921436	99.6335
2.680534681	99.6296
2.679149359	99.6374
2.677765469	99.6872
2.676383008	99.821
2.675001973	99.7781
2.673622363	99.6951
2.672244175	99.7029
2.670867407	99.8718
2.669492057	99.9031
2.668118123	99.7869
2.666745602	99.8601
2.665374493	99.9451
2.664004793	99.8054
2.6626365	99.7146
2.66127032	99.6404
2.659904834	99.6872
2.658540748	99.5788
2.657178061	99.5124
2.65581677	99.5388
2.654456873	99.5281
2.653098368	99.5359
2.651741253	99.6833
2.650385525	99.6794
2.649031183	99.6833
2.647678224	99.7156
2.646326647	99.6638
2.644976449	99.6599
2.643627628	99.6453
2.642280182	99.6492
2.640934109	99.6531
2.639589407	99.7224
2.638246073	99.6326
2.636904106	99.7302
2.635563503	99.6755
2.634224263	99.6287
2.632886383	99.6374
2.631549862	99.7419
2.630214697	99.739
2.628881577	99.7341
2.627549117	99.7576
2.626218007	99.7126
2.624888245	99.6228
2.62355983	99.6326
2.622232758	99.6013
2.620907028	99.6228
2.619582638	99.7576
2.618259585	99.6794
2.616937869	99.7263
2.615617486	99.8122
2.614298435	99.7458
2.612980713	99.6658
2.61166432	99.6404
2.610349252	99.5974
2.609035507	99.6306
2.607723085	99.6247
2.606411982	99.7654
2.605102197	99.8279
2.603793727	99.8044
2.602486572	99.7224
2.601180728	99.7888
2.599876194	99.7048
2.598572968	99.6853
2.597271722	99.6658
2.595971105	99.7634
2.59467179	99.8787
2.593373774	99.7419
2.592077057	99.6033
2.590781636	99.6658
2.589487509	99.6443
2.588194675	99.7927
2.58690313	99.904
2.585612874	99.8162
2.584323905	99.8142
2.58303622	99.7322
2.581749817	99.6521
2.580464695	99.6404
2.579180852	99.4939
2.577898286	99.5232
2.576616995	99.6228
2.575336976	99.5329
2.574058229	99.6345
2.572780751	99.6814
2.571504541	99.5193
2.570229596	99.5349
2.568955915	99.6951
2.567683495	99.7322
2.566412994	99.6443
2.565143091	99.7283
2.563874445	99.8044
2.562607053	99.7869
2.561340913	99.8044
2.560076024	99.7302
2.558812384	99.7107
2.55754999	99.6287
2.556288841	99.5701
2.555028936	99.4919
2.553770272	99.4978
2.552512847	99.5408
2.55125666	99.5193
2.550001709	99.5329
2.548747991	99.5349
2.547495506	99.4763
2.546244252	99.5857
2.544994225	99.6306
2.543745426	99.6326
2.542497852	99.5622
2.5412515	99.572
2.54000637	99.6052
2.53876246	99.7146
2.537519767	99.6892
2.536278934	99.6814
2.535038671	99.7087
2.53379962	99.7302
2.53256178	99.6462
2.531325149	99.6033
2.530089725	99.6658
2.528855506	99.6267
2.52762249	99.5896
2.526390677	99.5193
2.525160064	99.4607
2.523930648	99.4783
2.52270243	99.4177
2.521475406	99.3747
2.520249575	99.2947
2.519024936	99.2458
2.517801486	99.2068
2.516579857	99.3162
2.515358781	99.4568
2.514138889	99.572
2.512920179	99.5427
2.511702651	99.5798
2.510486301	99.6579
2.50927113	99.7615
2.508057134	99.7087
2.506844312	99.6365
2.505632662	99.613
2.504422183	99.5486
2.503212874	99.5857
2.502004731	99.613
2.500797754	99.6716
2.499591942	99.5349
2.498387291	99.5349
2.497183801	99.5115
2.49598147	99.5408
2.494780296	99.6013
2.493580278	99.5466
2.492381413	99.5876
2.491183701	99.5212
2.489987139	99.4646
2.488791726	99.5662
2.48759808	99.5173
2.486404959	99.488
2.485212983	99.5232
2.484022149	99.5622
2.482832455	99.5701
2.4816439	99.5251
2.480456483	99.5818
2.479270202	99.6208
2.478085055	99.572
2.47690104	99.5329
2.475718156	99.574
2.474536402	99.6521
2.473355775	99.6013
2.472176274	99.572
2.470997898	99.5017
2.469820644	99.4724
2.468644512	99.5251
2.467469499	99.5583
2.466295604	99.574
2.465122826	99.656
2.463951163	99.6423
2.462780612	99.6423
2.461611174	99.7302
2.460442845	99.7439
2.45927623	99.738
2.458110116	99.6267
2.456945108	99.4255
2.455781204	99.4001
2.454618401	99.6443
2.4534567	99.6677
2.452296097	99.6404
2.451136592	99.7673
2.449978183	99.6579
2.448820868	99.5427
2.447664646	99.5583
2.446509516	99.4783
2.445355475	99.4314
2.444202523	99.3923
2.443050657	99.3943
2.441899876	99.5193
2.440750179	99.6267
2.439601564	99.7107
2.43845403	99.7771
2.437307575	99.7224
2.436162197	99.6404
2.435017895	99.6579
2.433874668	99.6404
2.432732513	99.6677
2.431592022	99.656
2.430452008	99.6013
2.429313063	99.5017
2.428175185	99.5173
2.427038372	99.5251
2.425902624	99.5662
2.424767938	99.4704
2.423634312	99.4333
2.422501747	99.5115
2.421370239	99.5642
2.420239788	99.5466
2.419110392	99.5701
2.417982049	99.6638
2.416854758	99.8279
2.415728518	99.7908
2.414603328	99.697
2.413479185	99.7224
2.412356088	99.7537
2.411234036	99.7126
2.410113027	99.8122
2.40899306	99.7029
2.407874134	99.5876
2.406756246	99.6658
2.405639396	99.6872
2.40452416	99.6208
2.40340938	99.6326
2.402295634	99.6091
2.401182919	99.4412
2.400071234	99.5095
2.398960578	99.5544
2.39785095	99.5173
2.396742348	99.5251
2.39563477	99.6814
2.394528216	99.7068
2.393422683	99.5583
2.392318171	99.5251
2.391214677	99.4451
2.390112201	99.3826
2.389010742	99.3943
2.387910297	99.3201
2.386811435	99.363
2.385713014	99.4158
2.384615605	99.5329
2.383519204	99.6111
2.382423811	99.7497
2.381329425	99.6814
2.380236043	99.6423
2.379143665	99.6872
2.37805229	99.6326
2.376961915	99.6443
2.375872539	99.5876
2.374784162	99.5896
2.373696781	99.6521
2.372610396	99.7497
2.371525004	99.7263
2.370440606	99.7439
2.369357198	99.6716
2.368274781	99.7029
2.367193351	99.6521
2.366112909	99.6267
2.365033453	99.6365
2.363954982	99.6345
2.362877493	99.7283
2.361800987	99.6833
2.360726018	99.7283
2.35965147	99.6267
2.3585779	99.6794
2.357505307	99.6814
2.356433688	99.7361
2.355363044	99.6443
2.354293372	99.5701
2.353224671	99.699
2.35215694	99.8396
2.351090177	99.824
2.350024382	99.7497
2.348959552	99.8201
2.347895687	99.7576
2.346832785	99.7576
2.345770845	99.7829
2.344709866	99.8044
2.343649846	99.6482
2.342590784	99.5701
2.341532678	99.5173
2.340475528	99.5388
2.339419333	99.6033
2.33836409	99.4783
2.337309798	99.6482
2.336256457	99.6267
2.335204611	99.5896
2.334153166	99.6033
2.333102667	99.656
2.332053114	99.6443
2.331004504	99.7439
2.329956838	99.6892
2.328910112	99.6267
2.327864326	99.6013
2.32681948	99.4841
2.325775571	99.4841
2.324732598	99.4372
2.32369056	99.4079
2.322649456	99.5486
2.321609284	99.697
2.320570043	99.906
2.319531733	99.9372
2.318494351	99.9607
2.317457897	99.8552
2.316422369	99.8064
2.315387766	99.7107
2.314354087	99.7107
2.31332133	99.8533
2.312289495	99.8533
2.31125858	99.7576
2.310229117	99.613
2.309200038	99.4607
2.308171875	99.4783
2.307144627	99.6814
2.306118293	99.6951
2.305092872	99.6267
2.304068363	99.697
2.303044763	99.8044
2.302022073	99.6404
2.301000291	99.6287
2.299979415	99.7732
2.298959445	99.7439
2.297940379	99.7888
2.296922216	99.8513
2.295904955	99.8611
2.294888595	99.8454
2.29387366	99.7107
2.292859097	99.7283
2.291845431	99.7497
2.29083266	99.7048
2.289820785	99.6794
2.288809803	99.7419
2.287799713	99.7673
2.286790515	99.8923
2.285782206	99.8201
2.284774786	99.8533
2.283768254	99.8826
2.282762608	99.7966
2.281757848	99.6658
2.280753972	99.7829
2.279750978	99.9294
2.278748867	99.7185
2.277747636	99.7986
2.276747284	99.7283
2.275747811	99.7654
2.274749215	99.7673
2.273751494	99.8611
2.272754649	99.7829
2.271758677	99.7439
2.270763578	99.5779
2.269769866	99.6423
2.268776508	99.7185
2.267784019	99.8904
2.266792398	99.9451
2.265801644	99.9138
2.264811756	100.0466
2.263822732	100.0388
2.262834571	99.9548
2.261847273	99.8279
2.260860836	99.8454
2.259875259	99.8122
2.258890541	99.7732
2.257906681	99.6169
2.256923678	99.6267
2.25594153	99.697
2.254960236	99.7517
2.253979796	99.7048
2.253000208	99.7341
2.252021471	99.6872
2.251043584	99.9138
2.250066546	100.0701
2.249090355	100.0857
2.248115012	100.113
2.247140514	100.0857
2.246167365	100.0974
2.245194554	100.0974
2.244222586	100.0037
2.243251458	99.8591
2.242281171	99.7732
2.241311723	99.7497
2.240343113	99.7966
2.23937534	99.6247
2.238408402	99.9294
2.237442299	99.9919
2.23647703	99.9529
2.235512593	99.9333
2.234548988	99.9997
2.233586213	100.0466
2.232624267	100.074
2.231663149	99.9646
2.230702859	100.1013
2.229743394	100.2771
2.228784755	99.9216
2.22782694	99.8708
2.226869947	99.8318
2.225913777	99.6599
2.224958427	99.6443
2.224003896	99.7927
2.223050679	99.863
2.222097785	100.0818
2.221145707	99.9646
2.220194445	99.9568
2.219243997	99.9919
2.218294362	99.8982
2.21734554	99.8552
2.21639753	99.9763
2.215450329	100.0818
2.214503938	100.0349
2.213558355	99.8669
2.212613579	100.031
2.211669609	100.1755
2.210726445	99.9997
2.209784084	100.0154
2.208842527	99.9724
2.207901771	99.9255
2.206961817	100.0701
2.206022662	99.9451
2.205084307	99.8826
2.204146749	99.8435
2.203209989	99.8787
2.202274024	99.8982
2.201338854	99.8357
2.200404963	99.6794
2.199471379	99.8747
2.198538587	100.0779
2.197606587	99.9919
2.196675376	99.9412
2.195744954	99.9685
2.194815319	100.0701
2.193886472	100.0466
2.192958411	99.9997
2.192031134	99.9021
2.191104641	100.0115
2.190178931	100.0193
2.189254003	100.031
2.188329856	100.1951
2.187406488	100.0818
2.1864839	100.0818
2.185562567	100.1286
2.184641533	100.113
2.183721275	100.2107
2.182801792	100.031
2.181883083	100.0232
2.180965147	99.9138
2.180047983	99.8787
2.17913159	99.906
2.178215967	99.9685
2.177301113	99.9685
2.176387028	99.9216
2.175473709	100.1404
2.174561157	100.1169
2.17364937	100.3435
2.172738348	100.4724
2.171828089	100.3201
2.170918592	100.4294
2.170009856	100.6404
2.169101881	100.6013
2.168194666	100.4451
2.167288209	100.3201
2.166382509	100.2341
2.165477567	100.2888
2.16457338	100.3044
2.163670416	100.2693
2.162767737	100.1911
2.161865811	100.281
2.160964637	100.3865
2.160064214	100.4372
2.159164542	100.4841
2.158265618	100.4997
2.157367442	100.4997
2.156470014	100.2068
2.155573332	100.0622
2.154677395	100.0466
2.153782203	100.1482
2.152887754	100.1951
2.151994048	100.2888
2.151101084	100.2888
2.150208861	100.2029
2.149317377	100.1443
2.148426632	100.0935
2.147536625	100.0935
2.146647355	100.1638
2.145758822	100.488
2.144871024	100.5818
2.14398396	100.4372
2.143097629	100.3513
2.14221249	100.3552
2.141327623	100.0037
2.140443487	99.9372
2.139560081	99.8826
2.138677403	99.9216
2.137795454	99.9997
2.136914232	100.1716
2.136033736	100.1638
2.135153965	100.2615
2.134274919	100.5036
2.133396596	100.5154
2.132518995	100.8357
2.131642117	100.7107
2.130765959	100.5154
2.129890521	100.5622
2.129015803	100.4216
2.128141802	100.363
2.127268519	100.406
2.126395952	100.531
2.125524101	100.4411
2.124652964	100.3747
2.123782542	100.2888
2.122912832	100.3044
2.122043834	100.2849
2.121175997	100.5622
2.12030842	100.7224
2.119441553	100.613
2.118575394	100.574
2.117709942	100.3005
2.116845198	100.3005
2.115981159	100.1599
2.115117826	100.3943
2.114255197	100.3904
2.113393271	100.3591
2.112532047	100.3044
2.111671525	100.488
2.110811704	100.488
2.109952583	100.2888
2.109094161	100.2419
2.108236437	100.2654
2.107379855	100.1951
2.106523524	100.3474
2.105667889	100.5388
2.104812949	100.4763
2.103958703	100.4372
2.103105151	100.3982
2.10225229	100.4451
2.101400121	100.5036
2.100548642	100.5036
2.099697853	100.281
2.098847754	100.613
2.097998342	100.8826
2.097149617	101.0622
2.096301579	100.9763
2.095454226	101.0779
2.094607559	100.7732
2.093761575	100.9568
2.092916274	100.7576
2.092071655	100.5388
2.091227718	100.5818
2.090384461	100.6286
2.089541885	100.3669
2.088699987	100.6638
2.087858767	100.7029
2.08701866	100.6482
2.086178794	100.5857
2.085339604	100.8201
2.084501088	100.781
2.083663247	100.6286
2.082826078	100.6247
2.081989583	100.5154
2.081153758	100.4841
2.080318605	100.4451
2.079484122	100.3982
