Name: Enstatite Mg2Si2O6
Type:  Mineral
Class:   Silicates
Subclass:   Inosilicates (Chain Silicates) (Pyroxene Group)
Particle Size: Coarse  (74-250 Micrometers)
Sample No.:  enstatite.1
Owner:  JHU
Wavelength Range:  IR
Origin:  Sample from Frank Smith Mine, near Barkly Wes, South 
Africa via the Smithsonian (sample no. NMNH 128288). 
Description: Sample was a single light green piece, apparently part of 
a single crystal, with a large area of contamination by a dark green 
mineral, discarded during crushing. A small amount of black mineral 
veining was present. Under the microscope, the hand-picked material 
appeared moderately altered. A higher index of refraction than 
expected indicated probable higher iron content than pure enstatite.
Measurement:  Bidirectional reflectance 
First Column:  X
Second Column:  Y  
X Units:  Wavelength (micrometers)
Y Units:  Reflectance (percent)
First X Value:  25.0442
Last X Value:  2.079
Number of X Values:  2287
Additional Information:  enstat1a.txt

25.04420302	5.6721
24.9237955	5.8183
24.80454022	5.8706
24.68642074	5.6682
24.5694209	5.4619
24.45358465	5.331
24.3387763	5.092
24.22504094	5.008
24.11236361	4.8843
24.00072962	4.6377
23.89012454	4.6377
23.78053421	4.758
23.67194472	4.8996
23.56434244	4.9817
23.45771395	5.2163
23.35204611	5.4499
23.24732598	5.5061
23.14354087	5.616
23.04067832	5.728
22.93872607	5.7746
22.83767211	5.9397
22.7375046	6.0166
22.63821194	6.0984
22.53978272	6.3169
22.44220571	6.5202
22.3454699	6.6452
22.24956446	6.7698
22.15447875	6.8616
22.06020229	6.9638
21.96677306	7.1291
21.87408402	7.2612
21.7821739	7.2812
21.69103293	7.323
21.60065148	7.2659
21.5110201	7.0786
21.42212949	6.9524
21.33397051	6.8735
21.24653416	6.7966
21.15981159	6.7102
21.0737941	6.6553
20.98847313	6.8034
20.90384024	6.967
20.81988716	7.1328
20.73660571	7.2746
20.65398787	7.3928
20.57202575	7.5813
20.49071156	7.8279
20.41003766	8.0068
20.3299965	8.1924
20.25058069	8.394
20.1717829	8.6042
20.09359597	8.8857
20.01601281	9.2033
19.93906621	9.4328
19.8626695	9.6562
19.78685599	9.8952
19.71161901	10.1174
19.63695203	10.2846
19.56284859	10.3864
19.48930232	10.4531
19.41630698	10.508
19.34385639	10.5031
19.27194448	10.4094
19.20056526	10.2343
19.12971284	9.9131
19.05938141	9.5266
18.98956523	9.1396
18.92025868	8.7466
18.85145618	8.4678
18.78315226	8.3415
18.71534153	8.4089
18.64801865	8.4944
18.58117838	8.5171
18.51481556	8.4782
18.44892507	8.4136
18.38350191	8.4829
18.31854111	8.7187
18.25407111	8.9582
18.19002023	9.0097
18.12641726	8.9197
18.06325753	8.6999
18.00053642	8.3337
17.93824937	7.9616
17.8763919	7.6455
17.81495958	7.4346
17.75394803	7.3723
17.69335296	7.4973
17.63317011	7.6672
17.57339529	7.8159
17.51402436	7.9834
17.45505324	8.1504
17.39647791	8.1662
17.3382944	8.0901
17.28049878	8.0388
17.2230872	7.9253
17.16605584	7.7146
17.10940093	7.4971
17.05311876	7.2619
16.99720566	7.0271
16.94165801	6.7976
16.88647225	6.5542
16.83167317	6.3244
16.77720046	6.1479
16.72307919	5.9775
16.66930597	5.793
16.61587747	5.625
16.56279037	5.4878
16.51004141	5.3406
16.45762737	5.1572
16.40554507	4.9175
16.35379138	4.6433
16.30236319	4.3276
16.25125744	3.9597
16.20047111	3.5781
16.15000121	3.2229
16.0998448	2.9268
16.04999896	2.7248
16.00048641	2.5857
15.95125297	2.5203
15.90232158	2.4983
15.85368947	2.4956
15.80535391	2.5007
15.75731218	2.4802
15.70956162	2.4333
15.6620996	2.4126
15.61492349	2.438
15.56803074	2.4841
15.52141878	2.5254
15.47508511	2.5735
15.42902725	2.6477
15.38324273	2.7048
15.33772913	2.7056
15.29248405	2.6907
15.24750513	2.5825
15.20279002	2.4324
15.1583364	2.2786
15.114142	2.1514
15.07020455	2.1042
15.02652181	2.1077
14.98309158	2.1294
14.93991168	2.2024
14.89700213	2.2751
14.85431629	2.3286
14.81187438	2.3789
14.76967431	2.4346
14.72771402	2.47
14.68599147	2.5156
14.64450465	2.5723
14.60325156	2.6489
14.56223023	2.7781
14.52143873	2.9448
14.48087511	3.0959
14.44053748	3.1692
14.40042395	3.1819
14.36053266	3.095
14.32086177	2.916
14.28140946	2.7029
14.24217393	2.5122
14.20315338	2.3767
14.16434607	2.3027
14.12575025	2.3022
14.0873642	2.3052
14.0491862	2.3198
14.01121458	2.3684
13.97344765	2.4065
13.93590321	2.4846
13.89854065	2.553
13.8613779	2.6013
13.82441336	2.5957
13.78764544	2.5422
13.75107258	2.4331
13.71469324	2.334
13.67850587	2.241
13.64250897	2.1753
13.60670103	2.1785
13.57108057	2.2178
13.53564612	2.2598
13.50039624	2.3162
13.46532947	2.3635
13.4304444	2.3611
13.39573962	2.3088
13.36121373	2.259
13.32686536	2.2725
13.29269314	2.2986
13.25869572	2.3372
13.22487175	2.3733
13.19121992	2.386
13.15773892	2.3928
13.12442745	2.426
13.09130135	2.4595
13.05832501	2.4807
13.02551438	2.499
12.99286821	2.5212
12.96038529	2.5461
12.92806437	2.5972
12.89590426	2.6174
12.86390376	2.6335
12.83206168	2.6846
12.80037684	2.7251
12.7688481	2.7478
12.73747429	2.7822
12.70625427	2.7993
12.67518693	2.8184
12.64427113	2.8408
12.61350579	2.8689
12.58290562	2.8928
12.55243781	2.8984
12.52211719	2.9055
12.4919427	2.9397
12.46191328	2.9788
12.43202789	2.9978
12.40228549	3.042
12.37268507	3.085
12.34322561	3.1152
12.31390609	3.156
12.28472554	3.2124
12.25568296	3.25
12.22677738	3.2934
12.19800782	3.3306
12.16937334	3.3745
12.14087298	3.4119
12.1125058	3.4575
12.08427087	3.5354
12.05616727	3.5959
12.02819409	3.6567
12.00035041	3.7461
11.97263534	3.8227
11.945048	3.9023
11.9175875	4.0037
11.8902671	4.1318
11.86305761	4.2427
11.83597236	4.342
11.80901051	4.459
11.78217122	4.5984
11.75545365	4.7236
11.72885698	4.8093
11.70238038	4.9243
11.67602305	5.0471
11.64978419	5.1628
11.62366299	5.2703
11.59765866	5.3552
11.57177043	5.4407
11.54599752	5.5283
11.52033916	5.6015
11.49479458	5.6374
11.46936304	5.6389
11.44404378	5.6113
11.41883606	5.5464
11.39373914	5.4223
11.3687523	5.2551
11.34387482	5.0412
11.31910597	4.7986
11.29444505	4.563
11.26990406	4.3623
11.24545684	4.2073
11.22111545	4.1174
11.19687921	4.0652
11.17274743	4.0366
11.14871946	4.0449
11.12479461	4.0132
11.10097222	3.9631
11.07725165	3.9277
11.05363222	3.8518
11.03011331	3.7617
11.00669427	3.7444
10.98337447	3.8142
10.96015327	3.9343
10.93703005	4.1025
10.9140042	4.3142
10.89107509	4.5561
10.86824213	4.7966
10.8455047	5.0168
10.82286221	5.2182
10.80031407	5.3923
10.77785969	5.5264
10.75549848	5.6003
10.73322986	5.6235
10.71106474	5.6103
10.68897956	5.5862
10.66698525	5.5659
10.64508128	5.5564
10.62326708	5.5679
10.6015421	5.5925
10.5799058	5.6619
10.55835763	5.7673
10.53689705	5.8664
10.51552354	5.9502
10.49423657	6.0481
10.4730356	6.1203
10.45192012	6.1655
10.43088962	6.2036
10.40994358	6.2131
10.38908149	6.1787
10.36830285	6.1018
10.34760717	5.978
10.32699394	5.8384
10.30646267	5.7336
10.28601287	5.7431
10.26564407	5.8689
10.24535578	6.0251
10.22514752	6.1633
10.20502924	6.2324
10.1849796	6.1968
10.16500858	6.0796
10.14511574	5.9192
10.12530059	5.717
10.10556271	5.5246
10.08590162	5.3889
10.0663169	5.2878
10.04680808	5.1838
10.02737473	5.1045
10.00801642	5.0879
9.98873271	5.1352
9.969523168	5.2463
9.950387369	5.4184
9.931324888	5.6015
9.912335307	5.7529
9.893427994	5.8716
9.874582922	5.9451
9.855809507	5.9617
9.83710734	5.9084
9.818476015	5.7905
9.799915133	5.623
9.781424293	5.3987
9.7630031	5.1321
9.744651161	4.8564
9.726368087	4.6096
9.70815349	4.4463
9.690006986	4.3957
9.671928196	4.467
9.653916739	4.6545
9.635972241	4.935
9.618094328	5.2598
9.600282632	5.5849
9.582536785	5.8799
9.564856422	6.1213
9.547241181	6.3071
9.529690704	6.4263
9.512204634	6.5134
9.494782617	6.5552
9.477424301	6.572
9.460138288	6.6028
9.4429063	6.6323
9.425736975	6.6687
9.408629972	6.7344
9.391584952	6.821
9.374601579	6.9035
9.35767952	6.9792
9.340818443	7.0508
9.324018018	7.0845
9.307277919	7.1025
9.290597822	7.1194
9.273977405	7.113
9.257416348	7.0947
9.240914333	7.0896
9.224471046	7.0659
9.208086173	7.0239
9.191759404	6.9949
9.17549043	6.9624
9.159278945	6.9355
9.143124645	6.9018
9.127027227	6.9033
9.110986392	6.9199
9.095001842	6.9343
9.079073281	6.968
9.06320863	7.0132
9.04739114	7.0564
9.031628764	7.1081
9.015921215	7.1653
9.000268208	7.2129
8.984669459	7.2583
8.969124685	7.3122
8.953633608	7.3352
8.93819595	7.3352
8.922811435	7.3144
8.907479789	7.2512
8.89220074	7.186
8.876974017	7.1831
8.861799353	7.2793
8.846676481	7.426
8.831605135	7.5674
8.816585054	7.6667
8.801615977	7.6213
8.786697643	7.4363
8.771829795	7.1963
8.757012178	6.9272
8.742244536	6.7453
8.727526619	6.7991
8.712858175	7.0317
8.69824652	7.2077
8.683676252	7.2097
8.669154714	7.0725
8.654681663	6.8406
8.640256858	6.551
8.625880055	6.2461
8.611551018	5.9114
8.597269507	5.541
8.583035287	5.1819
8.568848124	4.8166
8.554707784	4.4368
8.540614036	4.0535
8.52656665	3.6711
8.512565398	3.2815
8.498610052	2.8904
8.484700388	2.5034
8.470836182	2.1296
8.45701721	1.7705
8.443243252	1.4453
8.429514089	1.1521
8.415829502	0.8962
8.402189274	0.698
8.388593191	0.5608
8.375041038	0.4697
8.361539594	0.4316
8.348074642	0.4346
8.334652987	0.4495
8.32127442	0.4722
8.307938734	0.4995
8.294645723	0.5286
8.281395183	0.5642
8.268186911	0.6003
8.255020704	0.6274
8.241896361	0.658
8.228813685	0.7009
8.215772476	0.7278
8.202772537	0.7541
8.189813674	0.7864
8.176895691	0.8154
8.164018395	0.8567
8.151188239	0.8809
8.138391724	0.8999
8.125635323	0.9377
8.11291885	0.9658
8.100242116	0.99
8.087604937	1.0251
8.075007126	1.0503
8.062448501	1.0747
8.049928879	1.1013
8.037448078	1.1267
8.025005918	1.157
8.012602221	1.1804
8.000236807	1.1973
7.9879095	1.217
7.975620124	1.2507
7.963368505	1.2822
7.951154468	1.3035
7.938977841	1.3259
7.926838452	1.3464
7.914736131	1.3625
7.902670708	1.386
7.890642014	1.4182
7.878649883	1.4397
7.866694148	1.46
7.854780812	1.4878
7.842897355	1.5154
7.831049799	1.5378
7.819237984	1.5566
7.807461747	1.5796
7.795720929	1.6047
7.784015369	1.6184
7.772344909	1.6343
7.760709391	1.6548
7.749108659	1.675
7.737542556	1.6926
7.726010929	1.7124
7.714513623	1.7324
7.703050485	1.7444
7.691621363	1.7615
7.680226106	1.7878
7.668864563	1.8088
7.657536586	1.8264
7.646242025	1.8435
7.634980733	1.8596
7.623752563	1.8772
7.61255737	1.8979
7.601395008	1.9192
7.590265333	1.9392
7.579173946	1.9631
7.568109199	1.9856
7.557076711	1.9978
7.546076342	2.0142
7.535107952	2.033
7.524171401	2.0505
7.51326655	2.0715
7.502393263	2.0891
7.491551403	2.1003
7.480740833	2.1157
7.469961418	2.1306
7.459213023	2.1387
7.448495516	2.1521
7.437808762	2.1709
7.42715263	2.1887
7.416526989	2.2004
7.405931707	2.2119
7.395366655	2.2268
7.384831703	2.2407
7.374326724	2.2483
7.363851589	2.2598
7.353406171	2.2707
7.342990345	2.2788
7.332603984	2.2961
7.322252325	2.3144
7.311924506	2.3213
7.30162578	2.342
7.291356025	2.3691
7.281115117	2.3779
7.270902937	2.3909
7.260719363	2.4123
7.250564275	2.4275
7.240437554	2.4394
7.230339081	2.448
7.220268738	2.4707
7.210226408	2.4924
7.200211974	2.5056
7.19022532	2.5203
7.18026633	2.5334
7.17033489	2.5483
7.160436013	2.5581
7.150559317	2.5627
7.140709829	2.5749
7.130887439	2.5906
7.121092034	2.6006
7.111323503	2.5991
7.101581735	2.6001
7.091866622	2.5976
7.082178053	2.5974
7.07251592	2.5933
7.062880115	2.5923
7.053270531	2.594
7.04368706	2.5847
7.034129597	2.5832
7.024598035	2.5842
7.01509227	2.5832
7.005612196	2.5862
6.99615771	2.5974
6.986728709	2.6057
6.977325089	2.6167
6.967946748	2.6326
6.958593585	2.6497
6.949265497	2.6592
6.939962385	2.6692
6.930688952	2.6794
6.921435478	2.6858
6.912206681	2.6963
6.903002461	2.7082
6.893822721	2.7165
6.884667364	2.7231
6.875536292	2.731
6.866429409	2.7441
6.857346618	2.7595
6.848287825	2.7712
6.839252935	2.7764
6.830241852	2.7864
6.821254483	2.7891
6.812290735	2.7937
6.803350514	2.8018
6.794433728	2.8044
6.785540285	2.8047
6.776670093	2.8039
6.767823062	2.8064
6.7589991	2.8069
6.750198118	2.8061
6.741420026	2.802
6.732664735	2.7949
6.723932156	2.7893
6.715226709	2.7873
6.706539278	2.783
6.697874296	2.7717
6.689231675	2.7544
6.680611329	2.7446
6.672013173	2.7422
6.663437121	2.7395
6.654883087	2.7341
6.646350987	2.7319
6.637840737	2.7373
6.629352253	2.7517
6.620885451	2.7664
6.612440248	2.7837
6.604016563	2.8079
6.595614312	2.8259
6.587233415	2.8459
6.578873789	2.8677
6.570535354	2.8848
6.56221803	2.9031
6.553921736	2.9197
6.545646392	2.9246
6.537391921	2.9309
6.529158241	2.9441
6.520945276	2.9397
6.512757189	2.9302
6.504585407	2.9246
6.496434107	2.9182
6.488303211	2.9048
6.480192643	2.8852
6.472102327	2.8752
6.464032186	2.8667
6.455982145	2.8552
6.44795213	2.8423
6.439942066	2.8179
6.431951879	2.7893
6.423981494	2.7683
6.416030838	2.7429
6.408099838	2.7102
6.400188422	2.6863
6.392296516	2.6543
6.384424048	2.6164
6.376570948	2.5864
6.368737143	2.5596
6.360922563	2.53
6.353127136	2.4973
6.345350793	2.478
6.337593464	2.4687
6.329855078	2.456
6.322139564	2.4441
6.314438848	2.4394
6.30675687	2.4355
6.29909356	2.4385
6.291448851	2.447
6.283822676	2.4551
6.276214965	2.4541
6.268625654	2.4541
6.261054675	2.4622
6.253501961	2.4607
6.245967447	2.4597
6.238451067	2.4665
6.230952756	2.4648
6.223472449	2.4641
6.21601008	2.4683
6.208565585	2.4717
6.201142747	2.4766
6.1937338	2.4868
6.186342535	2.5002
6.178968891	2.5129
6.171612803	2.5271
6.164274209	2.5491
6.156953047	2.5771
6.149649255	2.5923
6.14236277	2.603
6.135093533	2.6182
6.12784148	2.6252
6.120606552	2.636
6.113388688	2.6445
6.106187828	2.6521
6.099003911	2.6555
6.091836878	2.6536
6.084686669	2.6455
6.077553226	2.6379
6.070436489	2.6348
6.063336399	2.6296
6.056252899	2.6218
6.049185931	2.6223
6.042135436	2.623
6.035101357	2.6245
6.02808727	2.6257
6.021085843	2.633
6.01410066	2.6514
6.007131667	2.6772
6.000178805	2.7092
5.99324202	2.7436
5.986321256	2.7778
5.979416457	2.8242
5.972527568	2.8765
5.965654534	2.9272
5.9587973	2.9748
5.951955813	3.0281
5.945130017	3.0845
5.938319859	3.1304
5.931525286	3.1782
5.924746243	3.2226
5.917982678	3.2544
5.911234538	3.283
5.904501769	3.313
5.89778432	3.332
5.891082139	3.344
5.884395172	3.3455
5.87772337	3.3523
5.871066679	3.3574
5.864428488	3.3455
5.85780186	3.3301
5.851190191	3.3159
5.84459343	3.3142
5.838011527	3.3101
5.831444431	3.3005
5.824892094	3.2934
5.818354465	3.2996
5.811831494	3.3025
5.805323133	3.3015
5.798829332	3.3047
5.792350043	3.3081
5.785885217	3.3152
5.779434806	3.3213
5.772998761	3.3227
5.766577035	3.3191
5.760169579	3.3142
5.753776347	3.3181
5.747397291	3.3301
5.741032364	3.3352
5.734681519	3.3391
5.728344709	3.3567
5.722021888	3.3635
5.715713009	3.3664
5.709421287	3.3782
5.703140149	3.3894
5.696872816	3.3933
5.690619242	3.3933
5.684379382	3.4009
5.678153192	3.4075
5.671940626	3.4194
5.66574164	3.4289
5.659556189	3.438
5.653384229	3.4524
5.647225716	3.4687
5.641080605	3.4831
5.634948854	3.5019
5.628830419	3.5268
5.622725256	3.5478
5.616633323	3.5715
5.610557723	3.5952
5.604492113	3.6218
5.598439603	3.6509
5.592400152	3.675
5.586373717	3.706
5.580360257	3.7407
5.574359729	3.7761
5.568372092	3.8252
5.562397304	3.8735
5.556435324	3.9128
5.550486112	3.9573
5.544549625	4.0007
5.538625823	4.0254
5.532714665	4.0449
5.526816112	4.0627
5.520930122	4.0666
5.515056656	4.0642
5.509195674	4.0618
5.503347136	4.0535
5.497511002	4.0444
5.491687233	4.041
5.48587579	4.0386
5.480076633	4.0283
5.474289725	4.0229
5.468518015	4.0234
5.462755479	4.0225
5.457005076	4.0239
5.451266765	4.0361
5.445540511	4.0488
5.439826274	4.0566
5.434124016	4.0784
5.428433701	4.1018
5.422755291	4.1274
5.417088748	4.1633
5.411434035	4.2026
5.405791116	4.2471
5.400159953	4.2873
5.394540509	4.3171
5.388932749	4.3447
5.383336635	4.3769
5.377752132	4.3967
5.372179203	4.4097
5.366617813	4.4265
5.361067925	4.438
5.355529504	4.4436
5.350002515	4.4473
5.344486921	4.4521
5.338982689	4.4507
5.333492627	4.4455
5.328011006	4.4414
5.32254064	4.4365
5.317081497	4.4241
5.31163354	4.406
5.306196736	4.3933
5.30077105	4.3838
5.295356449	4.3652
5.289952898	4.3396
5.284560364	4.3301
5.279178813	4.3137
5.273808212	4.2878
5.268448526	4.2712
5.263099724	4.2529
5.257761771	4.238
5.252434635	4.2258
5.247118283	4.2112
5.241812682	4.1938
5.236517799	4.1733
5.231233603	4.1579
5.225960061	4.1357
5.220697141	4.1035
5.21544481	4.0745
5.210203036	4.0381
5.204974498	3.9949
5.19975374	3.947
5.194543444	3.8987
5.189343579	3.8523
5.184154115	3.8059
5.178975019	3.7515
5.173806261	3.6975
5.168647809	3.6499
5.163499634	3.6096
5.158361704	3.5774
5.153233989	3.5449
5.148116459	3.5242
5.143009082	3.5215
5.137911829	3.5166
5.13282467	3.5149
5.127747575	3.5264
5.122680514	3.5432
5.117623458	3.5622
5.112576376	3.5847
5.107539239	3.6077
5.102512018	3.6291
5.097494683	3.6499
5.092487206	3.675
5.087489558	3.7048
5.082504292	3.7278
5.077526209	3.7512
5.072557868	3.7805
5.06759924	3.8103
5.062650297	3.8415
5.057711011	3.8684
5.052781354	3.8935
5.047861297	3.9253
5.042950812	3.9543
5.038049872	3.9846
5.033158448	4.0183
5.028276513	4.0471
5.023404039	4.0779
5.018541	4.1028
5.013687367	4.1269
5.008843113	4.155
5.004010715	4.1811
4.999185133	4.2087
4.994368849	4.2388
4.989561837	4.2571
4.984764069	4.27
4.979975518	4.2891
4.97519616	4.3083
4.970425966	4.324
4.96566491	4.3381
4.960912967	4.3486
4.95617011	4.3581
4.951436313	4.363
4.94671155	4.3657
4.941995795	4.3657
4.937289023	4.364
4.932591209	4.3674
4.927902325	4.3657
4.923222347	4.3596
4.918551251	4.3555
4.913889009	4.3596
4.909235598	4.3555
4.904590991	4.3525
4.899955165	4.3533
4.895328095	4.3516
4.890712146	4.3464
4.886102507	4.3367
4.88150155	4.3288
4.876909249	4.3171
4.87232558	4.3086
4.86775052	4.2934
4.863184043	4.2795
4.858626126	4.2724
4.854076745	4.2717
4.849535875	4.2639
4.845003493	4.2593
4.840479575	4.2673
4.835964098	4.2705
4.831457037	4.2754
4.826958369	4.2832
4.822468072	4.3032
4.81798612	4.3308
4.813512492	4.3569
4.809047164	4.3765
4.804590113	4.4023
4.800141316	4.4402
4.79570075	4.487
4.791268392	4.5286
4.78684422	4.5657
4.782430498	4.6152
4.778022625	4.6675
4.773622869	4.7107
4.769231209	4.7515
4.764847623	4.8047
4.760472086	4.8579
4.756104579	4.9038
4.751745078	4.9477
4.747393562	4.989
4.743050009	5.032
4.738714396	5.0781
4.734386703	5.1274
4.730066907	5.1682
4.725754987	5.199
4.721450921	5.2351
4.717154688	5.2786
4.712866266	5.3122
4.708585635	5.3362
4.704312773	5.3699
4.700047658	5.4121
4.695790271	5.4375
4.691540589	5.4585
4.687298593	5.4924
4.68306426	5.5193
4.67883976	5.5398
4.67462069	5.5635
4.670409221	5.5837
4.666205334	5.6059
4.662009009	5.6326
4.657820224	5.6626
4.65363896	5.7007
4.649465195	5.7346
4.645298911	5.7754
4.641140087	5.8269
4.636988702	5.8784
4.632844738	5.9302
4.628708174	5.9892
4.62457899	6.0566
4.620457167	6.1262
4.616342684	6.198
4.612235523	6.271
4.608135664	6.3393
4.604043086	6.4126
4.599957772	6.4863
4.595879702	6.563
4.591808856	6.6284
4.587745215	6.6926
4.58368876	6.7651
4.57964157	6.8303
4.575599426	6.8928
4.571564412	6.9538
4.567536508	7.0102
4.563515696	7.0676
4.559501956	7.1218
4.555495271	7.177
4.551495621	7.2265
4.547502989	7.2783
4.543517355	7.3364
4.539538701	7.3904
4.535567009	7.4446
4.531602261	7.4971
4.527644439	7.551
4.523693523	7.5996
4.519749497	7.6404
4.515814382	7.6816
4.511884077	7.7158
4.507960608	7.748
4.504043956	7.7793
4.500134104	7.7993
4.496231034	7.8144
4.492334729	7.841
4.488445171	7.8647
4.484562343	7.8699
4.480686226	7.8835
4.476816804	7.9028
4.47295406	7.9131
4.469097975	7.9214
4.465248534	7.9309
4.461405718	7.9367
4.45756951	7.9436
4.453739894	7.9512
4.449916853	7.9604
4.44610037	7.9663
4.442290427	7.9717
4.438487009	7.9863
4.434690097	7.9905
4.430899676	7.9892
4.42711573	7.9951
4.423340197	8.0049
4.419569145	8.0095
4.415804518	8.0129
4.412046298	8.0178
4.408294471	8.0171
4.404549018	8.0198
4.400809925	8.0293
4.397077175	8.0361
4.393350752	8.0373
4.389630639	8.0454
4.385916821	8.0552
4.382209282	8.0503
4.378508006	8.0566
4.374812977	8.0688
4.371124179	8.0708
4.367441596	8.062
4.363765214	8.0661
4.360095015	8.0793
4.356430985	8.0783
4.352773108	8.0796
4.349121369	8.0762
4.345475751	8.0681
4.341836241	8.0764
4.338202821	8.0818
4.334577357	8.0827
4.330956072	8.0915
4.327340832	8.0949
4.323731623	8.0937
4.320128429	8.0969
4.316531235	8.1011
4.312940028	8.1045
4.30935479	8.1059
4.305775509	8.1106
4.302202168	8.1125
4.298634754	8.1074
4.29507325	8.1116
4.291517644	8.1235
4.287967919	8.1247
4.284424062	8.126
4.280886058	8.1377
4.277353892	8.1428
4.27382755	8.1489
4.270307018	8.1579
4.266792281	8.1655
4.263283325	8.177
4.259780136	8.1821
4.256282699	8.1919
4.252791	8.2007
4.249306832	8.2058
4.245826565	8.2085
4.242351994	8.2075
4.238883105	8.2114
4.235419885	8.2199
4.231962319	8.2217
4.228510393	8.2209
4.225064094	8.2297
4.221623408	8.2446
4.218188322	8.25
4.214758821	8.2463
4.211334892	8.2456
4.207916522	8.2532
4.204503696	8.2536
4.201096402	8.2551
4.197694626	8.2629
4.194300114	8.2676
4.190909331	8.2737
4.187524026	8.2761
4.184144186	8.2732
4.180769797	8.2829
4.177400846	8.2942
4.174037321	8.2942
4.170679208	8.2908
4.167326493	8.2937
4.163979165	8.3047
4.16063721	8.3093
4.157300615	8.3108
4.153969367	8.3181
4.150643454	8.3186
4.147322862	8.3178
4.144007579	8.324
4.140697592	8.3362
4.137392888	8.3354
4.134093455	8.334
4.130799281	8.3476
4.127510352	8.353
4.124226656	8.3511
4.120948181	8.3562
4.117674914	8.3616
4.114408535	8.3642
4.111145645	8.3711
4.107887925	8.3723
4.104635365	8.374
4.101387951	8.383
4.098145671	8.3879
4.094908514	8.3889
4.091676466	8.3916
4.088449517	8.4011
4.085227653	8.4057
4.082010864	8.4053
4.078799136	8.4165
4.075592459	8.4172
4.072390819	8.414
4.069194206	8.415
4.066002607	8.4172
4.062816011	8.4189
4.059634406	8.4258
4.056457779	8.4289
4.053286121	8.4336
4.050119418	8.4402
4.046957659	8.4365
4.043800833	8.4387
4.040648928	8.4404
4.037503563	8.4472
4.034361463	8.4543
4.031224251	8.456
4.028091913	8.4524
4.024964439	8.4521
4.021841819	8.4524
4.018724039	8.456
4.01561109	8.4543
4.012502959	8.4582
4.009399637	8.4624
4.00630111	8.4631
4.00320737	8.4651
4.000118404	8.4687
3.997034201	8.4629
3.99395475	8.4507
3.990880041	8.4468
3.987810062	8.4563
3.984744803	8.4631
3.981684252	8.4624
3.9786284	8.4624
3.975577234	8.4699
3.972530744	8.4761
3.96948892	8.4751
3.966451751	8.4717
3.963420797	8.477
3.960392903	8.4853
3.957369631	8.4902
3.954350972	8.497
3.951336915	8.5019
3.948327449	8.5027
3.945322564	8.5075
3.942322249	8.5107
3.939326493	8.5107
3.936335288	8.5093
3.933348621	8.5078
3.930366483	8.5119
3.927388864	8.5151
3.924415753	8.5215
3.921447139	8.53
3.918483014	8.5285
3.915523366	8.5303
3.912568186	8.5254
3.909617463	8.5259
3.906671188	8.531
3.90372935	8.5307
3.900791939	8.5349
3.897858945	8.5354
3.894930359	8.5364
3.892007684	8.5364
3.889087881	8.5337
3.886172454	8.5361
3.883261396	8.5356
3.880354695	8.5359
3.877452343	8.5429
3.874554329	8.5425
3.871660644	8.5442
3.868771278	8.5437
3.865886222	8.5334
3.863005465	8.5244
3.860128998	8.5268
3.857256812	8.5322
3.854388896	8.5295
3.851525243	8.53
3.848665841	8.5342
3.845812161	8.5366
3.842961232	8.5288
3.840114528	8.5222
3.837272037	8.5239
3.834433752	8.5244
3.831599662	8.5232
3.828769759	8.5246
3.825944033	8.5251
3.823122474	8.5185
3.820305074	8.5146
3.817491824	8.5158
3.814682714	8.511
3.811877735	8.5027
3.809076878	8.5056
3.806280134	8.5029
3.803487494	8.4983
3.800698949	8.5036
3.797914489	8.5034
3.795134107	8.5083
3.792357792	8.5137
3.789585537	8.5095
3.786817332	8.4983
3.784053167	8.4956
3.781293036	8.5014
3.778538356	8.5019
3.77578626	8.4917
3.773038171	8.4931
3.770294079	8.501
3.767553976	8.5007
3.764817852	8.5005
3.7620857	8.5005
3.759357511	8.4929
3.756633275	8.4927
3.753912985	8.4966
3.751196632	8.4949
3.748484207	8.4912
3.745775701	8.4924
3.743071107	8.488
3.740370416	8.4895
3.73767362	8.4885
3.734980709	8.4826
3.732291676	8.48
3.729606512	8.4753
3.726925208	8.4717
3.724247758	8.4699
3.721574151	8.4563
3.718904381	8.4573
3.716238438	8.4641
3.713577694	8.4555
3.71091938	8.4521
3.708264869	8.4509
3.705614154	8.4519
3.702967225	8.4499
3.700324074	8.4404
3.697684695	8.4353
3.695049078	8.4343
3.692417215	8.4321
3.689789099	8.4204
3.687164722	8.4165
3.684544075	8.4197
3.68192715	8.4284
3.67931394	8.427
3.676704437	8.4199
3.674098633	8.4194
3.67149652	8.4167
3.66889809	8.4079
3.666303336	8.4028
3.663712249	8.4026
3.661124822	8.4067
3.658541047	8.4013
3.655960916	8.3913
3.653384422	8.386
3.65081289	8.3855
3.648243644	8.3923
3.645678012	8.396
3.643115986	8.3877
3.640557559	8.3862
3.638002722	8.383
3.635451469	8.373
3.632903791	8.3794
3.630359682	8.3808
3.627819133	8.3762
3.625282138	8.3762
3.622748688	8.3711
3.620218777	8.3662
3.617692397	8.3655
3.615169541	8.3657
3.6126502	8.3635
3.610135673	8.3601
3.607623341	8.3513
3.605114504	8.3491
3.602609154	8.3489
3.600107283	8.3459
3.597608885	8.3445
3.595113953	8.3345
3.592622478	8.3293
3.590134454	8.3254
3.587649874	8.3215
3.585168731	8.3152
3.582691017	8.3115
3.580216725	8.3032
3.577745848	8.2976
3.57527838	8.2949
3.572814313	8.2969
3.57035364	8.2947
3.567896354	8.2768
3.565442448	8.272
3.562991916	8.271
3.560544749	8.2661
3.558100942	8.2639
3.555660487	8.2602
3.553223378	8.2546
3.550790868	8.2505
3.548360427	8.2414
3.545933311	8.2409
3.543509513	8.2361
3.541089027	8.2217
3.538671844	8.2143
3.53625796	8.2151
3.533847367	8.2097
3.531440058	8.1941
3.529036026	8.177
3.526635266	8.1753
3.524237769	8.1706
3.52184353	8.1631
3.519452542	8.1533
3.517064798	8.143
3.514680292	8.1328
3.512299017	8.1289
3.509920967	8.1199
3.507546135	8.1059
3.505174514	8.0937
3.502806098	8.0866
3.500440881	8.082
3.498078855	8.0825
3.495720015	8.0857
3.493365575	8.0757
3.491013085	8.0705
3.488663762	8.0705
3.486317598	8.0696
3.483974588	8.0588
3.481634725	8.0471
3.479298003	8.039
3.476964415	8.04
3.474633956	8.0281
3.472306619	8.0154
3.469982397	8.0151
3.467661284	8.01
3.465343275	8.0036
3.463028363	8.0068
3.460716541	8.0012
3.458407804	7.9997
3.456102146	7.9949
3.453799559	7.9824
3.451500039	7.9702
3.449203579	7.9643
3.446910172	7.9531
3.444619814	7.9411
3.442332497	7.9367
3.440048216	7.9241
3.437768146	7.9162
3.435489916	7.9133
3.433214704	7.9153
3.430942504	7.9216
3.428673309	7.9162
3.426407114	7.907
3.424143913	7.8948
3.421883699	7.8833
3.419626467	7.8721
3.417372212	7.8677
3.415120926	7.8679
3.412872605	7.865
3.410627242	7.8598
3.408384831	7.8511
3.406145367	7.852
3.403908845	7.8603
3.401675257	7.8611
3.399444599	7.8608
3.397216864	7.8716
3.394992047	7.8811
3.392770143	7.8725
3.390551144	7.8725
3.388335047	7.8711
3.386121844	7.8674
3.383912676	7.8667
3.381705245	7.8662
3.379500692	7.8635
3.377299012	7.8552
3.375100198	7.8484
3.372904246	7.8376
3.370711149	7.8276
3.368520903	7.81
3.366333501	7.7878
3.364148938	7.7595
3.361967208	7.7339
3.359788306	7.7231
3.357612227	7.7119
3.355438965	7.6977
3.353268515	7.699
3.35110087	7.7224
3.348937148	7.749
3.346775098	7.7717
3.344615837	7.7888
3.342459362	7.8074
3.340305665	7.8252
3.338154741	7.8366
3.336006587	7.842
3.333861195	7.8476
3.33171856	7.8637
3.329578678	7.8681
3.327441544	7.8674
3.32530715	7.873
3.323175494	7.8718
3.321046568	7.8725
3.318920368	7.8723
3.31679689	7.8708
3.314676126	7.8664
3.312558073	7.8669
3.310442725	7.8613
3.308330077	7.852
3.306220124	7.8508
3.304112861	7.8533
3.302008281	7.8459
3.299906382	7.8371
3.297808244	7.8303
3.295711686	7.8276
3.293617792	7.8254
3.291526557	7.8247
3.289437976	7.8213
3.287352045	7.8169
3.285268756	7.8054
3.283188107	7.8008
3.281110091	7.8027
3.279034705	7.7969
3.276961942	7.7837
3.274891798	7.7856
3.272824267	7.7871
3.270759346	7.7761
3.268697029	7.771
3.26663731	7.7644
3.264580186	7.7551
3.262525652	7.7551
3.260473701	7.7429
3.25842433	7.7441
3.256377534	7.7466
3.254333308	7.7353
3.252291646	7.7246
3.250252545	7.7151
3.248217054	7.7121
3.246183057	7.7095
3.244151606	7.7043
3.242122696	7.7092
3.240096322	7.7041
3.238072479	7.687
3.236051163	7.6777
3.234032369	7.6836
3.232016093	7.6687
3.230002329	7.6621
3.227991073	7.6701
3.22598232	7.6601
3.223976065	7.6528
3.221972305	7.6538
3.219971033	7.6352
3.217972246	7.6262
3.215975939	7.6218
3.213982108	7.6238
3.211990747	7.6184
3.210001852	7.6174
3.208015419	7.6123
3.206031443	7.593
3.204049919	7.5871
3.202070843	7.5871
3.200095235	7.5852
3.19812104	7.5805
3.196149279	7.5766
3.194179949	7.5696
3.192213043	7.5591
3.190248559	7.5635
3.18828649	7.5471
3.186326834	7.5368
3.184369586	7.5332
3.18241474	7.5356
3.180462293	7.5408
3.17851224	7.5261
3.176564577	7.5139
3.1746193	7.5002
3.172676403	7.4949
3.170735883	7.5
3.168797736	7.4953
3.166861956	7.4804
3.164928541	7.4792
3.162997484	7.4792
3.161068783	7.4595
3.159142432	7.4441
3.157218427	7.4341
3.155296765	7.4216
3.153378435	7.417
3.151461443	7.4187
3.14954678	7.4094
3.147634443	7.3872
3.145724426	7.3838
3.143816726	7.386
3.141911338	7.3799
3.140008258	7.3677
3.138107483	7.3572
3.136209007	7.3484
3.134312827	7.3513
3.132418938	7.3513
3.130527337	7.3337
3.128638019	7.3215
3.126750981	7.311
3.124866217	7.3078
3.122984699	7.3108
3.121104471	7.2973
3.119226507	7.2763
3.1173508	7.2744
3.115477349	7.271
3.113606148	7.2585
3.111737193	7.2505
3.10987048	7.2451
3.108006006	7.2458
3.106143766	7.237
3.104283756	7.2295
3.102425973	7.2334
3.100570412	7.2236
3.098717069	7.2138
3.096865941	7.2117
3.095017023	7.1999
3.093170311	7.1921
3.091325802	7.198
3.089483491	7.1943
3.087643375	7.1824
3.085805449	7.1714
3.08396971	7.1697
3.082136155	7.1623
3.080304778	7.1584
3.078476524	7.1553
3.076649492	7.1509
3.074824627	7.1423
3.073001926	7.1365
3.071181385	7.1401
3.069363	7.1384
3.067546766	7.134
3.065732681	7.1289
3.06392074	7.1262
3.06211094	7.1225
3.060303276	7.1172
3.058497745	7.1074
3.056694344	7.0967
3.054893068	7.0891
3.053093914	7.0908
3.051296877	7.0805
3.049501955	7.073
3.047709144	7.0703
3.045918439	7.071
3.044129837	7.0669
3.042343335	7.0598
3.040558928	7.0544
3.038776613	7.0427
3.036996386	7.0254
3.035219166	7.0263
3.033443104	7.03
3.031669119	7.0176
3.029897208	7.0085
3.028127367	7.0063
3.026359592	7.0027
3.02459388	7.0085
3.022830228	6.9914
3.021068631	6.9797
3.019309085	6.9839
3.017551589	6.9753
3.015796137	6.9587
3.014042726	6.9482
3.012291354	6.9485
3.010542015	6.9524
3.008794707	6.9397
3.007049426	6.9263
3.005306169	6.9206
3.003564931	6.9038
3.00182571	6.897
3.000088503	6.8901
2.998353304	6.883
2.996620112	6.8874
2.994888923	6.8943
2.993160628	6.884
2.991433432	6.8701
2.989708228	6.8681
2.987985013	6.8696
2.986263784	6.8642
2.984544536	6.8467
2.982827267	6.8396
2.981111973	6.8349
2.97939865	6.8198
2.977687296	6.8157
2.975977906	6.8132
2.974270478	6.792
2.972565009	6.7773
2.970861493	6.7756
2.96915993	6.7717
2.967460314	6.7544
2.965763522	6.738
2.964067792	6.7261
2.962373999	6.719
2.960682141	6.7119
2.958992215	6.7073
2.957304216	6.6933
2.955618142	6.6892
2.95393399	6.6889
2.952251756	6.6784
2.950571437	6.6687
2.94889303	6.6626
2.947216531	6.6413
2.945541937	6.6304
2.943869245	6.6228
2.942198452	6.6255
2.940529554	6.6255
2.938862549	6.6289
2.937197432	6.6321
2.935534201	6.6169
2.933872853	6.5972
2.932213384	6.5979
2.930555792	6.6116
2.928900072	6.6118
2.927246222	6.6057
2.925595095	6.5925
2.923944975	6.5749
2.922296715	6.5688
2.920650312	6.5664
2.919005763	6.5556
2.917363066	6.55
2.915722216	6.5554
2.91408321	6.5605
2.912446047	6.5596
2.910810722	6.5503
2.909177232	6.5417
2.907545575	6.5295
2.905915747	6.53
2.904287745	6.529
2.902661566	6.5193
2.901037208	6.5017
2.899414666	6.508
2.897793938	6.5097
2.896175022	6.4997
2.894557913	6.4919
2.892942609	6.4861
2.891329106	6.4726
2.889717403	6.4658
2.888107495	6.4568
2.886500214	6.4485
2.884893888	6.4353
2.883289349	6.4155
2.881686594	6.4111
2.880085619	6.4077
2.878486423	6.3923
2.876889001	6.3847
2.875293352	6.3757
2.873699471	6.3589
2.872107357	6.3484
2.870517006	6.3506
2.868928415	6.331
2.867341582	6.3179
2.865756502	6.301
2.864173175	6.2737
2.862591596	6.2563
2.861011762	6.2473
2.859433672	6.2373
2.857857321	6.2214
2.856282708	6.1994
2.854709829	6.1755
2.853138681	6.1621
2.851569261	6.1369
2.850001568	6.1228
2.848436408	6.1169
2.846872156	6.1037
2.845309621	6.081
2.8437488	6.053
2.842189691	6.0271
2.840632291	6.0129
2.839076596	5.998
2.837522604	5.987
2.835970313	5.9961
2.834419719	5.9802
2.83287082	5.9577
2.831323613	5.9541
2.829778094	5.9363
2.828234263	5.9097
2.826692114	5.9004
2.825151647	5.8794
2.823612858	5.8442
2.822075744	5.8288
2.820540303	5.8125
2.819006531	5.7805
2.817474427	5.7641
2.815943987	5.7532
2.81441521	5.729
2.812888091	5.6885
2.811363418	5.6592
2.809839609	5.6321
2.80831745	5.6113
2.806796939	5.5952
2.805278075	5.5691
2.803760853	5.5683
2.802245271	5.5742
2.800731327	5.5576
2.799219018	5.5544
2.797708341	5.5637
2.796199294	5.5698
2.794691874	5.5627
2.793186078	5.5544
2.791681905	5.5395
2.79017935	5.5322
2.788678412	5.5354
2.787179865	5.5161
2.785682151	5.4873
2.784186046	5.4931
2.782691547	5.5032
2.781198652	5.4863
2.779707358	5.4631
2.778217662	5.4585
2.776729562	5.4722
2.775243056	5.4787
2.77375814	5.4753
2.772274812	5.4851
2.77079307	5.4949
2.769312911	5.4809
2.767834333	5.4668
2.766357333	5.4526
2.764881908	5.4355
2.763408056	5.4187
2.761935774	5.3972
2.760465061	5.3811
2.758995913	5.3657
2.757528328	5.3442
2.756062304	5.3281
2.754597837	5.314
2.753134926	5.2988
2.751674325	5.272
2.750214517	5.2573
2.748756257	5.2602
2.747299542	5.241
2.74584437	5.2185
2.74439074	5.209
2.742938647	5.1926
2.741488091	5.1721
2.740039067	5.147
2.738591575	5.1052
2.737145611	5.0735
2.735701174	5.0571
2.73425826	5.0332
2.732816867	4.9785
2.731376994	4.9321
2.729938636	4.884
2.728501793	4.8218
2.727066462	4.7602
2.72563264	4.7156
2.724200325	4.6702
2.722769514	4.6047
2.721340206	4.5403
2.719912397	4.4775
2.718486086	4.4221
2.717062008	4.3745
2.715638684	4.3203
2.714216851	4.25
2.712796505	4.1736
2.711377646	4.1108
2.709960269	4.0535
2.708544374	4.0295
2.707129958	4.0845
2.705717018	4.2168
2.704305552	4.3679
2.702895558	4.5083
2.701487034	4.6355
2.700079976	4.7451
2.698674384	4.9158
2.697270255	5.1704
2.695867585	5.4241
2.694466374	5.6653
2.693066619	5.904
2.691668318	6.1374
2.690271467	6.3684
2.688876066	6.5962
2.687482111	6.8257
2.686089602	7.0542
2.684698534	7.2839
2.683309626	7.5068
2.681921436	7.6977
2.680534681	7.8777
2.679149359	8.0393
2.677765469	8.1848
2.676383008	8.3247
2.675001973	8.4526
2.673622363	8.5744
2.672244175	8.699
2.670867407	8.7998
2.669492057	8.8833
2.668118123	8.9648
2.666745602	9.0332
2.665374493	9.0827
2.664004793	9.1169
2.6626365	9.144
2.66127032	9.1528
2.659904834	9.1728
2.658540748	9.1782
2.657178061	9.1882
2.65581677	9.2002
2.654456873	9.2063
2.653098368	9.2077
2.651741253	9.2099
2.650385525	9.2051
2.649031183	9.2009
2.647678224	9.2063
2.646326647	9.2207
2.644976449	9.2287
2.643627628	9.2121
2.642280182	9.2236
2.640934109	9.239
2.639589407	9.2258
2.638246073	9.2217
2.636904106	9.2253
2.635563503	9.2346
2.634224263	9.2185
2.632886383	9.2121
2.631549862	9.227
2.630214697	9.2473
2.628881577	9.2593
2.627549117	9.2373
2.626218007	9.2358
2.624888245	9.2507
2.62355983	9.24
2.622232758	9.2427
2.620907028	9.2502
2.619582638	9.2529
2.618259585	9.2329
2.616937869	9.2273
2.615617486	9.2473
2.614298435	9.249
2.612980713	9.2344
2.61166432	9.2363
2.610349252	9.2263
2.609035507	9.2002
2.607723085	9.1936
2.606411982	9.1902
2.605102197	9.1889
2.603793727	9.1662
2.602486572	9.1858
2.601180728	9.1933
2.599876194	9.1804
2.598572968	9.1855
2.597271722	9.1943
2.595971105	9.1782
2.59467179	9.1689
2.593373774	9.1628
2.592077057	9.1675
2.590781636	9.1699
2.589487509	9.1697
2.588194675	9.1579
2.58690313	9.1365
2.585612874	9.1362
2.584323905	9.1384
2.58303622	9.1526
2.581749817	9.1526
2.580464695	9.1584
2.579180852	9.1504
2.577898286	9.1306
2.576616995	9.1282
2.575336976	9.1306
2.574058229	9.1396
2.572780751	9.1194
2.571504541	9.1064
2.570229596	9.1181
2.568955915	9.1062
2.567683495	9.073
2.566412994	9.0747
2.565143091	9.0893
2.563874445	9.0896
2.562607053	9.0881
2.561340913	9.0654
2.560076024	9.0427
2.558812384	9.0554
2.55754999	9.0613
2.556288841	9.0493
2.555028936	9.0493
2.553770272	9.0422
2.552512847	9.032
2.55125666	9.0378
2.550001709	9.0349
2.548747991	9.0383
2.547495506	9.0473
2.546244252	9.0515
2.544994225	9.0451
2.543745426	9.0278
2.542497852	9.0124
2.5412515	8.9927
2.54000637	9.0115
2.53876246	9.0122
2.537519767	9.0034
2.536278934	9.0166
2.535038671	9.0156
2.53379962	9.0173
2.53256178	9.0097
2.531325149	8.998
2.530089725	8.9966
2.528855506	8.9944
2.52762249	8.9775
2.526390677	8.9797
2.525160064	8.9826
2.523930648	8.9687
2.52270243	8.9594
2.521475406	8.9516
2.520249575	8.9431
2.519024936	8.9431
2.517801486	8.949
2.516579857	8.928
2.515358781	8.9262
2.514138889	8.9316
2.512920179	8.9245
2.511702651	8.9189
2.510486301	8.9118
2.50927113	8.9048
2.508057134	8.9043
2.506844312	8.9009
2.505632662	8.8891
2.504422183	8.8745
2.503212874	8.8862
2.502004731	8.894
2.500797754	8.8825
2.499591942	8.8701
2.498387291	8.8611
2.497183801	8.8608
2.49598147	8.873
2.494780296	8.8808
2.493580278	8.8762
2.492381413	8.8659
2.491183701	8.8591
2.489987139	8.8701
2.488791726	8.874
2.48759808	8.8415
2.486404959	8.8266
2.485212983	8.8169
2.484022149	8.8213
2.482832455	8.8362
2.4816439	8.8337
2.480456483	8.822
2.479270202	8.8386
2.478085055	8.8554
2.47690104	8.833
2.475718156	8.8291
2.474536402	8.8281
2.473355775	8.8191
2.472176274	8.8159
2.470997898	8.8122
2.469820644	8.8027
2.468644512	8.7871
2.467469499	8.7866
2.466295604	8.8027
2.465122826	8.8142
2.463951163	8.7868
2.462780612	8.7707
2.461611174	8.7702
2.460442845	8.7939
2.45927623	8.803
2.458110116	8.779
2.456945108	8.7678
2.455781204	8.7734
2.454618401	8.7771
2.4534567	8.7837
2.452296097	8.7707
2.451136592	8.7605
2.449978183	8.7495
2.448820868	8.7649
2.447664646	8.7536
2.446509516	8.7434
2.445355475	8.7314
2.444202523	8.717
2.443050657	8.7195
2.441899876	8.6975
2.440750179	8.7041
2.439601564	8.7107
2.43845403	8.7075
2.437307575	8.677
2.436162197	8.6704
2.435017895	8.6814
2.433874668	8.6738
2.432732513	8.6679
2.431592022	8.6775
2.430452008	8.6833
2.429313063	8.6599
2.428175185	8.6609
2.427038372	8.6587
2.425902624	8.6526
2.424767938	8.643
2.423634312	8.6279
2.422501747	8.6374
2.421370239	8.6443
2.420239788	8.6467
2.419110392	8.6596
2.417982049	8.6719
2.416854758	8.6499
2.415728518	8.6301
2.414603328	8.6338
2.413479185	8.6352
2.412356088	8.6433
2.411234036	8.6338
2.410113027	8.635
2.40899306	8.624
2.407874134	8.6189
2.406756246	8.6015
2.405639396	8.582
2.40452416	8.5771
2.40340938	8.6028
2.402295634	8.6113
2.401182919	8.563
2.400071234	8.5632
2.398960578	8.5713
2.39785095	8.5464
2.396742348	8.519
2.39563477	8.498
2.394528216	8.5071
2.393422683	8.5122
2.392318171	8.511
2.391214677	8.4975
2.390112201	8.4873
2.389010742	8.4885
2.387910297	8.4966
2.386811435	8.4634
2.385713014	8.4482
2.384615605	8.446
2.383519204	8.4353
2.382423811	8.4409
2.381329425	8.4375
2.380236043	8.4214
2.379143665	8.4172
2.37805229	8.4309
2.376961915	8.4221
2.375872539	8.4148
2.374784162	8.4223
2.373696781	8.4336
2.372610396	8.4387
2.371525004	8.4231
2.370440606	8.4284
2.369357198	8.4324
2.368274781	8.4243
2.367193351	8.407
2.366112909	8.4099
2.365033453	8.4194
2.363954982	8.4284
2.362877493	8.4184
2.361800987	8.4082
2.360726018	8.4262
2.35965147	8.4345
2.3585779	8.4226
2.357505307	8.4089
2.356433688	8.4018
2.355363044	8.3855
2.354293372	8.3613
2.353224671	8.3642
2.35215694	8.3791
2.351090177	8.3838
2.350024382	8.344
2.348959552	8.3279
2.347895687	8.3493
2.346832785	8.3379
2.345770845	8.3022
2.344709866	8.2912
2.343649846	8.3078
2.342590784	8.2783
2.341532678	8.2558
2.340475528	8.2366
2.339419333	8.2136
2.33836409	8.2304
2.337309798	8.2234
2.336256457	8.195
2.335204611	8.1682
2.334153166	8.1391
2.333102667	8.1338
2.332053114	8.1484
2.331004504	8.1435
2.329956838	8.1555
2.328910112	8.1467
2.327864326	8.1172
2.32681948	8.0991
2.325775571	8.1006
2.324732598	8.0901
2.32369056	8.0491
2.322649456	8.039
2.321609284	8.0473
2.320570043	8.0434
2.319531733	8.0332
2.318494351	8.029
2.317457897	8.0149
2.316422369	8.0281
2.315387766	8.0486
2.314354087	8.0368
2.31332133	8.0246
2.312289495	8.0129
2.31125858	8.0173
2.310229117	8.0283
2.309200038	8.0246
2.308171875	8.0442
2.307144627	8.0708
2.306118293	8.0693
2.305092872	8.0461
2.304068363	8.0571
2.303044763	8.0715
2.302022073	8.0554
2.301000291	8.053
2.299979415	8.0825
2.298959445	8.1108
2.297940379	8.1059
2.296922216	8.0632
2.295904955	8.0403
2.294888595	8.0654
2.29387366	8.0703
2.292859097	8.062
2.291845431	8.0859
2.29083266	8.0808
2.289820785	8.0488
2.288809803	8.0508
2.287799713	8.0705
2.286790515	8.0491
2.285782206	8.0373
2.284774786	8.021
2.283768254	8.0137
2.282762608	8.0058
2.281757848	8.0244
2.280753972	8.0381
2.279750978	8.0061
2.278748867	8.0105
2.277747636	8.0317
2.276747284	8.019
2.275747811	8.03
2.274749215	8.0293
2.273751494	8.0034
2.272754649	7.9924
2.271758677	7.9826
2.270763578	7.99
2.269769866	7.9949
2.268776508	7.9834
2.267784019	7.9756
2.266792398	7.9736
2.265801644	7.9719
2.264811756	7.9768
2.263822732	7.9785
2.262834571	7.9521
2.261847273	7.9331
2.260860836	7.949
2.259875259	7.9568
2.258890541	7.9575
2.257906681	7.9553
2.256923678	7.9512
2.25594153	7.9582
2.254960236	7.9614
2.253979796	7.9421
2.253000208	7.9321
2.252021471	7.9336
2.251043584	7.9187
2.250066546	7.9067
2.249090355	7.928
2.248115012	7.935
2.247140514	7.9092
2.246167365	7.8701
2.245194554	7.8493
2.244222586	7.8616
2.243251458	7.8887
2.242281171	7.9048
2.241311723	7.875
2.240343113	7.8579
2.23937534	7.8323
2.238408402	7.8135
2.237442299	7.8049
2.23647703	7.8308
2.235512593	7.8364
2.234548988	7.8266
2.233586213	7.8281
2.232624267	7.8215
2.231663149	7.8086
2.230702859	7.8179
2.229743394	7.8196
2.228784755	7.7944
2.22782694	7.7761
2.226869947	7.7683
2.225913777	7.7558
2.224958427	7.7573
2.224003896	7.7671
2.223050679	7.7541
2.222097785	7.7417
2.221145707	7.7302
2.220194445	7.739
2.219243997	7.7458
2.218294362	7.7292
2.21734554	7.7422
2.21639753	7.7702
2.215450329	7.749
2.214503938	7.72
2.213558355	7.7077
2.212613579	7.7107
2.211669609	7.7065
2.210726445	7.6804
2.209784084	7.6426
2.208842527	7.6557
2.207901771	7.6709
2.206961817	7.6687
2.206022662	7.6658
2.205084307	7.6372
2.204146749	7.615
2.203209989	7.6235
2.202274024	7.6365
2.201338854	7.6367
2.200404963	7.6384
2.199471379	7.6242
2.198538587	7.5832
2.197606587	7.563
2.196675376	7.5649
2.195744954	7.5918
2.194815319	7.5832
2.193886472	7.5552
2.192958411	7.5722
2.192031134	7.5722
2.191104641	7.5466
2.190178931	7.55
2.189254003	7.5425
2.188329856	7.511
2.187406488	7.4988
2.1864839	7.4951
2.185562567	7.4895
2.184641533	7.5083
2.183721275	7.5027
2.182801792	7.4726
2.181883083	7.4678
2.180965147	7.4863
2.180047983	7.4748
2.17913159	7.4641
2.178215967	7.4389
2.177301113	7.4446
2.176387028	7.4402
2.175473709	7.4563
2.174561157	7.4302
2.17364937	7.4189
2.172738348	7.4201
2.171828089	7.3723
2.170918592	7.3647
2.170009856	7.3801
2.169101881	7.3498
2.168194666	7.3301
2.167288209	7.3638
2.166382509	7.4004
2.165477567	7.3742
2.16457338	7.3474
2.163670416	7.3542
2.162767737	7.3418
2.161865811	7.3274
2.160964637	7.3218
2.160064214	7.3086
2.159164542	7.2983
2.158265618	7.3005
2.157367442	7.2895
2.156470014	7.2856
2.155573332	7.2781
2.154677395	7.2685
2.153782203	7.2593
2.152887754	7.2634
2.151994048	7.2409
2.151101084	7.2016
2.150208861	7.1843
2.149317377	7.1601
2.148426632	7.1733
2.147536625	7.1968
2.146647355	7.196
2.145758822	7.1677
2.144871024	7.1374
2.14398396	7.1252
2.143097629	7.1636
2.14221249	7.1963
2.141327623	7.1445
2.140443487	7.1272
2.139560081	7.1267
2.138677403	7.1147
2.137795454	7.1028
2.136914232	7.1162
2.136033736	7.1133
2.135153965	7.0937
2.134274919	7.0556
2.133396596	7.0556
2.132518995	7.0928
2.131642117	7.0447
2.130765959	7.039
2.129890521	7.0591
2.129015803	7.0285
2.128141802	6.9975
2.127268519	7.0083
2.126395952	7.0049
2.125524101	7.0017
2.124652964	7.0012
2.123782542	6.9812
2.122912832	6.9658
2.122043834	6.9775
2.121175997	6.9707
2.12030842	6.9609
2.119441553	6.9743
2.118575394	6.9575
2.117709942	6.8977
2.116845198	6.8706
2.115981159	6.8823
2.115117826	6.9033
2.114255197	6.9118
2.113393271	6.9148
2.112532047	6.9067
2.111671525	6.894
2.110811704	6.8906
2.109952583	6.8572
2.109094161	6.8515
2.108236437	6.8594
2.107379855	6.8208
2.106523524	6.7908
2.105667889	6.79
2.104812949	6.7837
2.103958703	6.7749
2.103105151	6.7759
2.10225229	6.7705
2.101400121	6.758
2.100548642	6.7402
2.099697853	6.7456
2.098847754	6.7678
2.097998342	6.7422
2.097149617	6.7192
2.096301579	6.708
2.095454226	6.7153
2.094607559	6.7324
2.093761575	6.7473
2.092916274	6.6926
2.092071655	6.6909
2.091227718	6.7104
2.090384461	6.6806
2.089541885	6.6692
2.088699987	6.6911
2.087858767	6.6614
2.08701866	6.6382
2.086178794	6.6352
2.085339604	6.6282
2.084501088	6.6245
2.083663247	6.6128
2.082826078	6.6008
2.081989583	6.5766
2.081153758	6.5649
2.080318605	6.5556
2.079484122	6.5334
