Name: Tremolite Ca2(Mg, Fe+2)5Si8O22(OH)2
Type:  Mineral
Class:  Silicates 
Subclass:   Inosilicates (Chain Silicates); (Amphibole Group)
Particle Size:  Fine  (Less than 2  Micrometers)
Sample No.:  tremol.1
Owner:  JHU
Wavelength Range:  IR
Origin: Balmat, New York, USA via Bruce Hemingway, USGS

Description: The sample consisted of 2-3 cm long x 1-2 cm wide mass 
of white tremolite crystals.  The sample appeared pure in hand 
specimen and under the microscope. 



Measurement:  Transmission 
First Column:  X
Second Column:  Y  
X Units:  Wavelength (micrometers)
Y Units:  Transmittance (percent)
First X Value:  25.0442
Last X Value:  2.079
Number of X Values:  2287
Additional Information:  tremol1a.txt

25.04420302	48.4843
24.9237955	47.3163
24.80454022	47.5858
24.68642074	50.1171
24.5694209	53.3514
24.45358465	54.2577
24.3387763	52.1952
24.22504094	49.2694
24.11236361	45.1913
24.00072962	41.9452
23.89012454	39.7108
23.78053421	38.6347
23.67194472	38.8456
23.56434244	39.914
23.45771395	41.2518
23.35204611	41.535
23.24732598	40.2382
23.14354087	38.2519
23.04067832	35.3358
22.93872607	31.3554
22.83767211	27.0116
22.7375046	23.4706
22.63821194	20.9785
22.53978272	18.7304
22.44220571	16.8027
22.3454699	15.705
22.24956446	15.8457
22.15447875	16.207
22.06020229	16.0507
21.96677306	15.5507
21.87408402	14.75
21.7821739	13.8125
21.69103293	13.3183
21.60065148	13.4297
21.5110201	13.6406
21.42212949	14.0312
21.33397051	14.7148
21.24653416	15.789
21.15981159	16.8789
21.0737941	18.1543
20.98847313	19.3847
20.90384024	20.9619
20.81988716	22.7695
20.73660571	24.8603
20.65398787	27.747
20.57202575	31.2275
20.49071156	34.6103
20.41003766	37.2313
20.3299965	38.7548
20.25058069	39.0429
20.1717829	38.1913
20.09359597	36.5878
20.01601281	34.5233
19.93906621	31.9657
19.8626695	29.1962
19.78685599	26.7617
19.71161901	25.3954
19.63695203	25.247
19.56284859	26.0976
19.48930232	27.2939
19.41630698	28.9726
19.34385639	31.0556
19.27194448	33.2382
19.20056526	35.5038
19.12971284	36.9882
19.05938141	37.2694
18.98956523	37.0214
18.92025868	37.3417
18.85145618	38.4101
18.78315226	39.7147
18.71534153	41.1347
18.64801865	42.4276
18.58117838	43.4628
18.51481556	43.5917
18.44892507	43.2792
18.38350191	42.4823
18.31854111	42.0136
18.25407111	42.4765
18.19002023	44.5946
18.12641726	47.7518
18.06325753	51.7899
18.00053642	55.5907
17.93824937	59.0116
17.8763919	62.0584
17.81495958	64.617
17.75394803	66.8016
17.69335296	68.5487
17.63317011	70.3319
17.57339529	71.7049
17.51402436	73.1697
17.45505324	74.2967
17.39647791	75.4373
17.3382944	76.1961
17.28049878	77.3797
17.2230872	78.2684
17.16605584	79.2703
17.10940093	79.8816
17.05311876	80.7303
16.99720566	81.3484
16.94165801	82.073
16.88647225	82.3972
16.83167317	82.9998
16.77720046	83.3699
16.72307919	83.8416
16.66930597	84.0564
16.61587747	84.4607
16.56279037	84.783
16.51004141	85.2459
16.45762737	85.5056
16.40554507	85.8631
16.35379138	86.2674
16.30236319	86.6385
16.25125744	86.95
16.20047111	87.2986
16.15000121	87.6424
16.0998448	87.803
16.04999896	88.0877
16.00048641	88.053
15.95125297	88.1839
15.90232158	87.9124
15.85368947	87.8538
15.80535391	87.1697
15.75731218	86.6409
15.70956162	85.3133
15.6620996	83.8279
15.61492349	81.5667
15.56803074	79.5037
15.52141878	78.1585
15.47508511	78.5589
15.42902725	79.7659
15.38324273	80.9783
15.33772913	81.3474
15.29248405	81.0057
15.24750513	79.9881
15.20279002	78.3348
15.1583364	76.4007
15.114142	74.3377
15.07020455	73.1995
15.02652181	72.9568
14.98309158	73.7908
14.93991168	74.8538
14.89700213	75.8768
14.85431629	75.8206
14.81187438	74.8748
14.76967431	72.6277
14.72771402	69.4886
14.68599147	65.6605
14.64450465	62.1546
14.60325156	59.7733
14.56223023	59.4222
14.52143873	61.0135
14.48087511	63.9881
14.44053748	67.5648
14.40042395	71.0252
14.36053266	74.0652
14.32086177	76.6824
14.28140946	78.7913
14.24217393	80.3811
14.20315338	81.5974
14.16434607	82.3948
14.12575025	83.2327
14.0873642	83.907
14.0491862	84.4827
14.01121458	84.6277
13.97344765	84.7835
13.93590321	84.4729
13.89854065	83.9226
13.8613779	82.7732
13.82441336	81.6736
13.78764544	80.6077
13.75107258	80.4881
13.71469324	80.6746
13.67850587	80.8069
13.64250897	80.5037
13.60670103	79.6258
13.57108057	78.1033
13.53564612	76.4046
13.50039624	75.2796
13.46532947	74.1404
13.4304444	72.9256
13.39573962	71.076
13.36121373	68.9417
13.32686536	65.8324
13.29269314	62.1898
13.25869572	57.8558
13.22487175	53.8539
13.19121992	51.7323
13.15773892	52.807
13.12442745	56.7196
13.09130135	62.0643
13.05832501	67.2366
13.02551438	71.7342
12.99286821	75.7366
12.96038529	79.1678
12.92806437	81.3777
12.89590426	83.0555
12.86390376	84.6404
12.83206168	85.6741
12.80037684	86.7093
12.7688481	87.3806
12.73747429	88.115
12.70625427	88.8421
12.67518693	89.2195
12.64427113	89.4529
12.61350579	89.8728
12.58290562	89.8967
12.55243781	89.8797
12.52211719	89.7839
12.4919427	89.9519
12.46191328	89.822
12.43202789	89.7014
12.40228549	89.5003
12.37268507	89.4793
12.34322561	89.3513
12.31390609	88.9656
12.28472554	88.5447
12.25568296	88.2893
12.22677738	88.0257
12.19800782	87.4871
12.16937334	87.1487
12.14087298	86.449
12.1125058	86.1526
12.08427087	85.5945
12.05616727	85.1448
12.02819409	84.5769
12.00035041	84.1668
11.97263534	83.4578
11.945048	82.8089
11.9175875	82.1541
11.8902671	81.4685
11.86305761	80.7947
11.83597236	80.0193
11.80901051	79.2796
11.78217122	78.4617
11.75545365	77.6248
11.72885698	76.7234
11.70238038	75.8494
11.67602305	74.9534
11.64978419	74.0438
11.62366299	73.0355
11.59765866	72.0135
11.57177043	71.0203
11.54599752	70.0389
11.52033916	69.0389
11.49479458	68.0262
11.46936304	66.9207
11.44404378	65.785
11.41883606	64.5321
11.39373914	63.2723
11.3687523	61.7992
11.34387482	60.389
11.31910597	58.9066
11.29444505	57.3265
11.26990406	55.7191
11.24545684	54.1415
11.22111545	52.6102
11.19687921	51.0394
11.17274743	49.4496
11.14871946	47.7206
11.12479461	45.868
11.10097222	43.9808
11.07725165	42.1796
11.05363222	40.1156
11.03011331	37.9169
11.00669427	35.496
10.98337447	32.8749
10.96015327	30.1664
10.93703005	27.5243
10.9140042	24.8701
10.89107509	22.7255
10.86824213	21.6777
10.8455047	21.6855
10.82286221	22.2695
10.80031407	23.5092
10.77785969	25.6523
10.75549848	28.1044
10.73322986	30.0033
10.71106474	30.5512
10.68897956	29.6381
10.66698525	27.893
10.64508128	25.4452
10.62326708	22.6303
10.6015421	20.2446
10.5799058	18.3574
10.55835763	16.8808
10.53689705	15.8227
10.51552354	15.4104
10.49423657	15.5754
10.4730356	16.1352
10.45192012	17.0188
10.43088962	18.1464
10.40994358	19.413
10.38908149	20.6806
10.36830285	21.8583
10.34760717	22.8525
10.32699394	23.6533
10.30646267	24.2451
10.28601287	24.6337
10.26564407	24.7629
10.24535578	24.6708
10.22514752	24.3312
10.20502924	23.8124
10.1849796	23.1054
10.16500858	22.2131
10.14511574	21.1044
10.12530059	19.8166
10.10556271	18.4697
10.08590162	17.2063
10.0663169	16.1923
10.04680808	15.624
10.02737473	15.5283
10.00801642	15.8957
9.98873271	16.6232
9.969523168	17.6377
9.950387369	18.7863
9.931324888	19.8859
9.912335307	20.8857
9.893427994	21.6975
9.874582922	22.3432
9.855809507	22.84
9.83710734	23.3957
9.818476015	24.0695
9.799915133	25.0666
9.781424293	26.5197
9.7630031	28.4516
9.744651161	30.8261
9.726368087	33.2773
9.70815349	35.3478
9.690006986	36.5785
9.671928196	36.633
9.653916739	35.247
9.635972241	33.1554
9.618094328	31.6632
9.600282632	31.2167
9.582536785	31.1799
9.564856422	31.0243
9.547241181	30.6984
9.529690704	30.205
9.512204634	29.706
9.494782617	29.257
9.477424301	28.9042
9.460138288	28.662
9.4429063	28.5724
9.425736975	28.6288
9.408629972	28.8468
9.391584952	29.2529
9.374601579	29.8608
9.35767952	30.7113
9.340818443	31.7148
9.324018018	32.7987
9.307277919	33.8481
9.290597822	34.7524
9.273977405	35.4945
9.257416348	36.0351
9.240914333	36.3461
9.224471046	36.4145
9.208086173	36.1557
9.191759404	35.5224
9.17549043	34.5097
9.159278945	33.2206
9.143124645	31.7812
9.127027227	30.3549
9.110986392	29.0561
9.095001842	27.9745
9.079073281	27.1425
9.06320863	26.6205
9.04739114	26.3437
9.031628764	26.4516
9.015921215	26.9194
9.000268208	27.7675
8.984669459	28.9267
8.969124685	30.4897
8.953633608	32.4511
8.93819595	34.5273
8.922811435	36.6376
8.907479789	38.537
8.89220074	39.9789
8.876974017	40.9027
8.861799353	41.806
8.846676481	43.1193
8.831605135	44.7911
8.816585054	46.5324
8.801615977	48.2323
8.786697643	49.869
8.771829795	51.4354
8.757012178	52.8985
8.742244536	54.3026
8.727526619	55.6202
8.712858175	56.827
8.69824652	57.95
8.683676252	59.0606
8.669154714	60.1371
8.654681663	61.0843
8.640256858	62.0372
8.625880055	62.9561
8.611551018	63.7013
8.597269507	64.3934
8.583035287	65.0448
8.568848124	65.6522
8.554707784	66.2332
8.540614036	66.8177
8.52656665	67.3546
8.512565398	67.8682
8.498610052	68.4051
8.484700388	68.9063
8.470836182	69.3751
8.45701721	69.8314
8.443243252	70.334
8.429514089	70.8057
8.415829502	71.2498
8.402189274	71.6785
8.388593191	72.1102
8.375041038	72.5096
8.361539594	72.9402
8.348074642	73.3514
8.334652987	73.723
8.32127442	74.1377
8.307938734	74.5545
8.294645723	74.9278
8.281395183	75.2344
8.268186911	75.6321
8.255020704	75.9803
8.241896361	76.2881
8.228813685	76.6136
8.215772476	76.91
8.202772537	77.1983
8.189813674	77.5003
8.176895691	77.795
8.164018395	78.0467
8.151188239	78.3243
8.138391724	78.6082
8.125635323	78.8418
8.11291885	79.045
8.100242116	79.2952
8.087604937	79.5242
8.075007126	79.7449
8.062448501	79.9466
8.049928879	80.1687
8.037448078	80.3787
8.025005918	80.5713
8.012602221	80.7774
8.000236807	81.0237
7.9879095	81.2745
7.975620124	81.5205
7.963368505	81.792
7.951154468	82.097
7.938977841	82.3897
7.926838452	82.6409
7.914736131	82.7918
7.902670708	82.9139
7.890642014	83.0144
7.878649883	83.1487
7.866694148	83.3191
7.854780812	83.4734
7.842897355	83.6267
7.831049799	83.7459
7.819237984	83.9016
7.807461747	84.0362
7.795720929	84.1902
7.784015369	84.3255
7.772344909	84.4307
7.760709391	84.5545
7.749108659	84.6712
7.737542556	84.793
7.726010929	84.9121
7.714513623	85.0218
7.703050485	85.1375
7.691621363	85.2761
7.680226106	85.3897
7.668864563	85.5176
7.657536586	85.669
7.646242025	85.8035
7.634980733	85.9402
7.623752563	86.0657
7.61255737	86.1963
7.601395008	86.3184
7.590265333	86.4336
7.579173946	86.5635
7.568109199	86.6809
7.557076711	86.8001
7.546076342	86.9104
7.535107952	86.9973
7.524171401	87.0645
7.51326655	87.156
7.502393263	87.211
7.491551403	87.2832
7.480740833	87.3484
7.469961418	87.4053
7.459213023	87.4773
7.448495516	87.5486
7.437808762	87.6262
7.42715263	87.7207
7.416526989	87.7969
7.405931707	87.8577
7.395366655	87.959
7.384831703	88.0437
7.374326724	88.1153
7.363851589	88.2051
7.353406171	88.2881
7.342990345	88.3945
7.332603984	88.4954
7.322252325	88.5579
7.311924506	88.6507
7.30162578	88.751
7.291356025	88.7881
7.281115117	88.8779
7.270902937	88.9578
7.260719363	89.0559
7.250564275	89.1565
7.240437554	89.2175
7.230339081	89.22
7.220268738	89.291
7.210226408	89.4817
7.200211974	89.655
7.19022532	89.7766
7.18026633	89.9173
7.17033489	90.0823
7.160436013	90.2063
7.150559317	90.3215
7.140709829	90.4295
7.130887439	90.5049
7.121092034	90.543
7.111323503	90.5635
7.101581735	90.5574
7.091866622	90.5764
7.082178053	90.6094
7.07251592	90.6677
7.062880115	90.7058
7.053270531	90.8005
7.04368706	90.887
7.034129597	90.9109
7.024598035	90.9485
7.01509227	91.0422
7.005612196	91.1218
6.99615771	91.2092
6.986728709	91.3301
6.977325089	91.4317
6.967946748	91.5535
6.958593585	91.6541
6.949265497	91.7322
6.939962385	91.793
6.930688952	91.863
6.921435478	91.8975
6.912206681	91.9124
6.903002461	91.9275
6.893822721	91.9841
6.884667364	92.0198
6.875536292	92.0471
6.866429409	92.1091
6.857346618	92.0872
6.848287825	92.0061
6.839252935	92.0212
6.830241852	92.0674
6.821254483	92.096
6.812290735	92.1028
6.803350514	92.1707
6.794433728	92.2468
6.785540285	92.2998
6.776670093	92.3352
6.767823062	92.3445
6.7589991	92.4065
6.750198118	92.429
6.741420026	92.4734
6.732664735	92.49
6.723932156	92.5684
6.715226709	92.636
6.706539278	92.6924
6.697874296	92.7239
6.689231675	92.8164
6.680611329	92.8962
6.672013173	92.9219
6.663437121	92.9775
6.654883087	93.0215
6.646350987	93.1065
6.637840737	93.2244
6.629352253	93.2656
6.620885451	93.2288
6.612440248	93.283
6.604016563	93.3574
6.595614312	93.4172
6.587233415	93.4502
6.578873789	93.5293
6.570535354	93.6111
6.56221803	93.5945
6.553921736	93.6311
6.545646392	93.6213
6.537391921	93.6223
6.529158241	93.6621
6.520945276	93.7229
6.512757189	93.7158
6.504585407	93.7307
6.496434107	93.8831
6.488303211	93.9187
6.480192643	93.8855
6.472102327	93.8711
6.464032186	93.8616
6.455982145	93.865
6.44795213	93.8818
6.439942066	93.9219
6.431951879	93.946
6.423981494	94.0046
6.416030838	94.0527
6.408099838	94.0281
6.400188422	93.9358
6.392296516	93.917
6.384424048	93.908
6.376570948	93.8655
6.368737143	93.8877
6.360922563	93.863
6.353127136	93.8572
6.345350793	93.9094
6.337593464	93.8701
6.329855078	93.7754
6.322139564	93.7822
6.314438848	93.7561
6.30675687	93.7314
6.29909356	93.6941
6.291448851	93.6843
6.283822676	93.665
6.276214965	93.6484
6.268625654	93.6433
6.261054675	93.6209
6.253501961	93.626
6.245967447	93.6367
6.238451067	93.6521
6.230952756	93.6321
6.223472449	93.6348
6.21601008	93.6394
6.208565585	93.6375
6.201142747	93.6292
6.1937338	93.6419
6.186342535	93.6856
6.178968891	93.6309
6.171612803	93.5772
6.164274209	93.5547
6.156953047	93.4988
6.149649255	93.4255
6.14236277	93.419
6.135093533	93.4534
6.12784148	93.4922
6.120606552	93.5051
6.113388688	93.4876
6.106187828	93.4309
6.099003911	93.3955
6.091836878	93.4031
6.084686669	93.4436
6.077553226	93.575
6.070436489	93.7012
6.063336399	93.7688
6.056252899	93.9443
6.049185931	94.1956
6.042135436	94.2644
6.035101357	94.3313
6.02808727	94.4863
6.021085843	94.7307
6.01410066	95.0115
6.007131667	95.2439
6.000178805	95.4187
5.99324202	95.5654
5.986321256	95.6238
5.979416457	95.5559
5.972527568	95.4875
5.965654534	95.415
5.9587973	95.2959
5.951955813	95.1985
5.945130017	95.1045
5.938319859	95.071
5.931525286	94.9651
5.924746243	94.8027
5.917982678	94.752
5.911234538	94.7263
5.904501769	94.7227
5.89778432	94.8171
5.891082139	94.8508
5.884395172	94.876
5.87772337	94.907
5.871066679	94.8984
5.864428488	94.9216
5.85780186	94.9395
5.851190191	94.949
5.84459343	94.9553
5.838011527	95.0159
5.831444431	95.1006
5.824892094	95.1914
5.818354465	95.2405
5.811831494	95.26
5.805323133	95.3064
5.798829332	95.303
5.792350043	95.322
5.785885217	95.3679
5.779434806	95.3965
5.772998761	95.459
5.766577035	95.5701
5.760169579	95.5754
5.753776347	95.5374
5.747397291	95.5886
5.741032364	95.5969
5.734681519	95.6387
5.728344709	95.6541
5.722021888	95.6738
5.715713009	95.6865
5.709421287	95.7122
5.703140149	95.71
5.696872816	95.6868
5.690619242	95.6887
5.684379382	95.6914
5.678153192	95.7063
5.671940626	95.7068
5.66574164	95.6814
5.659556189	95.6653
5.653384229	95.6663
5.647225716	95.7
5.641080605	95.7688
5.634948854	95.7754
5.628830419	95.7576
5.622725256	95.7878
5.616633323	95.7832
5.610557723	95.7715
5.604492113	95.7854
5.598439603	95.7832
5.592400152	95.7693
5.586373717	95.8005
5.580360257	95.8984
5.574359729	95.9324
5.568372092	95.9277
5.562397304	95.9543
5.556435324	95.946
5.550486112	95.9236
5.544549625	95.9502
5.538625823	95.9961
5.532714665	96
5.526816112	96.043
5.520930122	96.0547
5.515056656	96.0344
5.509195674	96.0391
5.503347136	96.0713
5.497511002	96.1074
5.491687233	96.1035
5.48587579	96.1184
5.480076633	96.1348
5.474289725	96.1204
5.468518015	96.0974
5.462755479	96.1462
5.457005076	96.1194
5.451266765	96.1338
5.445540511	96.1545
5.439826274	96.1677
5.434124016	96.1924
5.428433701	96.2532
5.422755291	96.3147
5.417088748	96.2991
5.411434035	96.3181
5.405791116	96.3269
5.400159953	96.3367
5.394540509	96.3252
5.388932749	96.3357
5.383336635	96.3206
5.377752132	96.324
5.372179203	96.3396
5.366617813	96.3538
5.361067925	96.3455
5.355529504	96.3684
5.350002515	96.3936
5.344486921	96.3809
5.338982689	96.3711
5.333492627	96.3821
5.328011006	96.3689
5.32254064	96.3623
5.317081497	96.3633
5.31163354	96.3848
5.306196736	96.3906
5.30077105	96.4121
5.295356449	96.4661
5.289952898	96.4709
5.284560364	96.4932
5.279178813	96.5264
5.273808212	96.574
5.268448526	96.5525
5.263099724	96.5623
5.257761771	96.5684
5.252434635	96.5935
5.247118283	96.5911
5.241812682	96.5984
5.236517799	96.6189
5.231233603	96.6272
5.225960061	96.676
5.220697141	96.6887
5.21544481	96.7332
5.210203036	96.7637
5.204974498	96.7996
5.19975374	96.7771
5.194543444	96.7715
5.189343579	96.7998
5.184154115	96.8223
5.178975019	96.822
5.173806261	96.821
5.168647809	96.822
5.163499634	96.79
5.158361704	96.7673
5.153233989	96.7217
5.148116459	96.7178
5.143009082	96.6894
5.137911829	96.6931
5.13282467	96.6687
5.127747575	96.675
5.122680514	96.6902
5.117623458	96.7031
5.112576376	96.698
5.107539239	96.7043
5.102512018	96.7541
5.097494683	96.7803
5.092487206	96.7859
5.087489558	96.78
5.082504292	96.7825
5.077526209	96.7852
5.072557868	96.8025
5.06759924	96.8025
5.062650297	96.8027
5.057711011	96.8484
5.052781354	96.8689
5.047861297	96.8689
5.042950812	96.8982
5.038049872	96.8857
5.033158448	96.8923
5.028276513	96.8894
5.023404039	96.916
5.018541	96.9207
5.013687367	96.9414
5.008843113	96.9348
5.004010715	96.9314
4.999185133	96.9434
4.994368849	96.9705
4.989561837	96.9873
4.984764069	96.9778
4.979975518	97.0088
4.97519616	97.0286
4.970425966	97.0549
4.96566491	97.0603
4.960912967	97.0918
4.95617011	97.1042
4.951436313	97.1191
4.94671155	97.1064
4.941995795	97.1094
4.937289023	97.0986
4.932591209	97.0837
4.927902325	97.1064
4.923222347	97.123
4.918551251	97.1533
4.913889009	97.1687
4.909235598	97.156
4.904590991	97.1423
4.899955165	97.155
4.895328095	97.1462
4.890712146	97.1592
4.886102507	97.1296
4.88150155	97.1472
4.876909249	97.1521
4.87232558	97.155
4.86775052	97.1348
4.863184043	97.1628
4.858626126	97.1511
4.854076745	97.1462
4.849535875	97.1514
4.845003493	97.1406
4.840479575	97.1692
4.835964098	97.1894
4.831457037	97.2002
4.826958369	97.1855
4.822468072	97.2041
4.81798612	97.2039
4.813512492	97.1982
4.809047164	97.1748
4.804590113	97.1853
4.800141316	97.1858
4.79570075	97.197
4.791268392	97.2119
4.78684422	97.2288
4.782430498	97.2097
4.778022625	97.2146
4.773622869	97.2229
4.769231209	97.2322
4.764847623	97.2559
4.760472086	97.2751
4.756104579	97.291
4.751745078	97.2976
4.747393562	97.3372
4.743050009	97.3232
4.738714396	97.3088
4.734386703	97.2996
4.730066907	97.2966
4.725754987	97.2927
4.721450921	97.3054
4.717154688	97.3581
4.712866266	97.3428
4.708585635	97.3301
4.704312773	97.3213
4.700047658	97.331
4.695790271	97.3418
4.691540589	97.3513
4.687298593	97.3289
4.68306426	97.3523
4.67883976	97.3574
4.67462069	97.384
4.670409221	97.3643
4.666205334	97.3943
4.662009009	97.425
4.657820224	97.4199
4.65363896	97.4111
4.649465195	97.4333
4.645298911	97.4597
4.641140087	97.4353
4.636988702	97.468
4.632844738	97.4521
4.628708174	97.448
4.62457899	97.4795
4.620457167	97.5085
4.616342684	97.5107
4.612235523	97.5779
4.608135664	97.6826
4.604043086	97.6211
4.599957772	97.5183
4.595879702	97.5352
4.591808856	97.5261
4.587745215	97.53
4.58368876	97.54
4.57964157	97.5344
4.575599426	97.5264
4.571564412	97.5244
4.567536508	97.5154
4.563515696	97.4775
4.559501956	97.5225
4.555495271	97.5156
4.551495621	97.4978
4.547502989	97.5264
4.543517355	97.5693
4.539538701	97.5615
4.535567009	97.5508
4.531602261	97.5586
4.527644439	97.5283
4.523693523	97.5166
4.519749497	97.5193
4.515814382	97.5381
4.511884077	97.5068
4.507960608	97.5247
4.504043956	97.5264
4.500134104	97.5322
4.496231034	97.491
4.492334729	97.5049
4.488445171	97.5124
4.484562343	97.5339
4.480686226	97.5518
4.476816804	97.5447
4.47295406	97.5215
4.469097975	97.5166
4.465248534	97.5322
4.461405718	97.5176
4.45756951	97.5088
4.453739894	97.5059
4.449916853	97.5039
4.44610037	97.4912
4.442290427	97.5095
4.438487009	97.4968
4.434690097	97.5039
4.430899676	97.5012
4.42711573	97.532
4.423340197	97.5264
4.419569145	97.5017
4.415804518	97.4988
4.412046298	97.4944
4.408294471	97.4998
4.404549018	97.5127
4.400809925	97.5369
4.397077175	97.5127
4.393350752	97.5107
4.389630639	97.5037
4.385916821	97.5176
4.382209282	97.5098
4.378508006	97.5173
4.374812977	97.5044
4.371124179	97.4695
4.367441596	97.4451
4.363765214	97.4697
4.360095015	97.4998
4.356430985	97.4883
4.352773108	97.4482
4.349121369	97.4053
4.345475751	97.4187
4.341836241	97.4236
4.338202821	97.4343
4.334577357	97.456
4.330956072	97.4773
4.327340832	97.4336
4.323731623	97.4443
4.320128429	97.4597
4.316531235	97.4333
4.312940028	97.4092
4.30935479	97.4121
4.305775509	97.4148
4.302202168	97.4307
4.298634754	97.3955
4.29507325	97.4314
4.291517644	97.4092
4.287967919	97.3906
4.284424062	97.3689
4.280886058	97.3689
4.277353892	97.3728
4.27382755	97.3708
4.270307018	97.3904
4.266792281	97.3826
4.263283325	97.3857
4.259780136	97.3848
4.256282699	97.3633
4.252791	97.334
4.249306832	97.3594
4.245826565	97.3528
4.242351994	97.3584
4.238883105	97.3748
4.235419885	97.3855
4.231962319	97.3643
4.228510393	97.3562
4.225064094	97.3289
4.221623408	97.293
4.218188322	97.304
4.214758821	97.3093
4.211334892	97.3191
4.207916522	97.2956
4.204503696	97.2949
4.201096402	97.3318
4.197694626	97.3057
4.194300114	97.292
4.190909331	97.3047
4.187524026	97.3144
4.184144186	97.3005
4.180769797	97.2949
4.177400846	97.3066
4.174037321	97.3035
4.170679208	97.2949
4.167326493	97.2527
4.163979165	97.2175
4.16063721	97.2351
4.157300615	97.2256
4.153969367	97.2334
4.150643454	97.2253
4.147322862	97.2051
4.144007579	97.2019
4.140697592	97.1836
4.137392888	97.2156
4.134093455	97.2454
4.130799281	97.2361
4.127510352	97.2214
4.124226656	97.2107
4.120948181	97.2024
4.117674914	97.1916
4.114408535	97.1936
4.111145645	97.1868
4.107887925	97.1804
4.104635365	97.1609
4.101387951	97.1355
4.098145671	97.1438
4.094908514	97.1604
4.091676466	97.1516
4.088449517	97.1414
4.085227653	97.1306
4.082010864	97.1755
4.078799136	97.1619
4.075592459	97.1599
4.072390819	97.1492
4.069194206	97.1414
4.066002607	97.1145
4.062816011	97.1116
4.059634406	97.114
4.056457779	97.1482
4.053286121	97.1462
4.050119418	97.1277
4.046957659	97.1223
4.043800833	97.0994
4.040648928	97.1013
4.037503563	97.0652
4.034361463	97.0818
4.031224251	97.0998
4.028091913	97.1169
4.024964439	97.0886
4.021841819	97.1135
4.018724039	97.0974
4.01561109	97.0984
4.012502959	97.0911
4.009399637	97.1233
4.00630111	97.1179
4.00320737	97.0832
4.000118404	97.0676
3.997034201	97.0417
3.99395475	97.0271
3.990880041	97.0115
3.987810062	97.0012
3.984744803	96.9617
3.981684252	96.9343
3.9786284	96.9016
3.975577234	96.9128
3.972530744	96.8845
3.96948892	96.927
3.966451751	96.9255
3.963420797	96.9338
3.960392903	96.9358
3.957369631	96.9373
3.954350972	96.9358
3.951336915	96.948
3.948327449	96.947
3.945322564	96.9705
3.942322249	97.0041
3.939326493	96.9792
3.936335288	96.9685
3.933348621	96.9392
3.930366483	96.9578
3.927388864	96.925
3.924415753	96.9622
3.921447139	96.9719
3.918483014	96.9778
3.915523366	96.9373
3.912568186	96.907
3.909617463	96.8904
3.906671188	96.884
3.90372935	96.8933
3.900791939	96.8884
3.897858945	96.906
3.894930359	96.904
3.892007684	96.9309
3.889087881	96.9045
3.886172454	96.9084
3.883261396	96.8909
3.880354695	96.8645
3.877452343	96.804
3.874554329	96.8054
3.871660644	96.8118
3.868771278	96.8044
3.865886222	96.8005
3.863005465	96.8171
3.860128998	96.804
3.857256812	96.8044
3.854388896	96.8171
3.851525243	96.7986
3.848665841	96.7971
3.845812161	96.8049
3.842961232	96.7751
3.840114528	96.741
3.837272037	96.7302
3.834433752	96.7537
3.831599662	96.7737
3.828769759	96.7742
3.825944033	96.7776
3.823122474	96.7712
3.820305074	96.7688
3.817491824	96.7483
3.814682714	96.7478
3.811877735	96.7419
3.809076878	96.7478
3.806280134	96.7214
3.803487494	96.7024
3.800698949	96.6848
3.797914489	96.6218
3.795134107	96.6306
3.792357792	96.6833
3.789585537	96.7234
3.786817332	96.7097
3.784053167	96.7087
3.781293036	96.6702
3.778538356	96.6116
3.77578626	96.6169
3.773038171	96.6545
3.770294079	96.6863
3.767553976	96.678
3.764817852	96.6404
3.7620857	96.6218
3.759357511	96.5964
3.756633275	96.5598
3.753912985	96.5608
3.751196632	96.5686
3.748484207	96.5808
3.745775701	96.572
3.743071107	96.5715
3.740370416	96.5393
3.73767362	96.5515
3.734980709	96.5212
3.732291676	96.4978
3.729606512	96.4983
3.726925208	96.5037
3.724247758	96.4978
3.721574151	96.4895
3.718904381	96.469
3.716238438	96.449
3.713577694	96.4216
3.71091938	96.4026
3.708264869	96.4216
3.705614154	96.3889
3.702967225	96.3655
3.700324074	96.3396
3.697684695	96.3406
3.695049078	96.3162
3.692417215	96.2932
3.689789099	96.2971
3.687164722	96.3152
3.684544075	96.3206
3.68192715	96.3025
3.67931394	96.2971
3.676704437	96.2874
3.674098633	96.2966
3.67149652	96.2664
3.66889809	96.2312
3.666303336	96.1863
3.663712249	96.1667
3.661124822	96.1672
3.658541047	96.2136
3.655960916	96.2405
3.653384422	96.2449
3.65081289	96.2488
3.648243644	96.2888
3.645678012	96.2874
3.643115986	96.217
3.640557559	96.1487
3.638002722	96.115
3.635451469	96.0989
3.632903791	96.1028
3.630359682	96.1101
3.627819133	96.0745
3.625282138	96.0525
3.622748688	96.054
3.620218777	96.053
3.617692397	95.9958
3.615169541	96.0081
3.6126502	96.0193
3.610135673	96.03
3.607623341	96.0085
3.605114504	95.9807
3.602609154	95.9968
3.600107283	95.9788
3.597608885	95.9783
3.595113953	95.9568
3.592622478	95.9377
3.590134454	95.9392
3.587649874	96.0061
3.585168731	95.9812
3.582691017	95.9807
3.580216725	95.9451
3.577745848	95.9304
3.57527838	95.9119
3.572814313	95.8909
3.57035364	95.8938
3.567896354	95.8855
3.565442448	95.8767
3.562991916	95.8806
3.560544749	95.8757
3.558100942	95.8513
3.555660487	95.8103
3.553223378	95.7351
3.550790868	95.7258
3.548360427	95.7698
3.545933311	95.7541
3.543509513	95.7605
3.541089027	95.719
3.538671844	95.7151
3.53625796	95.7219
3.533847367	95.7351
3.531440058	95.7185
3.529036026	95.6858
3.526635266	95.6697
3.524237769	95.6628
3.52184353	95.6345
3.519452542	95.5906
3.517064798	95.592
3.514680292	95.5623
3.512299017	95.5525
3.509920967	95.5671
3.507546135	95.5632
3.505174514	95.5007
3.502806098	95.469
3.500440881	95.4626
3.498078855	95.4548
3.495720015	95.4163
3.493365575	95.3713
3.491013085	95.3718
3.488663762	95.3694
3.486317598	95.344
3.483974588	95.366
3.481634725	95.3533
3.479298003	95.3655
3.476964415	95.3557
3.474633956	95.3591
3.472306619	95.342
3.469982397	95.3499
3.467661284	95.3494
3.465343275	95.324
3.463028363	95.2698
3.460716541	95.2478
3.458407804	95.2483
3.456102146	95.2625
3.453799559	95.2957
3.451500039	95.2869
3.449203579	95.2507
3.446910172	95.2175
3.444619814	95.2249
3.442332497	95.2361
3.440048216	95.2307
3.437768146	95.1975
3.435489916	95.1897
3.433214704	95.114
3.430942504	95.1091
3.428673309	95.1531
3.426407114	95.2078
3.424143913	95.1975
3.421883699	95.1003
3.419626467	95.0242
3.417372212	95.0037
3.415120926	94.9929
3.412872605	94.9597
3.410627242	94.908
3.408384831	94.885
3.406145367	94.9124
3.403908845	94.9431
3.401675257	94.9373
3.399444599	94.9397
3.397216864	94.9636
3.394992047	94.9382
3.392770143	94.9709
3.390551144	94.9626
3.388335047	94.989
3.386121844	94.9944
3.383912676	95.0276
3.381705245	95.01
3.379500692	94.9792
3.377299012	95.0017
3.375100198	95.0349
3.372904246	95.0535
3.370711149	95.0198
3.368520903	94.9509
3.366333501	94.8967
3.364148938	94.8777
3.361967208	94.8127
3.359788306	94.8044
3.357612227	94.7854
3.355438965	94.801
3.353268515	94.781
3.35110087	94.7625
3.348937148	94.7175
3.346775098	94.7268
3.344615837	94.7205
3.342459362	94.74
3.340305665	94.7361
3.338154741	94.739
3.336006587	94.7107
3.333861195	94.6921
3.33171856	94.6995
3.329578678	94.6599
3.327441544	94.6443
3.32530715	94.6511
3.323175494	94.6687
3.321046568	94.6213
3.318920368	94.6501
3.31679689	94.656
3.314676126	94.6589
3.312558073	94.6824
3.310442725	94.696
3.308330077	94.6589
3.306220124	94.6194
3.304112861	94.5964
3.302008281	94.6257
3.299906382	94.6389
3.297808244	94.658
3.295711686	94.6604
3.293617792	94.6233
3.291526557	94.5901
3.289437976	94.5491
3.287352045	94.5232
3.285268756	94.4963
3.283188107	94.489
3.281110091	94.491
3.279034705	94.4963
3.276961942	94.4651
3.274891798	94.4158
3.272824267	94.4221
3.270759346	94.4026
3.268697029	94.3826
3.26663731	94.3904
3.264580186	94.3582
3.262525652	94.3108
3.260473701	94.3186
3.25842433	94.3206
3.256377534	94.3088
3.254333308	94.3044
3.252291646	94.3298
3.250252545	94.2815
3.248217054	94.2776
3.246183057	94.28
3.244151606	94.3518
3.242122696	94.3694
3.240096322	94.2893
3.238072479	94.2703
3.236051163	94.2732
3.234032369	94.2126
3.232016093	94.2014
3.230002329	94.2117
3.227991073	94.2302
3.22598232	94.24
3.223976065	94.219
3.221972305	94.2424
3.219971033	94.2361
3.217972246	94.1921
3.215975939	94.1384
3.213982108	94.1252
3.211990747	94.0564
3.210001852	94.0525
3.208015419	94.0764
3.206031443	94.073
3.204049919	94.0764
3.202070843	94.0662
3.200095235	94.0554
3.19812104	94.0217
3.196149279	93.9646
3.194179949	93.9138
3.192213043	93.8611
3.190248559	93.8435
3.18828649	93.8303
3.186326834	93.8084
3.184369586	93.8191
3.18241474	93.8577
3.180462293	93.8635
3.17851224	93.8259
3.176564577	93.7839
3.1746193	93.7361
3.172676403	93.6858
3.170735883	93.6721
3.168797736	93.6287
3.166861956	93.6619
3.164928541	93.7019
3.162997484	93.7068
3.161068783	93.6682
3.159142432	93.5974
3.157218427	93.5476
3.155296765	93.5393
3.153378435	93.5486
3.151461443	93.5173
3.14954678	93.4846
3.147634443	93.4827
3.145724426	93.4919
3.143816726	93.4431
3.141911338	93.4392
3.140008258	93.426
3.138107483	93.4045
3.136209007	93.3904
3.134312827	93.3689
3.132418938	93.4299
3.130527337	93.4495
3.128638019	93.3772
3.126750981	93.3928
3.124866217	93.3362
3.122984699	93.2634
3.121104471	93.2654
3.119226507	93.2776
3.1173508	93.301
3.115477349	93.2893
3.113606148	93.2087
3.111737193	93.1599
3.10987048	93.094
3.108006006	93.074
3.106143766	93.0022
3.104283756	92.928
3.102425973	92.9548
3.100570412	92.989
3.098717069	92.8972
3.096865941	92.865
3.095017023	92.8513
3.093170311	92.7712
3.091325802	92.7068
3.089483491	92.7048
3.087643375	92.6545
3.085805449	92.617
3.08396971	92.5759
3.082136155	92.5662
3.080304778	92.5701
3.078476524	92.5486
3.076649492	92.5418
3.074824627	92.5354
3.073001926	92.5217
3.071181385	92.49
3.069363	92.4631
3.067546766	92.428
3.065732681	92.4275
3.06392074	92.3416
3.06211094	92.2439
3.060303276	92.2087
3.058497745	92.2112
3.056694344	92.2576
3.054893068	92.2556
3.053093914	92.2092
3.051296877	92.2263
3.049501955	92.1585
3.047709144	92.0862
3.045918439	92.0115
3.044129837	91.992
3.042343335	91.9275
3.040558928	91.9319
3.038776613	91.9119
3.036996386	91.8948
3.035219166	91.9163
3.033443104	91.9431
3.031669119	91.9158
3.029897208	91.9236
3.028127367	91.8787
3.026359592	91.7927
3.02459388	91.7854
3.022830228	91.7581
3.021068631	91.6697
3.019309085	91.6277
3.017551589	91.6189
3.015796137	91.596
3.014042726	91.635
3.012291354	91.596
3.010542015	91.5452
3.008794707	91.5081
3.007049426	91.4065
3.005306169	91.2986
3.003564931	91.2048
3.00182571	91.2146
3.000088503	91.2615
2.998353304	91.1975
2.996620112	91.1604
2.994888923	91.178
2.993160628	91.1116
2.991433432	90.9749
2.989708228	90.9514
2.987985013	90.8689
2.986263784	90.8088
2.984544536	90.8069
2.982827267	90.7908
2.981111973	90.7254
2.97939865	90.6331
2.977687296	90.5803
2.975977906	90.4671
2.974270478	90.3655
2.972565009	90.3303
2.970861493	90.3303
2.96915993	90.2517
2.967460314	90.26
2.965763522	90.2654
2.964067792	90.1839
2.962373999	90.0979
2.960682141	90.0642
2.958992215	90.0213
2.957304216	90.0095
2.955618142	89.9773
2.95393399	89.8953
2.952251756	89.8777
2.950571437	89.8289
2.94889303	89.7966
2.947216531	89.7068
2.945541937	89.6707
2.943869245	89.6697
2.942198452	89.6267
2.940529554	89.5867
2.938862549	89.5974
2.937197432	89.5623
2.935534201	89.5427
2.933872853	89.5291
2.932213384	89.5486
2.930555792	89.5535
2.928900072	89.531
2.927246222	89.5369
2.925595095	89.4802
2.923944975	89.449
2.922296715	89.3386
2.920650312	89.3289
2.919005763	89.3611
2.917363066	89.3406
2.915722216	89.281
2.91408321	89.3113
2.912446047	89.2986
2.910810722	89.2791
2.909177232	89.3006
2.907545575	89.324
2.905915747	89.3181
2.904287745	89.2361
2.902661566	89.239
2.901037208	89.2439
2.899414666	89.2429
2.897793938	89.1697
2.896175022	89.2215
2.894557913	89.1853
2.892942609	89.1091
2.891329106	89.1248
2.889717403	89.1404
2.888107495	89.1013
2.886500214	89.1218
2.884893888	89.0838
2.883289349	89.1209
2.881686594	89.0974
2.880085619	89.0545
2.878486423	89.0515
2.876889001	89.0466
2.875293352	89.0193
2.873699471	88.9617
2.872107357	88.9412
2.870517006	88.9216
2.868928415	88.9275
2.867341582	88.9539
2.865756502	88.9773
2.864173175	89.0291
2.862591596	89.0125
2.861011762	88.9851
2.859433672	88.9851
2.857857321	88.9695
2.856282708	88.9724
2.854709829	89.0359
2.853138681	88.9695
2.851569261	89.0037
2.850001568	89.0037
2.848436408	89.0593
2.846872156	89.034
2.845309621	89.0457
2.8437488	89.0867
2.842189691	89.1052
2.840632291	89.0398
2.839076596	89.073
2.837522604	89.1189
2.835970313	89.1072
2.834419719	89.1394
2.83287082	89.1638
2.831323613	89.1355
2.829778094	89.1365
2.828234263	89.1423
2.826692114	89.1756
2.825151647	89.2283
2.823612858	89.3601
2.822075744	89.4236
2.820540303	89.4451
2.819006531	89.5193
2.817474427	89.5486
2.815943987	89.5545
2.81441521	89.5759
2.812888091	89.5506
2.811363418	89.5408
2.809839609	89.5349
2.80831745	89.4666
2.806796939	89.4998
2.805278075	89.6209
2.803760853	89.6834
2.802245271	89.6687
2.800731327	89.658
2.799219018	89.6619
2.797708341	89.6326
2.796199294	89.6619
2.794691874	89.7048
2.793186078	89.7322
2.791681905	89.7673
2.79017935	89.7986
2.788678412	89.8533
2.787179865	89.8992
2.785682151	89.9509
2.784186046	89.8943
2.782691547	89.908
2.781198652	89.992
2.779707358	90.0203
2.778217662	90.0388
2.776729562	90.0955
2.775243056	90.1023
2.77375814	90.1384
2.772274812	90.1345
2.77079307	90.1922
2.769312911	90.1502
2.767834333	90.1004
2.766357333	90.0935
2.764881908	90.0857
2.763408056	90.0838
2.761935774	90.0984
2.760465061	90.0955
2.758995913	90.1648
2.757528328	90.2029
2.756062304	90.2048
2.754597837	90.3093
2.753134926	90.282
2.751674325	90.3709
2.750214517	90.3865
2.748756257	90.3533
2.747299542	90.4099
2.74584437	90.4138
2.74439074	90.3709
2.742938647	90.3494
2.741488091	90.3162
2.740039067	90.3474
2.738591575	90.2673
2.737145611	90.1804
2.735701174	90.0466
2.73425826	90.0242
2.732816867	89.8455
2.731376994	89.5506
2.729938636	89.0759
2.728501793	88.5134
2.727066462	87.1531
2.72563264	84.8435
2.724200325	81.4226
2.722769514	75.824
2.721340206	71.6639
2.719912397	76.8768
2.718486086	85.2146
2.717062008	89.2117
2.715638684	90.7
2.714216851	91.0505
2.712796505	90.988
2.711377646	90.8474
2.709960269	90.822
2.708544374	90.824
2.707129958	90.7859
2.705717018	90.8005
2.704305552	90.8259
2.702895558	90.7234
2.701487034	90.6609
2.700079976	90.6922
2.698674384	90.738
2.697270255	90.7322
2.695867585	90.8416
2.694466374	90.8298
2.693066619	90.8953
2.691668318	90.8923
2.690271467	90.8875
2.688876066	90.8513
2.687482111	90.8836
2.686089602	90.9304
2.684698534	90.9939
2.683309626	90.949
2.681921436	90.8787
2.680534681	90.907
2.679149359	90.8123
2.677765469	90.7703
2.676383008	90.8396
2.675001973	90.8611
2.673622363	90.867
2.672244175	90.824
2.670867407	90.8367
2.669492057	90.8611
2.668118123	90.7781
2.666745602	90.7859
2.665374493	90.8289
2.664004793	90.7654
2.6626365	90.6912
2.66127032	90.5789
2.659904834	90.4841
2.658540748	90.4548
2.657178061	90.4451
2.65581677	90.4763
2.654456873	90.5642
2.653098368	90.614
2.651741253	90.574
2.650385525	90.5974
2.649031183	90.5974
2.647678224	90.575
2.646326647	90.5134
2.644976449	90.5173
2.643627628	90.4822
2.642280182	90.45
2.640934109	90.4099
2.639589407	90.3748
2.638246073	90.488
2.636904106	90.4422
2.635563503	90.3689
2.634224263	90.3513
2.632886383	90.3279
2.631549862	90.3211
2.630214697	90.3611
2.628881577	90.3523
2.627549117	90.3718
2.626218007	90.367
2.624888245	90.2673
2.62355983	90.2146
2.622232758	90.2166
2.620907028	90.2263
2.619582638	90.158
2.618259585	90.1228
2.616937869	90.0672
2.615617486	90.0838
2.614298435	90.1453
2.612980713	90.114
2.61166432	90.0515
2.610349252	90.0584
2.609035507	90.1404
2.607723085	90.115
2.606411982	90.1101
2.605102197	90.1531
2.603793727	90.0935
2.602486572	89.908
2.601180728	89.8093
2.599876194	89.8767
2.598572968	89.9529
2.597271722	89.9685
2.595971105	89.9236
2.59467179	90.0252
2.593373774	90.1423
2.592077057	90.0545
2.590781636	89.9304
2.589487509	89.9607
2.588194675	89.949
2.58690313	89.907
2.585612874	89.8484
2.584323905	89.8757
2.58303622	89.8318
2.581749817	89.7156
2.580464695	89.6814
2.579180852	89.6365
2.577898286	89.6541
2.576616995	89.6951
2.575336976	89.6638
2.574058229	89.6482
2.572780751	89.6248
2.571504541	89.614
2.570229596	89.5388
2.568955915	89.5369
2.567683495	89.5701
2.566412994	89.5252
2.565143091	89.5701
2.563874445	89.614
2.562607053	89.6521
2.561340913	89.6521
2.560076024	89.6209
2.558812384	89.5486
2.55754999	89.5593
2.556288841	89.4548
2.555028936	89.4578
2.553770272	89.4705
2.552512847	89.489
2.55125666	89.4334
2.550001709	89.3884
2.548747991	89.3318
2.547495506	89.3006
2.546244252	89.2068
2.544994225	89.2898
2.543745426	89.3201
2.542497852	89.3552
2.5412515	89.3884
2.54000637	89.3689
2.53876246	89.2849
2.537519767	89.283
2.536278934	89.3181
2.535038671	89.3211
2.53379962	89.2752
2.53256178	89.2351
2.531325149	89.1326
2.530089725	89.0896
2.528855506	89.032
2.52762249	89.0447
2.526390677	89.0154
2.525160064	89.0115
2.523930648	88.8787
2.52270243	88.8064
2.521475406	88.7361
2.520249575	88.6804
2.519024936	88.7771
2.517801486	88.8445
2.516579857	88.8533
2.515358781	88.9021
2.514138889	88.9343
2.512920179	88.907
2.511702651	88.9295
2.510486301	89.0252
2.50927113	89.0271
2.508057134	88.9802
2.506844312	88.989
2.505632662	88.9695
2.504422183	88.8953
2.503212874	88.7468
2.502004731	88.6648
2.500797754	88.5867
2.499591942	88.6218
2.498387291	88.7966
2.497183801	88.8435
2.49598147	88.8172
2.494780296	88.8045
2.493580278	88.7117
2.492381413	88.6599
2.491183701	88.5515
2.489987139	88.5125
2.488791726	88.5047
2.48759808	88.5008
2.486404959	88.5408
2.485212983	88.6218
2.484022149	88.6726
2.482832455	88.7
2.4816439	88.7224
2.480456483	88.5349
2.479270202	88.492
2.478085055	88.4685
2.47690104	88.4148
2.475718156	88.2781
2.474536402	88.407
2.473355775	88.4734
2.472176274	88.5623
2.470997898	88.6531
2.469820644	88.7312
2.468644512	88.5974
2.467469499	88.3748
2.466295604	88.2781
2.465122826	88.2537
2.463951163	88.1795
2.462780612	88.2478
2.461611174	88.3084
2.460442845	88.2312
2.45927623	88.2029
2.458110116	88.2166
2.456945108	88.3054
2.455781204	88.2654
2.454618401	88.156
2.4534567	88.1648
2.452296097	88.1326
2.451136592	88.1375
2.449978183	88.282
2.448820868	88.3045
2.447664646	88.2556
2.446509516	88.1795
2.445355475	88.1677
2.444202523	88.0427
2.443050657	87.99
2.441899876	88.0408
2.440750179	87.9705
2.439601564	87.9685
2.43845403	88.0974
2.437307575	88.0213
2.436162197	88.0095
2.435017895	88.0349
2.433874668	88.0213
2.432732513	88.0877
2.431592022	88.1443
2.430452008	88.0174
2.429313063	87.9646
2.428175185	87.9431
2.427038372	87.9041
2.425902624	87.8611
2.424767938	87.7752
2.423634312	87.8455
2.422501747	87.8455
2.421370239	87.7693
2.420239788	87.8006
2.419110392	87.8162
2.417982049	87.8533
2.416854758	87.8396
2.415728518	87.7732
2.414603328	87.7381
2.413479185	87.8709
2.412356088	87.8045
2.411234036	87.7693
2.410113027	87.8396
2.40899306	87.7869
2.407874134	87.6677
2.406756246	87.5779
2.405639396	87.6658
2.40452416	87.5154
2.40340938	87.4158
2.402295634	87.5213
2.401182919	87.5349
2.400071234	87.5017
2.398960578	87.4998
2.39785095	87.5408
2.396742348	87.4881
2.39563477	87.5134
2.394528216	87.5818
2.393422683	87.4256
2.392318171	87.4256
2.391214677	87.367
2.390112201	87.2732
2.389010742	87.2517
2.387910297	87.3123
2.386811435	87.3045
2.385713014	87.0974
2.384615605	87.1345
2.383519204	87.156
2.382423811	87.1619
2.381329425	87.2615
2.380236043	87.2439
2.379143665	87.1072
2.37805229	87.1756
2.376961915	87.3689
2.375872539	87.3787
2.374784162	87.3357
2.373696781	87.2947
2.372610396	87.3904
2.371525004	87.4021
2.370440606	87.3709
2.369357198	87.3357
2.368274781	87.2732
2.367193351	87.3299
2.366112909	87.3631
2.365033453	87.24
2.363954982	87.242
2.362877493	87.2342
2.361800987	87.2009
2.360726018	87.0506
2.35965147	87.0525
2.3585779	87.0349
2.357505307	86.9881
2.356433688	87.1814
2.355363044	87.2693
2.354293372	87.2713
2.353224671	87.197
2.35215694	87.2537
2.351090177	87.3396
2.350024382	87.449
2.348959552	87.3963
2.347895687	87.2322
2.346832785	87.1384
2.345770845	87.0154
2.344709866	86.9685
2.343649846	86.8806
2.342590784	86.8963
2.341532678	86.8513
2.340475528	86.8181
2.339419333	86.8631
2.33836409	86.8455
2.337309798	86.8709
2.336256457	86.8045
2.335204611	86.8201
2.334153166	86.824
2.333102667	86.822
2.332053114	86.7302
2.331004504	86.7068
2.329956838	86.7771
2.328910112	86.7986
2.327864326	86.699
2.32681948	86.7283
2.325775571	86.8513
2.324732598	86.7888
2.32369056	86.7127
2.322649456	86.6521
2.321609284	86.5193
2.320570043	86.4998
2.319531733	86.5232
2.318494351	86.5642
2.317457897	86.656
2.316422369	86.6033
2.315387766	86.4881
2.314354087	86.5115
2.31332133	86.7029
2.312289495	86.9021
2.31125858	86.867
2.310229117	86.7263
2.309200038	86.5955
2.308171875	86.6209
2.307144627	86.6502
2.306118293	86.5974
2.305092872	86.4724
2.304068363	86.408
2.303044763	86.4451
2.302022073	86.4138
2.301000291	86.4158
2.299979415	86.4568
2.298959445	86.6892
2.297940379	86.7888
2.296922216	86.8299
2.295904955	86.9998
2.294888595	86.8455
2.29387366	86.6052
2.292859097	86.6209
2.291845431	86.6189
2.29083266	86.6326
2.289820785	86.6482
2.288809803	86.533
2.287799713	86.4646
2.286790515	86.3299
2.285782206	86.2927
2.284774786	86.3592
2.283768254	86.3767
2.282762608	86.3435
2.281757848	86.3689
2.280753972	86.3377
2.279750978	86.3552
2.278748867	86.4842
2.277747636	86.4373
2.276747284	86.4236
2.275747811	86.4373
2.274749215	86.4217
2.273751494	86.3845
2.272754649	86.2381
2.271758677	86.2361
2.270763578	86.4998
2.269769866	86.6814
2.268776508	86.6521
2.267784019	86.6677
2.266792398	86.5935
2.265801644	86.5193
2.264811756	86.4295
2.263822732	86.4236
2.262834571	86.5877
2.261847273	86.5076
2.260860836	86.3904
2.259875259	86.5174
2.258890541	86.5701
2.257906681	86.4549
2.256923678	86.2381
2.25594153	85.9568
2.254960236	85.908
2.253979796	86.2537
2.253000208	86.6248
2.252021471	86.7049
2.251043584	86.5701
2.250066546	86.5271
2.249090355	86.2576
2.248115012	86.033
2.247140514	85.9451
2.246167365	86.2029
2.245194554	86.3845
2.244222586	86.4783
2.243251458	86.4939
2.242281171	86.4627
2.241311723	86.4568
2.240343113	86.2752
2.23937534	86.2654
2.238408402	86.2498
2.237442299	86.3377
2.23647703	86.3474
2.235512593	86.3709
2.234548988	86.5037
2.233586213	86.5818
2.232624267	86.533
2.231663149	86.3396
2.230702859	86.3064
2.229743394	86.3709
2.228784755	86.408
2.22782694	86.3006
2.226869947	86.2771
2.225913777	86.2127
2.224958427	86.199
2.224003896	86.2185
2.223050679	86.1326
2.222097785	86.2146
2.221145707	86.449
2.220194445	86.3513
2.219243997	86.1424
2.218294362	86.0623
2.21734554	86.0388
2.21639753	86.1599
2.215450329	86.2537
2.214503938	86.283
2.213558355	86.3201
2.212613579	86.4763
2.211669609	86.5017
2.210726445	86.4763
2.209784084	86.3592
2.208842527	86.367
2.207901771	86.2615
2.206961817	86.0799
2.206022662	86.0623
2.205084307	86.1365
2.204146749	86.0896
2.203209989	86.0877
2.202274024	86.1189
2.201338854	86.0115
2.200404963	86.0584
2.199471379	86.0857
2.198538587	86.1638
2.197606587	86.0271
2.196675376	86.1092
2.195744954	86.1677
2.194815319	86.033
2.193886472	86.1756
2.192958411	86.2752
2.192031134	86.322
2.191104641	86.0955
2.190178931	86.1052
2.189254003	86.1638
2.188329856	86.0427
2.187406488	86.072
2.1864839	86.0486
2.185562567	85.9685
2.184641533	86.0076
2.183721275	85.9549
2.182801792	86.033
2.181883083	86.0642
2.180965147	85.992
2.180047983	85.9627
2.17913159	85.8826
2.178215967	85.8299
2.177301113	85.8533
2.176387028	85.8904
2.175473709	86.1736
2.174561157	86.2595
2.17364937	86.2127
2.172738348	86.2049
2.171828089	86.3982
2.170918592	86.6717
2.170009856	86.6638
2.169101881	86.2908
2.168194666	85.9842
2.167288209	85.9646
2.166382509	86.1013
2.165477567	86.0642
2.16457338	86.0388
2.163670416	86.0857
2.162767737	86.033
2.161865811	86.0017
2.160964637	85.9549
2.160064214	86.0427
2.159164542	86.1658
2.158265618	86.1326
2.157367442	86.2576
2.156470014	86.2439
2.155573332	86.2693
2.154677395	86.2908
2.153782203	86.1912
2.152887754	86.0799
2.151994048	86.033
2.151101084	85.8435
2.150208861	85.9783
2.149317377	86.033
2.148426632	86.1502
2.147536625	86.0818
2.146647355	86.1189
2.145758822	86.3142
2.144871024	86.2732
2.14398396	86.1482
2.143097629	86.0154
2.14221249	85.8279
2.141327623	85.781
2.140443487	85.8142
2.139560081	85.947
2.138677403	86.0701
2.137795454	86.1404
2.136914232	86.1717
2.136033736	86.2986
2.135153965	86.3435
2.134274919	86.2654
2.133396596	86.0935
2.132518995	86.1951
2.131642117	86.2498
2.130765959	86.1482
2.129890521	86.0642
2.129015803	86.0486
2.128141802	86.0232
2.127268519	86.0427
2.126395952	86.3299
2.125524101	86.7205
2.124652964	86.8357
2.123782542	86.7342
2.122912832	86.4451
2.122043834	85.7107
2.121175997	85.5252
2.12030842	86.0232
2.119441553	86.4236
2.118575394	86.5252
2.117709942	86.3123
2.116845198	85.947
2.115981159	85.8513
2.115117826	85.9783
2.114255197	86.0174
2.113393271	86.1111
2.112532047	86.1209
2.111671525	86.1345
2.110811704	86.1795
2.109952583	86.1658
2.109094161	85.9529
2.108236437	85.9998
2.107379855	86.2576
2.106523524	86.3845
2.105667889	86.3826
2.104812949	86.3123
2.103958703	86.2986
2.103105151	86.1326
2.10225229	86.1736
2.101400121	86.4217
2.100548642	86.3904
2.099697853	86.3533
2.098847754	86.5799
2.097998342	86.7029
2.097149617	86.5857
2.096301579	86.6092
2.095454226	86.8045
2.094607559	86.7732
2.093761575	86.5174
2.092916274	86.4002
2.092071655	86.4763
2.091227718	86.3435
2.090384461	86.3123
2.089541885	86.2888
2.088699987	86.3455
2.087858767	86.3357
2.08701866	86.199
2.086178794	86.2439
2.085339604	86.4236
2.084501088	86.4998
2.083663247	86.3357
2.082826078	86.0545
2.081989583	85.906
2.081153758	85.9549
2.080318605	86.5545
2.079484122	86.8904
