Name: Labradorite (Feldspar) (NaSi,CaAl)AlSi_2O_8
Type: Mineral
Class: Silicates
Subclass: Tectosilicates
Particle Size: 125-500um
Sample No.: TS-2B
Owner: JPL
Wavelength range: IR
Origin: Canada, Quebec, Lake St. John
Collected by Ward's
Description:   





Measurement: Hemispherical reflectance
First Column: X
Second Column: Y
X Units:  Wavelength (micrometers)
Y Units:  Reflectance (percent)
First X Value: 15.3853
Last X Value: 2.00032
Number of X Values: 2256
Additional information: ts02ba.txt
 
15.3853	4.31651
15.3397	3.75754
15.2945	3.23189
15.2495	2.59756
15.2048	2.36823
15.1603	2.48653
15.1161	2.44976
15.0722	2.3038
15.0285	2.04003
14.9851	2.13558
14.9419	2.34474
14.8989	2.1906
14.8563	2.09707
14.8138	2.13771
14.7716	2.26411
14.7296	2.3033
14.6879	2.29812
14.6464	2.38888
14.6052	2.42611
14.5641	2.53978
14.5233	2.46024
14.4828	2.40998
14.4424	2.61931
14.4023	2.62437
14.3624	2.64062
14.3227	2.71302
14.2833	2.78824
14.244	2.89123
14.205	2.82002
14.1662	2.78961
14.1276	2.86709
14.0892	3.00138
14.051	3.14836
14.0131	3.15613
13.9753	3.15223
13.9377	3.04782
13.9004	3.04857
13.8632	3.30768
13.8262	3.34054
13.7895	3.3032
13.7529	3.37617
13.7165	3.28599
13.6803	3.36852
13.6443	3.46223
13.6085	3.16348
13.5729	3.13946
13.5374	3.53309
13.5022	3.75346
13.4671	3.75294
13.4322	3.74849
13.3975	3.8039
13.363	3.69579
13.3286	3.59046
13.2944	3.52199
13.2604	3.46729
13.2266	3.41311
13.193	3.28561
13.1595	3.17444
13.1262	3.26396
13.093	3.21255
13.06	3.1282
13.0272	3.14166
12.9946	3.11385
12.9621	3.15757
12.9298	3.14365
12.8976	3.06653
12.8656	3.06714
12.8337	3.05272
12.8021	2.97597
12.7705	2.83007
12.7391	2.75966
12.7079	2.71817
12.6769	2.7355
12.6459	2.93309
12.6152	2.92701
12.5845	2.89367
12.5541	2.95408
12.5238	2.89549
12.4936	2.79241
12.4635	2.87964
12.4337	3.0305
12.4039	3.10771
12.3743	3.15814
12.3448	3.26592
12.3155	3.3436
12.2863	3.32614
12.2573	3.35291
12.2284	3.51672
12.1996	3.55013
12.171	3.58571
12.1425	3.86267
12.1141	4.04115
12.0859	3.99627
12.0578	4.03173
12.0298	4.22875
12.0019	4.38116
11.9742	4.29752
11.9466	4.31854
11.9192	4.51236
11.8918	4.61386
11.8646	4.66586
11.8375	4.67564
11.8106	4.81612
11.7837	4.88473
11.757	4.95331
11.7304	5.06163
11.7039	5.07753
11.6776	5.18622
11.6513	5.31228
11.6252	5.44659
11.5992	5.45552
11.5733	5.50442
11.5475	5.62603
11.5219	5.71803
11.4963	5.77287
11.4709	5.97368
11.4455	6.27033
11.4203	6.43127
11.3952	6.47549
11.3702	6.60975
11.3454	6.84704
11.3206	7.04656
11.2959	7.17737
11.2714	7.28327
11.2469	7.47334
11.2226	7.76986
11.1983	8.04476
11.1742	8.29113
11.1502	8.52446
11.1263	8.68139
11.1024	8.81239
11.0787	8.95006
11.0551	9.24996
11.0316	9.42141
11.0081	9.64254
10.9848	10.0326
10.9616	10.2225
10.9385	10.3967
10.9154	10.5543
10.8925	10.6506
10.8697	10.8365
10.8469	11.0573
10.8243	11.1705
10.8017	11.2649
10.7793	11.3602
10.7569	11.4037
10.7346	11.714
10.7125	11.786
10.6904	11.7886
10.6684	11.8246
10.6465	11.9184
10.6247	12.0699
10.6029	12.1841
10.5813	12.3618
10.5597	12.4759
10.5383	12.5708
10.5169	12.6643
10.4956	12.6817
10.4744	12.6002
10.4533	12.5701
10.4323	12.5876
10.4113	12.5864
10.3904	12.4926
10.3697	12.3844
10.349	12.2895
10.3284	12.3437
10.3078	12.418
10.2874	12.3406
10.267	12.1938
10.2467	12.1884
10.2265	12.4176
10.2064	12.5913
10.1863	12.5964
10.1663	12.5889
10.1464	12.7236
10.1266	12.8443
10.1069	12.9843
10.0872	13.2024
10.0676	13.5009
10.0481	13.7197
10.0287	13.8728
10.0093	13.8594
9.99005	13.8346
9.97084	13.884
9.95169	13.867
9.93263	13.7916
9.91364	13.8149
9.89472	13.8539
9.87587	13.7001
9.8571	13.43
9.83839	13.2308
9.81976	13.2207
9.80119	13.0765
9.78271	12.8248
9.76428	12.605
9.74592	12.5481
9.72764	12.4978
9.70943	12.4258
9.69128	12.4333
9.6732	12.2939
9.65518	12.0391
9.63724	11.8779
9.61935	11.6913
9.60155	11.4565
9.5838	11.2345
9.56611	10.9751
9.5485	10.8355
9.53094	10.6242
9.51345	10.2236
9.49604	9.87655
9.47867	9.62061
9.46137	9.37184
9.44414	9.19139
9.42697	9.04087
9.40986	8.73314
9.39281	8.34491
9.37583	8.13646
9.35891	8.04683
9.34204	7.93766
9.32524	7.70469
9.3085	7.56298
9.29182	7.54512
9.27519	7.35276
9.25863	7.22653
9.24213	7.28287
9.22568	7.25847
9.2093	7.20662
9.19297	7.19797
9.17669	7.41484
9.16048	7.59727
9.14433	7.60182
9.12823	7.78226
9.11218	8.03913
9.0962	8.15425
9.08027	8.15982
9.06439	8.29567
9.04858	8.50192
9.03281	8.66558
9.0171	8.907
9.00145	9.0422
8.98585	9.10374
8.9703	9.38331
8.9548	9.49408
8.93937	9.48486
8.92398	9.54957
8.90865	9.67292
8.89337	9.76618
8.87814	9.88703
8.86296	10.0716
8.84784	10.2831
8.83277	10.343
8.81774	10.2948
8.80277	10.3097
8.78786	10.5594
8.77298	10.7162
8.75816	10.6709
8.7434	10.5896
8.72868	10.5659
8.714	10.5828
8.69938	10.5232
8.68481	10.4037
8.67029	10.3496
8.65581	10.2572
8.64139	10.145
8.62701	9.96547
8.61268	9.90999
8.5984	9.80631
8.58416	9.71315
8.56997	9.62282
8.55583	9.47239
8.54174	9.49388
8.52769	9.501
8.51368	9.39598
8.49973	9.27698
8.48582	9.18862
8.47195	9.10735
8.45813	9.12584
8.44436	9.06426
8.43062	8.92983
8.41693	8.76007
8.4033	8.62722
8.3897	8.4595
8.37614	8.22688
8.36264	7.99918
8.34917	7.70441
8.33574	7.15666
8.32236	6.69014
8.30903	6.26429
8.29573	5.72386
8.28248	5.07276
8.26927	4.50181
8.2561	3.96526
8.24298	3.41019
8.2299	2.91134
8.21685	2.44421
8.20385	2.10806
8.19089	1.7882
8.17797	1.50802
8.16509	1.36331
8.15225	1.23012
8.13946	1.11317
8.1267	0.965462
8.11398	0.845645
8.10131	0.745153
8.08867	0.628575
8.07606	0.637519
8.0635	0.716532
8.05099	0.5937
8.0385	0.505223
8.02606	0.530959
8.01366	0.461662
8.00129	0.429235
7.98896	0.521358
7.97667	0.567812
7.96442	0.485599
7.9522	0.504359
7.94002	0.439874
7.92788	0.344387
7.91578	0.430705
7.90371	0.525976
7.89168	0.553136
7.87969	0.508685
7.86773	0.448867
7.85581	0.454458
7.84392	0.496486
7.83207	0.514924
7.82026	0.589537
7.80849	0.671588
7.79674	0.687711
7.78503	0.60917
7.77337	0.535624
7.76173	0.518226
7.75012	0.586928
7.73856	0.555337
7.72703	0.502424
7.71553	0.559971
7.70406	0.676354
7.69263	0.746077
7.68123	0.764786
7.66987	0.74015
7.65855	0.759486
7.64725	0.732325
7.63598	0.652881
7.62475	0.724967
7.61356	0.781157
7.60239	0.719024
7.59126	0.723344
7.58017	0.833958
7.5691	0.834457
7.55806	0.714933
7.54707	0.713122
7.5361	0.807682
7.52516	0.858513
7.51425	0.86847
7.50338	0.837394
7.49253	0.862227
7.48172	0.925955
7.47094	0.974568
7.46019	0.931629
7.44947	0.917764
7.43879	1.00082
7.42813	1.02486
7.4175	1.04465
7.4069	1.02323
7.39634	1.00441
7.3858	1.08378
7.37529	1.11599
7.36482	1.06861
7.35437	1.06142
7.34396	1.13643
7.33357	1.13159
7.32321	1.14395
7.31288	1.12225
7.30258	1.10769
7.29231	1.15007
7.28207	1.13304
7.27185	1.10234
7.26167	1.14995
7.25152	1.1977
7.24139	1.16677
7.23129	1.15805
7.22122	1.26571
7.21117	1.31207
7.20116	1.30987
7.19117	1.28723
7.18121	1.30067
7.17128	1.20686
7.16137	1.22322
7.1515	1.3341
7.14164	1.38977
7.13182	1.40251
7.12203	1.37492
7.11225	1.32458
7.10251	1.35323
7.0928	1.39564
7.08311	1.40444
7.07344	1.37061
7.06381	1.41461
7.0542	1.39808
7.04461	1.42124
7.03506	1.5305
7.02552	1.53521
7.01601	1.51246
7.00653	1.47133
6.99708	1.46393
6.98765	1.49341
6.97824	1.51599
6.96886	1.56136
6.95951	1.50966
6.95018	1.47857
6.94087	1.54817
6.9316	1.57586
6.92234	1.50422
6.91311	1.51393
6.90391	1.47097
6.89473	1.45432
6.88557	1.52718
6.87644	1.59882
6.86733	1.66064
6.85824	1.70311
6.84918	1.67337
6.84015	1.72011
6.83114	1.75733
6.82215	1.68128
6.81319	1.60457
6.80424	1.64646
6.79532	1.67944
6.78643	1.63948
6.77756	1.63033
6.76871	1.64959
6.75989	1.73171
6.75109	1.72153
6.74231	1.69884
6.73355	1.72173
6.72482	1.76737
6.71611	1.7644
6.70742	1.69343
6.69875	1.65835
6.69011	1.79012
6.68149	1.8723
6.67289	1.79085
6.66431	1.75036
6.65576	1.82262
6.64722	1.848
6.63871	1.86845
6.63022	1.84537
6.62175	1.83437
6.61331	1.84092
6.60488	1.7846
6.59648	1.78059
6.5881	1.84593
6.57974	1.88366
6.5714	1.8777
6.56308	1.86752
6.55478	1.80312
6.54651	1.88952
6.53825	1.97378
6.53001	1.91329
6.5218	1.86619
6.51361	1.88193
6.50544	1.96486
6.49729	1.98135
6.48915	1.95104
6.48104	1.85485
6.47295	1.8678
6.46488	1.90974
6.45683	1.89909
6.4488	1.87931
6.44079	1.91658
6.4328	1.91815
6.42482	1.9236
6.41687	2.05436
6.40894	2.06294
6.40103	1.98292
6.39314	1.87118
6.38526	1.82876
6.37741	1.80595
6.36957	1.83705
6.36176	1.86303
6.35396	1.84929
6.34618	1.85816
6.33843	1.74914
6.33069	1.76069
6.32297	1.83915
6.31527	1.84757
6.30758	1.86378
6.29992	1.84612
6.29227	1.72905
6.28465	1.77458
6.27704	1.84196
6.26945	1.76039
6.26188	1.70642
6.25432	1.81356
6.24679	1.87773
6.23927	1.84315
6.23177	1.84646
6.22429	1.87665
6.21683	1.91926
6.20938	1.87983
6.20195	1.75629
6.19454	1.7164
6.18715	1.80265
6.17978	1.86875
6.17242	1.85527
6.16508	1.80113
6.15776	1.74232
6.15045	1.69843
6.14317	1.86186
6.1359	1.90385
6.12864	1.82022
6.12141	1.85874
6.11419	1.93424
6.10699	1.9322
6.0998	1.90496
6.09263	1.85878
6.08549	1.87178
6.07835	1.91636
6.07123	1.9019
6.06413	1.88771
6.05705	1.85387
6.04998	1.83339
6.04293	1.89037
6.0359	1.91632
6.02888	1.91132
6.02187	1.86319
6.01489	1.82508
6.00792	1.86402
6.00096	1.95437
5.99403	1.9638
5.98711	1.90111
5.9802	1.94864
5.97331	1.96411
5.96644	1.92919
5.95958	1.89666
5.95274	1.92733
5.94591	1.95459
5.9391	2.00548
5.9323	2.05983
5.92552	2.07756
5.91876	2.02078
5.91201	2.04058
5.90528	2.05643
5.89856	2.07855
5.89186	2.12616
5.88517	2.19502
5.8785	2.158
5.87184	2.07758
5.8652	2.12662
5.85857	2.17518
5.85196	2.21214
5.84536	2.22899
5.83878	2.14416
5.83221	2.17547
5.82566	2.27721
5.81912	2.2123
5.81259	2.12572
5.80608	2.10842
5.79959	2.09452
5.79311	2.18575
5.78665	2.28285
5.78019	2.25266
5.77376	2.19698
5.76734	2.24896
5.76093	2.28358
5.75453	2.25896
5.74815	2.26826
5.74179	2.26802
5.73543	2.32766
5.7291	2.39808
5.72277	2.36976
5.71646	2.33742
5.71017	2.29582
5.70389	2.28663
5.69762	2.33989
5.69136	2.41056
5.68513	2.42884
5.6789	2.42682
5.67268	2.39942
5.66648	2.38264
5.6603	2.38979
5.65413	2.36716
5.64797	2.34732
5.64182	2.34482
5.63569	2.44709
5.62957	2.5641
5.62347	2.5265
5.61737	2.59028
5.61129	2.58635
5.60522	2.50652
5.59917	2.50397
5.59313	2.51331
5.5871	2.55792
5.58109	2.61131
5.57509	2.6315
5.5691	2.5914
5.56312	2.5361
5.55716	2.52793
5.55121	2.59007
5.54528	2.60886
5.53935	2.62155
5.53344	2.6468
5.52754	2.72599
5.52166	2.78289
5.51578	2.7645
5.50992	2.71406
5.50407	2.72864
5.49823	2.78051
5.49241	2.79343
5.4866	2.79135
5.4808	2.80617
5.47501	2.78636
5.46923	2.84284
5.46347	2.91204
5.45772	2.92787
5.45198	2.96753
5.44625	3.00602
5.44054	2.97318
5.43484	3.00127
5.42914	3.07649
5.42347	3.11716
5.4178	3.08907
5.41214	3.06751
5.4065	3.08288
5.40087	3.11916
5.39525	3.13556
5.38964	3.22845
5.38404	3.30652
5.37846	3.27999
5.37288	3.30064
5.36732	3.34823
5.36177	3.35688
5.35623	3.37485
5.35071	3.34881
5.34519	3.42152
5.33968	3.47377
5.33419	3.51756
5.32871	3.59039
5.32324	3.5862
5.31778	3.57429
5.31233	3.58979
5.30689	3.572
5.30147	3.59139
5.29605	3.71525
5.29065	3.74686
5.28525	3.75214
5.27987	3.76978
5.2745	3.71175
5.26914	3.75658
5.26379	3.8495
5.25845	3.89236
5.25312	3.93703
5.24781	3.89761
5.2425	3.91189
5.23721	3.96373
5.23192	4.06385
5.22665	4.15734
5.22138	4.18284
5.21613	4.19406
5.21089	4.22219
5.20566	4.21
5.20044	4.24172
5.19522	4.28667
5.19002	4.29351
5.18483	4.35588
5.17965	4.42949
5.17448	4.48578
5.16933	4.54343
5.16418	4.61997
5.15904	4.66418
5.15391	4.71144
5.14879	4.83488
5.14368	4.97937
5.13859	5.0374
5.1335	5.04147
5.12842	5.0706
5.12335	5.13874
5.1183	5.23471
5.11325	5.32266
5.10821	5.44633
5.10318	5.55168
5.09817	5.57452
5.09316	5.63973
5.08816	5.8066
5.08317	5.92916
5.07819	6.07487
5.07322	6.11021
5.06826	6.126
5.06331	6.24345
5.05837	6.34231
5.05344	6.42198
5.04852	6.48645
5.04361	6.60443
5.03871	6.74135
5.03382	6.86866
5.02894	6.98521
5.02406	7.0657
5.0192	7.15696
5.01435	7.26578
5.0095	7.3637
5.00467	7.4662
4.99984	7.53896
4.99502	7.52751
4.99021	7.58142
4.98542	7.71349
4.98063	7.80838
4.97585	7.87756
4.97108	7.96267
4.96632	8.03476
4.96156	8.04419
4.95682	8.15834
4.95209	8.21431
4.94736	8.21416
4.94264	8.3147
4.93794	8.43056
4.93324	8.43103
4.92855	8.42907
4.92387	8.50097
4.9192	8.55865
4.91453	8.65003
4.90988	8.66973
4.90524	8.71463
4.9006	8.80467
4.89597	8.83591
4.89135	8.89919
4.88674	9.00246
4.88214	9.13212
4.87755	9.18844
4.87296	9.12679
4.86839	9.09494
4.86382	9.16588
4.85926	9.2214
4.85471	9.295
4.85017	9.32326
4.84564	9.38195
4.84111	9.45231
4.8366	9.48673
4.83209	9.50526
4.82759	9.54478
4.8231	9.60772
4.81862	9.68187
4.81415	9.75164
4.80968	9.81897
4.80522	9.93208
4.80077	9.93945
4.79633	9.97283
4.7919	10.017
4.78747	10.0135
4.78306	10.1292
4.77865	10.2431
4.77425	10.3257
4.76986	10.3158
4.76547	10.3517
4.7611	10.4509
4.75673	10.5039
4.75237	10.5646
4.74802	10.6138
4.74367	10.6683
4.73934	10.6754
4.73501	10.7918
4.73069	10.8806
4.72638	10.9379
4.72207	10.9998
4.71777	11.0617
4.71348	11.1963
4.7092	11.2589
4.70493	11.2636
4.70066	11.3557
4.69641	11.5043
4.69216	11.6406
4.68791	11.7524
4.68368	11.8303
4.67945	11.8805
4.67523	12.0123
4.67102	12.1543
4.66682	12.2681
4.66262	12.3587
4.65843	12.408
4.65425	12.5587
4.65007	12.7595
4.64591	12.8705
4.64175	12.9928
4.6376	13.1289
4.63345	13.2571
4.62932	13.3668
4.62519	13.5235
4.62106	13.6917
4.61695	13.7649
4.61284	13.8593
4.60874	14.0787
4.60465	14.3159
4.60056	14.4478
4.59648	14.5537
4.59241	14.6786
4.58835	14.8209
4.58429	15.0424
4.58024	15.2596
4.5762	15.3734
4.57216	15.4676
4.56814	15.6297
4.56411	15.7517
4.5601	15.9112
4.55609	16.1296
4.55209	16.3026
4.5481	16.4213
4.54411	16.5019
4.54013	16.7337
4.53616	16.9802
4.5322	17.1344
4.52824	17.1996
4.52429	17.3595
4.52034	17.5686
4.51641	17.7542
4.51247	17.8666
4.50855	18.0217
4.50463	18.1744
4.50072	18.2581
4.49682	18.4071
4.49292	18.5077
4.48903	18.6585
4.48515	18.8227
4.48127	19.018
4.4774	19.2072
4.47354	19.3186
4.46968	19.4463
4.46584	19.558
4.46199	19.6915
4.45815	19.8357
4.45432	19.9783
4.4505	20.11
4.44668	20.2324
4.44287	20.2759
4.43907	20.4084
4.43527	20.6525
4.43148	20.8554
4.4277	20.9414
4.42392	20.9811
4.42015	21.015
4.41638	21.092
4.41262	21.2608
4.40887	21.4693
4.40513	21.6696
4.40139	21.791
4.39765	21.8847
4.39393	22.0557
4.39021	22.1788
4.38649	22.2606
4.38278	22.3886
4.37908	22.5481
4.37539	22.728
4.3717	22.9156
4.36801	23.0418
4.36434	23.1248
4.36067	23.1988
4.357	23.3336
4.35335	23.5439
4.34969	23.6478
4.34605	23.6628
4.34241	23.7673
4.33877	23.9352
4.33514	23.9998
4.33152	24.0891
4.32791	24.1736
4.3243	24.2655
4.32069	24.3594
4.3171	24.3878
4.31351	24.3689
4.30992	24.3724
4.30634	24.4363
4.30277	24.5491
4.2992	24.6064
4.29564	24.5778
4.29208	24.6652
4.28853	24.7657
4.28499	24.8721
4.28145	24.9995
4.27792	25.1009
4.27439	25.1887
4.27087	25.3067
4.26735	25.443
4.26384	25.6847
4.26034	26.0293
4.25684	26.3277
4.25335	26.3696
4.24986	26.2461
4.24638	26.2993
4.24291	26.3826
4.23944	26.5129
4.23598	26.6734
4.23252	26.6938
4.22906	26.7768
4.22562	26.9657
4.22218	27.1592
4.21874	27.4632
4.21531	27.7121
4.21189	27.9022
4.20847	28.0933
4.20506	28.1931
4.20165	28.3048
4.19825	28.4755
4.19485	28.6372
4.19146	28.6524
4.18807	28.6404
4.18469	28.7775
4.18132	28.8415
4.17795	28.8563
4.17458	28.9832
4.17123	29.1135
4.16787	29.1462
4.16453	29.1794
4.16118	29.2417
4.15785	29.2483
4.15451	29.2534
4.15119	29.2465
4.14787	29.2808
4.14455	29.2987
4.14124	29.3371
4.13794	29.3877
4.13464	29.4035
4.13134	29.4022
4.12805	29.4267
4.12477	29.4993
4.12149	29.5077
4.11822	29.4749
4.11495	29.591
4.11168	29.6066
4.10843	29.5844
4.10517	29.5848
4.10192	29.5624
4.09868	29.5363
4.09545	29.5979
4.09221	29.5815
4.08899	29.5818
4.08576	29.623
4.08255	29.6607
4.07933	29.6615
4.07613	29.6026
4.07292	29.5489
4.06973	29.539
4.06654	29.5613
4.06335	29.5397
4.06017	29.5136
4.05699	29.6116
4.05382	29.6602
4.05065	29.5647
4.04749	29.4799
4.04433	29.4908
4.04118	29.4305
4.03803	29.396
4.03489	29.3593
4.03175	29.2696
4.02862	29.108
4.02549	28.9552
4.02237	28.9078
4.01925	28.868
4.01614	28.7496
4.01303	28.6828
4.00993	28.6116
4.00683	28.425
4.00373	28.1675
4.00064	27.9143
3.99756	27.6202
3.99448	27.3972
3.9914	27.2731
3.98833	27.1076
3.98527	26.9448
3.98221	26.8316
3.97915	26.8229
3.9761	26.871
3.97305	26.9667
3.97001	27.0479
3.96697	27.0941
3.96394	27.2191
3.96091	27.3887
3.95789	27.5275
3.95487	27.7213
3.95186	27.971
3.94885	28.1865
3.94584	28.3731
3.94284	28.5689
3.93984	28.6715
3.93685	28.7064
3.93386	28.8038
3.93088	28.8515
3.9279	28.8409
3.92493	28.9387
3.92196	29.0578
3.919	29.0291
3.91604	29.032
3.91308	29.0392
3.91013	28.9633
3.90718	29.053
3.90424	29.2385
3.9013	29.1798
3.89837	29.0521
3.89544	29.153
3.89252	29.2314
3.8896	29.2148
3.88668	29.1505
3.88377	29.1572
3.88086	29.2496
3.87796	29.2894
3.87506	29.3128
3.87217	29.2675
3.86928	29.1984
3.86639	29.2211
3.86351	29.2307
3.86064	29.2354
3.85776	29.2957
3.8549	29.262
3.85203	29.3096
3.84917	29.3937
3.84631	29.4141
3.84346	29.3994
3.84062	29.3943
3.83777	29.4093
3.83494	29.4634
3.8321	29.5035
3.82927	29.6177
3.82644	29.7224
3.82362	29.7016
3.82081	29.7581
3.81799	29.7727
3.81518	29.765
3.81238	29.8751
3.80958	29.9928
3.80678	29.9713
3.80399	30.0148
3.8012	30.0764
3.79841	30.1233
3.79563	30.2199
3.79286	30.2009
3.79008	30.1796
3.78731	30.1763
3.78455	30.1433
3.78179	30.0975
3.77903	30.1392
3.77628	30.2094
3.77353	30.178
3.77079	30.1558
3.76805	30.2603
3.76531	30.3257
3.76258	30.2069
3.75985	30.1756
3.75713	30.1256
3.7544	30.0312
3.75169	30.0644
3.74898	30.0785
3.74627	30.0976
3.74356	30.1399
3.74086	30.1222
3.73816	30.0968
3.73547	30.1316
3.73278	30.1723
3.7301	30.099
3.72741	30.0106
3.72474	29.9977
3.72206	29.995
3.71939	29.997
3.71673	29.9713
3.71406	29.9852
3.71141	29.9519
3.70875	29.9567
3.7061	29.9991
3.70345	29.9699
3.70081	29.9164
3.69817	29.9176
3.69553	29.83
3.6929	29.7945
3.69027	29.8513
3.68765	29.7825
3.68503	29.7475
3.68241	29.7964
3.6798	29.8062
3.67719	29.7741
3.67458	29.7303
3.67198	29.6932
3.66938	29.6163
3.66678	29.5542
3.66419	29.594
3.66161	29.6362
3.65902	29.5652
3.65644	29.518
3.65387	29.4162
3.65129	29.4285
3.64872	29.4574
3.64616	29.3947
3.64359	29.3885
3.64103	29.4089
3.63848	29.4034
3.63593	29.3772
3.63338	29.4141
3.63084	29.3879
3.6283	29.209
3.62576	29.0841
3.62322	29.1072
3.62069	29.1737
3.61817	29.231
3.61564	29.2259
3.61312	29.1284
3.61061	28.9925
3.6081	28.9205
3.60559	28.934
3.60308	29.0108
3.60058	28.9879
3.59808	28.9489
3.59558	28.9209
3.59309	28.799
3.59061	28.7501
3.58812	28.6584
3.58564	28.4613
3.58316	28.4897
3.58069	28.545
3.57822	28.4881
3.57575	28.5176
3.57328	28.4644
3.57082	28.3698
3.56836	28.4099
3.56591	28.3726
3.56346	28.3061
3.56101	28.2763
3.55857	28.2231
3.55613	28.2192
3.55369	28.2077
3.55126	28.1356
3.54883	28.0824
3.5464	28.0702
3.54397	27.8904
3.54155	27.7353
3.53914	27.6798
3.53672	27.658
3.53431	27.6418
3.5319	27.714
3.5295	27.6532
3.5271	27.4704
3.5247	27.3882
3.52231	27.3184
3.51991	27.209
3.51753	27.1042
3.51514	27.0094
3.51276	26.8786
3.51038	26.774
3.50801	26.715
3.50563	26.5954
3.50327	26.5646
3.5009	26.5907
3.49854	26.4399
3.49618	26.2361
3.49382	26.1191
3.49147	26.1341
3.48912	26.1299
3.48677	26.0714
3.48443	26.0455
3.48209	25.9729
3.47975	25.8583
3.47742	25.8577
3.47509	25.848
3.47276	25.8506
3.47044	25.953
3.46812	25.9646
3.4658	25.9401
3.46348	25.9668
3.46117	26.0135
3.45886	26.1318
3.45656	26.1825
3.45425	26.1413
3.45195	26.0683
3.44966	26.0226
3.44736	25.9697
3.44507	25.9453
3.44279	25.8691
3.4405	25.8031
3.43822	25.7961
3.43594	25.7483
3.43367	25.7617
3.43139	25.7437
3.42912	25.6497
3.42686	25.5729
3.42459	25.4836
3.42233	25.4213
3.42007	25.3295
3.41782	25.1724
3.41557	25.1436
3.41332	25.1443
3.41108	25.1696
3.40883	25.1406
3.40659	25.0618
3.40435	25.0054
3.40212	24.9696
3.39989	24.9544
3.39766	24.8976
3.39544	24.8017
3.39322	24.7732
3.391	24.6714
3.38878	24.5749
3.38657	24.5651
3.38436	24.4492
3.38215	24.512
3.37994	24.4906
3.37774	24.3108
3.37554	24.2731
3.37335	24.2691
3.37115	24.1631
3.36896	24.1318
3.36678	24.1463
3.36459	24.0212
3.36241	23.917
3.36023	23.8482
3.35805	23.786
3.35588	23.6978
3.35371	23.5407
3.35154	23.4865
3.34938	23.3969
3.34721	23.3605
3.34505	23.535
3.3429	23.5876
3.34074	23.6072
3.33859	23.6494
3.33644	23.6519
3.3343	23.74
3.33215	23.7918
3.33001	23.6233
3.32788	23.4211
3.32574	23.4058
3.32361	23.3944
3.32148	23.3191
3.31936	23.2729
3.31723	23.2778
3.31511	23.2091
3.31299	23.1877
3.31088	23.2186
3.30876	23.1347
3.30665	23.0265
3.30455	22.9359
3.30244	22.8941
3.30034	22.817
3.29824	22.7666
3.29614	22.696
3.29405	22.6275
3.29196	22.6055
3.28987	22.5605
3.28778	22.518
3.2857	22.5136
3.28362	22.5043
3.28154	22.4296
3.27946	22.3316
3.27739	22.3042
3.27532	22.2252
3.27325	22.0737
3.27119	22.0763
3.26913	22.027
3.26707	21.8808
3.26501	21.8866
3.26295	21.9491
3.2609	21.8621
3.25885	21.5556
3.2568	21.4948
3.25476	21.5494
3.25272	21.5112
3.25068	21.3769
3.24864	21.3266
3.24661	21.2682
3.24458	21.2165
3.24255	21.1192
3.24052	21.1526
3.2385	21.1905
3.23648	21.0175
3.23446	20.8549
3.23244	20.7293
3.23043	20.6666
3.22841	20.6929
3.2264	20.6627
3.2244	20.5408
3.22239	20.6233
3.22039	20.7379
3.21839	20.5949
3.2164	20.3967
3.2144	20.3514
3.21241	20.3163
3.21042	20.1806
3.20844	20.0495
3.20645	19.9737
3.20447	19.9127
3.20249	19.8086
3.20051	19.8067
3.19854	19.8902
3.19657	19.8949
3.1946	19.7419
3.19263	19.5191
3.19067	19.4522
3.1887	19.4166
3.18674	19.3893
3.18479	19.3238
3.18283	19.1589
3.18088	19.0936
3.17893	19.0969
3.17698	19.0884
3.17504	18.9519
3.17309	18.8559
3.17115	18.8062
3.16921	18.662
3.16728	18.5401
3.16534	18.5447
3.16341	18.5462
3.16148	18.5205
3.15956	18.3762
3.15763	18.3774
3.15571	18.3762
3.15379	18.172
3.15187	18.0203
3.14996	17.9522
3.14805	17.8705
3.14614	17.8507
3.14423	17.6766
3.14232	17.7016
3.14042	17.7688
3.13852	17.7027
3.13662	17.6604
3.13472	17.6084
3.13283	17.4583
3.13094	17.3965
3.12905	17.4219
3.12716	17.3522
3.12528	17.3121
3.12339	17.1991
3.12151	17.0857
3.11964	17.0226
3.11776	16.9112
3.11589	16.9535
3.11401	16.973
3.11214	16.9274
3.11028	16.8613
3.10841	16.816
3.10655	16.6777
3.10469	16.481
3.10283	16.4511
3.10098	16.4428
3.09912	16.4097
3.09727	16.3787
3.09542	16.343
3.09358	16.3289
3.09173	16.3481
3.08989	16.2978
3.08805	16.1885
3.08621	16.0894
3.08437	16.0481
3.08254	16.083
3.08071	16.1091
3.07888	15.9906
3.07705	15.7908
3.07523	15.8197
3.0734	15.7869
3.07158	15.6412
3.06977	15.5964
3.06795	15.5861
3.06613	15.5554
3.06432	15.4598
3.06251	15.3809
3.0607	15.3589
3.0589	15.5128
3.0571	15.5016
3.05529	15.2709
3.05349	15.2856
3.0517	15.2974
3.0499	15.1899
3.04811	15.1582
3.04632	15.1448
3.04453	15.1104
3.04274	15.0015
3.04096	14.9155
3.03918	14.8082
3.0374	14.7182
3.03562	14.6637
3.03384	14.7256
3.03207	14.7515
3.03029	14.6189
3.02852	14.6288
3.02676	14.6765
3.02499	14.5339
3.02323	14.4585
3.02146	14.4267
3.0197	14.4279
3.01795	14.4709
3.01619	14.4575
3.01444	14.487
3.01269	14.462
3.01094	14.4227
3.00919	14.3039
3.00744	14.1224
3.0057	14.0202
3.00396	14.0855
3.00222	14.0886
3.00048	13.9977
2.99875	14.004
2.99701	13.8612
2.99528	13.7238
2.99355	13.6388
2.99183	13.6586
2.9901	13.6593
2.98838	13.664
2.98666	13.6942
2.98494	13.6416
2.98322	13.4738
2.9815	13.42
2.97979	13.4425
2.97808	13.3613
2.97637	13.3735
2.97466	13.3021
2.97295	13.3031
2.97125	13.386
2.96955	13.3781
2.96785	13.3399
2.96615	13.2638
2.96446	13.2317
2.96276	13.1847
2.96107	13.074
2.95938	12.942
2.95769	12.9213
2.95601	12.9844
2.95432	12.7717
2.95264	12.683
2.95096	12.8219
2.94928	12.8233
2.9476	12.7487
2.94593	12.7756
2.94425	12.9037
2.94258	12.8774
2.94092	12.6964
2.93925	12.6978
2.93758	12.6754
2.93592	12.6524
2.93426	12.6737
2.9326	12.6769
2.93094	12.6892
2.92928	12.7012
2.92763	12.6657
2.92598	12.636
2.92433	12.74
2.92268	12.9118
2.92103	12.7741
2.91939	12.6147
2.91775	12.6295
2.9161	12.5982
2.91447	12.6804
2.91283	12.7333
2.91119	12.6572
2.90956	12.6051
2.90793	12.5275
2.9063	12.4932
2.90467	12.5878
2.90304	12.7422
2.90142	12.7141
2.89979	12.602
2.89817	12.671
2.89656	12.6543
2.89494	12.6481
2.89332	12.6695
2.89171	12.7074
2.8901	12.7084
2.88849	12.6633
2.88688	12.6709
2.88527	12.7098
2.88367	12.7233
2.88206	12.734
2.88046	12.7567
2.87886	12.7354
2.87727	12.63
2.87567	12.7197
2.87408	12.7724
2.87248	12.7775
2.87089	12.7964
2.8693	12.7422
2.86772	12.8291
2.86613	12.8534
2.86455	12.7553
2.86297	12.7229
2.86139	12.7555
2.85981	12.8941
2.85823	12.899
2.85666	12.8003
2.85508	12.8629
2.85351	12.9337
2.85194	12.7669
2.85038	12.6701
2.84881	12.6346
2.84724	12.5819
2.84568	12.7353
2.84412	12.8743
2.84256	12.7573
2.841	12.7438
2.83945	12.6181
2.83789	12.55
2.83634	12.6843
2.83479	12.717
2.83324	12.648
2.83169	12.6345
2.83015	12.6715
2.82861	12.7667
2.82706	12.6379
2.82552	12.4812
2.82398	12.6243
2.82245	12.7665
2.82091	12.8617
2.81938	12.8313
2.81784	12.7564
2.81631	12.6222
2.81479	12.5035
2.81326	12.5924
2.81173	12.7475
2.81021	12.7789
2.80869	12.8673
2.80716	12.7826
2.80565	12.6931
2.80413	12.7264
2.80261	12.5855
2.8011	12.4286
2.79959	12.5532
2.79808	12.6648
2.79657	12.5774
2.79506	12.5679
2.79355	12.6053
2.79205	12.3586
2.79055	12.1367
2.78904	12.2762
2.78754	12.4583
2.78605	12.4702
2.78455	12.2751
2.78306	12.2542
2.78156	12.2222
2.78007	12.0081
2.77858	11.814
2.77709	11.5462
2.77561	11.3954
2.77412	11.35
2.77264	11.4312
2.77116	11.4626
2.76968	11.314
2.7682	11.2722
2.76672	11.1095
2.76524	10.9861
2.76377	10.904
2.7623	10.9695
2.76083	10.8612
2.75936	10.8573
2.75789	10.9512
2.75642	11.0564
2.75496	11.2231
2.7535	11.264
2.75203	11.2455
2.75057	11.2229
2.74912	11.1892
2.74766	11.1805
2.7462	11.2385
2.74475	11.3289
2.7433	11.4616
2.74185	11.8312
2.7404	12.2534
2.73895	12.1554
2.7375	12.0405
2.73606	12.2793
2.73462	12.5183
2.73318	12.5807
2.73174	12.7798
2.7303	13.0603
2.72886	13.197
2.72742	13.3867
2.72599	13.7866
2.72456	14.0868
2.72313	14.2397
2.7217	14.7087
2.72027	15.1713
2.71884	15.4611
2.71742	15.8427
2.71599	16.2012
2.71457	16.6917
2.71315	17.3365
2.71173	17.8772
2.71032	18.2628
2.7089	18.652
2.70748	18.9972
2.70607	19.3242
2.70466	19.8642
2.70325	20.4483
2.70184	21.0247
2.70043	21.387
2.69903	21.7237
2.69762	22.1939
2.69622	22.6502
2.69482	23.1838
2.69342	23.5948
2.69202	23.6535
2.69062	23.8148
2.68923	24.2648
2.68783	24.5574
2.68644	24.6997
2.68505	24.75
2.68366	24.8849
2.68227	24.9571
2.68089	25.0076
2.6795	25.3019
2.67812	25.496
2.67673	25.7438
2.67535	25.7768
2.67397	25.7285
2.6726	25.8276
2.67122	26.2378
2.66984	26.3944
2.66847	26.1925
2.6671	26.3874
2.66572	26.4323
2.66435	26.3434
2.66299	26.1077
2.66162	26.0912
2.66025	26.1054
2.65889	26.0643
2.65753	25.9325
2.65616	25.9458
2.65481	25.9076
2.65345	25.909
2.65209	25.9448
2.65073	25.9932
2.64938	25.8311
2.64803	25.794
2.64667	26.0039
2.64532	26.0794
2.64397	26.0361
2.64263	26.0334
2.64128	25.9965
2.63994	25.916
2.63859	25.8996
2.63725	25.9781
2.63591	26.0559
2.63457	26.0917
2.63323	26.0163
2.6319	26.1456
2.63056	26.4975
2.62923	26.2446
2.62789	26.1195
2.62656	26.3717
2.62523	26.0222
2.6239	25.863
2.62258	25.8839
2.62125	26.1844
2.61993	26.2458
2.6186	26.127
2.61728	26.4314
2.61596	26.3637
2.61464	25.9565
2.61332	25.9376
2.61201	25.9065
2.61069	25.8698
2.60938	25.9481
2.60807	26.0771
2.60675	26.4447
2.60544	26.6917
2.60414	26.2767
2.60283	26.0352
2.60152	25.9671
2.60022	25.9098
2.59891	25.8105
2.59761	25.944
2.59631	26.3318
2.59501	26.9374
2.59371	26.6216
2.59242	26.03
2.59112	25.7959
2.58983	25.8087
2.58853	25.8988
2.58724	25.9534
2.58595	25.8667
2.58466	26.1073
2.58338	26.2208
2.58209	26.0225
2.5808	25.9604
2.57952	25.9101
2.57824	25.9399
2.57695	26.0805
2.57567	25.9513
2.5744	26.0135
2.57312	26.0486
2.57184	25.7242
2.57057	25.7869
2.56929	25.8805
2.56802	25.7353
2.56675	25.6541
2.56548	25.7574
2.56421	25.9422
2.56294	26.0354
2.56168	26.0072
2.56041	25.8798
2.55915	25.7078
2.55789	25.6303
2.55662	25.6066
2.55536	25.6724
2.5541	25.6665
2.55285	25.6106
2.55159	25.4574
2.55034	25.4427
2.54908	25.4906
2.54783	25.6287
2.54658	25.6602
2.54533	25.6627
2.54408	25.6249
2.54283	25.5151
2.54159	25.4611
2.54034	25.3203
2.5391	25.336
2.53785	25.4006
2.53661	25.5449
2.53537	25.6067
2.53413	25.4307
2.53289	25.2998
2.53166	25.3482
2.53042	25.4069
2.52919	25.4297
2.52795	25.4248
2.52672	25.2927
2.52549	25.2284
2.52426	25.3185
2.52303	25.3367
2.52181	25.2738
2.52058	25.2009
2.51936	25.2118
2.51813	25.0833
2.51691	24.9866
2.51569	25.0792
2.51447	25.255
2.51325	25.2255
2.51203	25.1591
2.51082	25.196
2.5096	25.2889
2.50839	25.2502
2.50717	25.2045
2.50596	25.2905
2.50475	25.3818
2.50354	25.321
2.50233	25.1639
2.50113	25.0869
2.49992	25.0538
2.49872	25.0851
2.49751	25.1789
2.49631	25.1367
2.49511	25.1526
2.49391	25.1131
2.49271	25.0835
2.49151	25.155
2.49031	25.128
2.48912	25.0728
2.48792	25.133
2.48673	25.0881
2.48554	24.9573
2.48435	25.0779
2.48316	25.1774
2.48197	25.0637
2.48078	24.931
2.4796	24.9886
2.47841	25.0459
2.47723	25.0889
2.47604	25.0108
2.47486	24.9473
2.47368	24.8961
2.4725	24.9189
2.47132	25.0294
2.47014	24.9671
2.46897	24.9749
2.46779	25.0197
2.46662	25.0264
2.46545	25.0185
2.46427	25.03
2.4631	24.9062
2.46193	24.7967
2.46077	24.9359
2.4596	24.9784
2.45843	24.9905
2.45727	24.9248
2.4561	24.8185
2.45494	24.8003
2.45378	24.7929
2.45262	24.8304
2.45146	24.8026
2.4503	24.8866
2.44914	24.9182
2.44799	24.7575
2.44683	24.6748
2.44568	24.7581
2.44452	24.9431
2.44337	24.9734
2.44222	25.042
2.44107	24.9475
2.43992	24.8705
2.43877	24.9388
2.43763	24.8466
2.43648	24.8722
2.43534	24.9291
2.43419	24.9735
2.43305	24.9933
2.43191	24.8282
2.43077	24.6869
2.42963	24.7595
2.42849	24.7354
2.42736	24.6912
2.42622	24.7075
2.42509	24.6405
2.42395	24.5607
2.42282	24.7576
2.42169	24.9151
2.42056	24.8788
2.41943	24.8606
2.4183	24.8435
2.41717	24.7552
2.41605	24.7732
2.41492	24.7866
2.4138	24.7093
2.41267	24.6385
2.41155	24.764
2.41043	24.7324
2.40931	24.6809
2.40819	24.7006
2.40707	24.6921
2.40595	24.74
2.40484	24.7828
2.40372	24.7123
2.40261	24.6179
2.4015	24.622
2.40039	24.7333
2.39928	24.8583
2.39817	24.8339
2.39706	24.6485
2.39595	24.6769
2.39484	24.8343
2.39374	24.739
2.39263	24.6321
2.39153	24.553
2.39043	24.6023
2.38932	24.578
2.38822	24.5963
2.38712	24.6069
2.38603	24.5568
2.38493	24.6147
2.38383	24.6014
2.38274	24.5576
2.38164	24.4746
2.38055	24.4993
2.37946	24.5793
2.37836	24.5703
2.37727	24.5383
2.37618	24.5703
2.3751	24.6653
2.37401	24.6324
2.37292	24.5251
2.37184	24.4257
2.37075	24.3597
2.36967	24.5323
2.36859	24.6353
2.3675	24.6374
2.36642	24.6703
2.36534	24.6195
2.36427	24.5044
2.36319	24.4655
2.36211	24.4967
2.36104	24.3918
2.35996	24.3735
2.35889	24.334
2.35781	24.4794
2.35674	24.6017
2.35567	24.4009
2.3546	24.2348
2.35353	24.2626
2.35247	24.3314
2.3514	24.423
2.35033	24.3992
2.34927	24.2829
2.3482	24.143
2.34714	24.22
2.34608	24.3701
2.34502	24.3269
2.34396	24.2683
2.3429	24.2694
2.34184	24.3326
2.34078	24.2849
2.33973	24.2757
2.33867	24.1244
2.33762	24.1142
2.33656	24.2098
2.33551	24.2249
2.33446	24.3479
2.33341	24.3979
2.33236	24.3317
2.33131	24.2922
2.33026	24.0838
2.32922	24.0089
2.32817	24.245
2.32712	24.2957
2.32608	24.1759
2.32504	24.146
2.324	24.1936
2.32295	24.3702
2.32191	24.2346
2.32087	24.1363
2.31984	24.1293
2.3188	24.1388
2.31776	24.1978
2.31673	24.2279
2.31569	24.1322
2.31466	24.052
2.31362	24.011
2.31259	24.1454
2.31156	24.0743
2.31053	24.0209
2.3095	24.1278
2.30847	24.1401
2.30745	24.2481
2.30642	24.2202
2.3054	24.2402
2.30437	24.4035
2.30335	24.395
2.30232	24.2528
2.3013	24.0156
2.30028	23.9993
2.29926	24.2129
2.29824	24.0825
2.29722	23.853
2.29621	23.8935
2.29519	24.105
2.29417	24.3586
2.29316	24.2816
2.29215	24.2601
2.29113	24.3898
2.29012	24.3918
2.28911	24.3356
2.2881	24.2588
2.28709	24.0763
2.28608	23.8508
2.28507	23.9795
2.28407	24.2678
2.28306	24.1784
2.28206	24.1292
2.28105	24.205
2.28005	24.2264
2.27905	24.1969
2.27805	24.3309
2.27705	24.3264
2.27605	24.1323
2.27505	24.1041
2.27405	24.1763
2.27305	24.1347
2.27206	24.1989
2.27106	24.1505
2.27007	24.0251
2.26907	23.9336
2.26808	24.0188
2.26709	24.0945
2.2661	24.0135
2.26511	24.0276
2.26412	23.9576
2.26313	24.0037
2.26214	24.0195
2.26116	23.9834
2.26017	23.9702
2.25919	23.893
2.2582	23.8979
2.25722	23.9566
2.25624	24.0514
2.25526	23.9605
2.25428	23.8593
2.2533	23.915
2.25232	23.8742
2.25134	23.757
2.25036	23.8661
2.24939	23.9176
2.24841	23.9305
2.24744	23.9255
2.24646	23.8696
2.24549	23.8531
2.24452	23.7861
2.24355	23.8844
2.24257	23.9498
2.24161	23.9503
2.24064	23.8611
2.23967	23.8922
2.2387	23.8171
2.23774	23.7417
2.23677	23.8441
2.23581	23.8886
2.23484	23.6974
2.23388	23.5745
2.23292	23.7134
2.23196	23.8871
2.231	23.9184
2.23004	23.8535
2.22908	23.694
2.22812	23.4885
2.22716	23.5216
2.22621	23.5861
2.22525	23.6684
2.2243	23.621
2.22334	23.6596
2.22239	23.8079
2.22144	23.7966
2.22049	23.7173
2.21953	23.5558
2.21859	23.5392
2.21764	23.5872
2.21669	23.547
2.21574	23.6736
2.21479	23.7669
2.21385	23.597
2.2129	23.4387
2.21196	23.4402
2.21102	23.489
2.21007	23.3847
2.20913	23.4616
2.20819	23.559
2.20725	23.459
2.20631	23.3754
2.20537	23.3422
2.20444	23.3705
2.2035	23.4339
2.20256	23.3847
2.20163	23.562
2.20069	23.6839
2.19976	23.5326
2.19883	23.4756
2.19789	23.4372
2.19696	23.4599
2.19603	23.3796
2.1951	23.2397
2.19417	23.3851
2.19325	23.5523
2.19232	23.65
2.19139	23.5956
2.19047	23.4531
2.18954	23.42
2.18862	23.439
2.18769	23.4975
2.18677	23.6354
2.18585	23.6173
2.18493	23.6362
2.18401	23.4278
2.18309	23.1865
2.18217	23.2034
2.18125	23.4038
2.18033	23.4209
2.17942	23.3648
2.1785	23.3905
2.17759	23.429
2.17667	23.5472
2.17576	23.6013
2.17485	23.4796
2.17393	23.4716
2.17302	23.5225
2.17211	23.6804
2.1712	23.5341
2.17029	23.3046
2.16939	23.4949
2.16848	23.507
2.16757	23.4711
2.16667	23.5863
2.16576	23.5864
2.16486	23.533
2.16395	23.5292
2.16305	23.6663
2.16215	23.6802
2.16125	23.4056
2.16035	23.1263
2.15945	23.2744
2.15855	23.7425
2.15765	23.6724
2.15675	23.4042
2.15586	23.3162
2.15496	23.3669
2.15406	23.3977
2.15317	23.4558
2.15228	23.5403
2.15138	23.2617
2.15049	23.3101
2.1496	23.5271
2.14871	23.4992
2.14782	23.648
2.14693	23.7304
2.14604	23.5187
2.14515	23.3052
2.14427	23.421
2.14338	23.4261
2.14249	23.404
2.14161	23.4385
2.14072	23.4977
2.13984	23.6243
2.13896	23.4016
2.13808	23.2313
2.13719	23.2425
2.13631	23.3036
2.13543	23.4839
2.13455	23.3762
2.13368	23.4061
2.1328	23.51
2.13192	23.3725
2.13105	23.2257
2.13017	23.2835
2.1293	23.4541
2.12842	23.3886
2.12755	23.2259
2.12668	23.2337
2.1258	23.2908
2.12493	23.2688
2.12406	23.4382
2.12319	23.4082
2.12232	23.3687
2.12145	23.2425
2.12059	23.1457
2.11972	23.255
2.11885	23.1877
2.11799	23.1627
2.11712	23.0178
2.11626	22.9923
2.1154	23.0684
2.11453	23.0996
2.11367	23.1013
2.11281	23.0651
2.11195	23.2501
2.11109	23.5486
2.11023	23.6257
2.10937	23.4843
2.10851	23.2532
2.10766	22.9637
2.1068	23.0824
2.10594	23.2006
2.10509	22.9412
2.10423	23.0858
2.10338	23.2434
2.10253	23.2264
2.10168	23.0555
2.10082	22.931
2.09997	22.7097
2.09912	22.7271
2.09827	23.0189
2.09742	23.3963
2.09658	23.5153
2.09573	23.4376
2.09488	23.2652
2.09404	23.0162
2.09319	22.9418
2.09235	22.9486
2.0915	23.0044
2.09066	23.0969
2.08982	23.2462
2.08897	23.5221
2.08813	23.3299
2.08729	23.0025
2.08645	23.1233
2.08561	23.182
2.08477	22.9369
2.08394	22.8908
2.0831	23.1024
2.08226	22.9503
2.08143	22.7898
2.08059	22.7672
2.07976	22.761
2.07892	22.9806
2.07809	23.2875
2.07726	23.6115
2.07643	23.5313
2.07559	22.8945
2.07476	22.9738
2.07393	23.2544
2.0731	22.9009
2.07228	22.6308
2.07145	22.7679
2.07062	23.1755
2.06979	23.2307
2.06897	23.6157
2.06814	23.5126
2.06732	23.2652
2.06649	22.968
2.06567	22.9346
2.06485	23.1029
2.06403	23.2226
2.0632	23.2597
2.06238	23.013
2.06156	22.7182
2.06074	22.7527
2.05993	23.036
2.05911	23.0293
2.05829	22.8016
2.05747	22.69
2.05666	22.6474
2.05584	22.7047
2.05503	23.1393
2.05421	23.3319
2.0534	23.1163
2.05259	23.0154
2.05177	22.7914
2.05096	22.6196
2.05015	22.5557
2.04934	22.9137
2.04853	23.1936
2.04772	22.9825
2.04691	22.7342
2.04611	22.7385
2.0453	22.7844
2.04449	22.9238
2.04369	22.885
2.04288	22.8068
2.04208	22.8935
2.04127	22.8379
2.04047	22.7582
2.03967	22.6515
2.03886	22.6322
2.03806	22.8064
2.03726	22.8334
2.03646	22.8774
2.03566	22.7306
2.03486	22.5396
2.03407	22.7234
2.03327	22.944
2.03247	22.8343
2.03167	22.834
2.03088	22.9202
2.03008	22.8844
2.02929	22.7024
2.0285	22.2743
2.0277	22.1152
2.02691	22.256
2.02612	22.5208
2.02533	22.811
2.02453	22.9126
2.02374	22.9607
2.02295	23.0973
2.02217	22.9074
2.02138	22.7377
2.02059	22.7368
2.0198	22.8032
2.01902	22.7308
2.01823	22.6467
2.01744	22.5977
2.01666	22.6285
2.01588	22.8498
2.01509	22.675
2.01431	22.4343
2.01353	22.538
2.01275	22.5944
2.01196	22.8139
2.01118	22.818
2.0104	22.7419
2.00963	22.6918
2.00885	22.4716
2.00807	22.2749
2.00729	22.255
2.00651	22.3495
2.00574	22.4148
2.00496	22.5342
2.00419	22.6078
2.00341	22.6137
2.00264	22.5776
2.00187	22.422
2.00109	22.4981
2.00032	22.476
