Name: Gypsum CaSO_4.2H_2O
Type: Mineral
Class: Sulfates
Subclass: 
Particle Size: 0-45um
Sample No.: SO-2B
Owner: JPL
Wavelength range: IR
Origin: USA, Utah
Collected by Ward's
Description: 





Measurement: Hemispherical reflectance
First Column: X
Second Column: Y
X Units:  Wavelength (micrometers)
Y Units:  Reflectance (percent)
First X Value: 15.3853
Last X Value: 2.00032
Number of X Values: 2256
Additional information: so02ba.txt
 
15.3853	1.81
15.3397	2.08288
15.2945	2.10813
15.2495	2.14051
15.2048	2.20508
15.1603	2.35806
15.1161	2.57494
15.0722	2.74183
15.0285	2.68713
14.9851	2.74297
14.9419	3.00006
14.8989	3.0894
14.8563	3.19956
14.8138	3.26391
14.7716	3.53194
14.7296	3.54255
14.6879	3.28785
14.6464	3.24279
14.6052	3.21463
14.5641	2.95784
14.5233	2.63142
14.4828	2.64362
14.4424	2.34806
14.4023	2.14144
14.3624	2.16024
14.3227	1.86395
14.2833	1.90764
14.244	2.11207
14.205	1.93785
14.1662	2.00006
14.1276	2.27206
14.0892	2.38156
14.051	2.31238
14.0131	2.32893
13.9753	2.50019
13.9377	2.60482
13.9004	2.69068
13.8632	2.85469
13.8262	2.91858
13.7895	2.80624
13.7529	2.73658
13.7165	2.72295
13.6803	3.0686
13.6443	3.25479
13.6085	3.32452
13.5729	3.39931
13.5374	3.17179
13.5022	3.17396
13.4671	3.29596
13.4322	3.33757
13.3975	3.47738
13.363	3.66365
13.3286	3.67968
13.2944	3.76552
13.2604	3.91695
13.2266	4.02828
13.193	4.18675
13.1595	4.22539
13.1262	4.30795
13.093	4.23206
13.06	4.05549
13.0272	4.05014
12.9946	4.20875
12.9621	4.31179
12.9298	4.42974
12.8976	4.56714
12.8656	4.61599
12.8337	4.50864
12.8021	4.42156
12.7705	4.48478
12.7391	4.64888
12.7079	4.6315
12.6769	4.54665
12.6459	4.61547
12.6152	4.58433
12.5845	4.73375
12.5541	4.95281
12.5238	4.90594
12.4936	4.73019
12.4635	4.63832
12.4337	4.61787
12.4039	4.75136
12.3743	4.83742
12.3448	4.86973
12.3155	4.83837
12.2863	4.85793
12.2573	4.90296
12.2284	4.96562
12.1996	5.01911
12.171	5.0243
12.1425	5.06083
12.1141	5.04437
12.0859	4.98213
12.0578	5.0287
12.0298	5.1982
12.0019	5.1246
11.9742	5.00946
11.9466	5.05991
11.9192	5.10561
11.8918	5.03417
11.8646	4.97185
11.8375	5.02168
11.8106	4.95515
11.7837	5.02284
11.757	5.21989
11.7304	5.17535
11.7039	5.11491
11.6776	5.07784
11.6513	5.05523
11.6252	5.04532
11.5992	5.03015
11.5733	5.014
11.5475	5.08182
11.5219	5.0672
11.4963	4.89758
11.4709	4.91762
11.4455	5.01865
11.4203	5.04572
11.3952	5.06931
11.3702	5.04021
11.3454	4.9715
11.3206	4.9374
11.2959	5.03109
11.2714	5.07712
11.2469	5.075
11.2226	5.11564
11.1983	4.942
11.1742	4.76533
11.1502	4.88488
11.1263	4.98346
11.1024	4.88474
11.0787	4.86027
11.0551	4.91368
11.0316	4.96181
11.0081	5.01332
10.9848	5.01574
10.9616	4.9846
10.9385	4.95423
10.9154	4.93041
10.8925	5.02589
10.8697	4.92327
10.8469	4.74926
10.8243	4.73731
10.8017	4.91438
10.7793	5.09393
10.7569	5.07952
10.7346	4.87674
10.7125	4.69816
10.6904	4.81696
10.6684	4.85153
10.6465	4.7937
10.6247	4.86286
10.6029	4.8899
10.5813	4.90352
10.5597	4.78869
10.5383	4.61394
10.5169	4.61778
10.4956	4.78541
10.4744	4.87022
10.4533	4.86048
10.4323	4.88776
10.4113	4.85748
10.3904	4.76149
10.3697	4.7135
10.349	4.7606
10.3284	4.80907
10.3078	4.77557
10.2874	4.78274
10.267	4.67891
10.2467	4.59664
10.2265	4.608
10.2064	4.66922
10.1863	4.70445
10.1663	4.63706
10.1464	4.52447
10.1266	4.51093
10.1069	4.52039
10.0872	4.45562
10.0676	4.43828
10.0481	4.43694
10.0287	4.55446
10.0093	4.59178
9.99005	4.36511
9.97084	4.00437
9.95169	3.85125
9.93263	3.96543
9.91364	4.15336
9.89472	4.29575
9.87587	4.40994
9.8571	4.43475
9.83839	4.50676
9.81976	4.60148
9.80119	4.64296
9.78271	4.67941
9.76428	4.61624
9.74592	4.6235
9.72764	4.52372
9.70943	4.45151
9.69128	4.52528
9.6732	4.56037
9.65518	4.47703
9.63724	4.48554
9.61935	4.62937
9.60155	4.58616
9.5838	4.40371
9.56611	4.39371
9.5485	4.44639
9.53094	4.477
9.51345	4.46684
9.49604	4.42341
9.47867	4.34944
9.46137	4.33581
9.44414	4.27519
9.42697	4.24189
9.40986	4.21753
9.39281	4.13079
9.37583	4.09918
9.35891	4.15095
9.34204	4.23773
9.32524	4.13198
9.3085	4.11258
9.29182	4.18995
9.27519	4.15272
9.25863	3.96624
9.24213	3.86659
9.22568	3.93142
9.2093	4.0059
9.19297	3.81035
9.17669	3.68819
9.16048	3.74423
9.14433	3.7383
9.12823	3.8779
9.11218	3.96771
9.0962	3.97622
9.08027	4.05397
9.06439	4.13608
9.04858	4.30697
9.03281	4.63814
9.0171	4.89007
9.00145	5.09306
8.98585	5.23963
8.9703	5.45394
8.9548	5.76481
8.93937	5.97675
8.92398	6.07637
8.90865	6.08934
8.89337	6.12097
8.87814	6.11498
8.86296	6.21777
8.84784	6.51681
8.83277	6.58433
8.81774	6.48819
8.80277	6.55479
8.78786	6.73489
8.77298	6.90272
8.75816	6.93075
8.7434	6.98622
8.72868	7.0991
8.714	7.07388
8.69938	6.93518
8.68481	6.87043
8.67029	6.79294
8.65581	6.76241
8.64139	6.67615
8.62701	6.56203
8.61268	6.60875
8.5984	6.72803
8.58416	6.70064
8.56997	6.62847
8.55583	6.71767
8.54174	6.76743
8.52769	6.78175
8.51368	6.80308
8.49973	6.80245
8.48582	6.85697
8.47195	7.00517
8.45813	7.0726
8.44436	6.97876
8.43062	6.9017
8.41693	6.83243
8.4033	6.63447
8.3897	6.51871
8.37614	6.3383
8.36264	6.10592
8.34917	6.14209
8.33574	5.95389
8.32236	5.42365
8.30903	4.90138
8.29573	4.74174
8.28248	4.50851
8.26927	4.06709
8.2561	3.73878
8.24298	3.31836
8.2299	2.91114
8.21685	2.66003
8.20385	2.38146
8.19089	2.0074
8.17797	1.7544
8.16509	1.60739
8.15225	1.45123
8.13946	1.34963
8.1267	1.31924
8.11398	1.20667
8.10131	1.05666
8.08867	1.00616
8.07606	0.957516
8.0635	0.932937
8.05099	0.854491
8.0385	0.742639
8.02606	0.690031
8.01366	0.617074
8.00129	0.554899
7.98896	0.609122
7.97667	0.602077
7.96442	0.606178
7.9522	0.63322
7.94002	0.608542
7.92788	0.564606
7.91578	0.574055
7.90371	0.569316
7.89168	0.603559
7.87969	0.594333
7.86773	0.635198
7.85581	0.702817
7.84392	0.729959
7.83207	0.74874
7.82026	0.855471
7.80849	0.905626
7.79674	0.939001
7.78503	0.94863
7.77337	0.991751
7.76173	1.19059
7.75012	1.23016
7.73856	1.20411
7.72703	1.23955
7.71553	1.38121
7.70406	1.43437
7.69263	1.54747
7.68123	1.63321
7.66987	1.75825
7.65855	1.91462
7.64725	2.03444
7.63598	2.09249
7.62475	2.16715
7.61356	2.21969
7.60239	2.33458
7.59126	2.45687
7.58017	2.58735
7.5691	2.68834
7.55806	2.79928
7.54707	2.83921
7.5361	2.92825
7.52516	3.17224
7.51425	3.32028
7.50338	3.39898
7.49253	3.59708
7.48172	3.89708
7.47094	4.10706
7.46019	4.17016
7.44947	4.25074
7.43879	4.50193
7.42813	4.68505
7.4175	4.86815
7.4069	5.1512
7.39634	5.34978
7.3858	5.58898
7.37529	5.84201
7.36482	6.00381
7.35437	6.23766
7.34396	6.51923
7.33357	6.72606
7.32321	6.79667
7.31288	6.97832
7.30258	7.26454
7.29231	7.5251
7.28207	7.70765
7.27185	7.86049
7.26167	8.09985
7.25152	8.45898
7.24139	8.76601
7.23129	8.89084
7.22122	9.01759
7.21117	9.24539
7.20116	9.40136
7.19117	9.63234
7.18121	9.82833
7.17128	10.0471
7.16137	10.3373
7.1515	10.5424
7.14164	10.7469
7.13182	10.8802
7.12203	10.9625
7.11225	11.1503
7.10251	11.4168
7.0928	11.6719
7.08311	11.838
7.07344	11.9831
7.06381	12.1621
7.0542	12.4627
7.04461	12.7593
7.03506	12.8308
7.02552	12.8421
7.01601	12.9546
7.00653	13.2154
6.99708	13.432
6.98765	13.5919
6.97824	13.7488
6.96886	13.9947
6.95951	14.2669
6.95018	14.1963
6.94087	14.2295
6.9316	14.3671
6.92234	14.4699
6.91311	14.6238
6.90391	14.7274
6.89473	14.7193
6.88557	14.7686
6.87644	14.9718
6.86733	15.4649
6.85824	15.6191
6.84918	15.4347
6.84015	15.4178
6.83114	15.492
6.82215	15.5395
6.81319	15.4934
6.80424	15.573
6.79532	15.882
6.78643	16.0979
6.77756	16.0897
6.76871	16.1281
6.75989	16.1443
6.75109	16.1696
6.74231	16.1314
6.73355	16.194
6.72482	16.317
6.71611	16.4027
6.70742	16.4452
6.69875	16.4037
6.69011	16.3743
6.68149	16.3784
6.67289	16.3312
6.66431	16.2552
6.65576	16.1342
6.64722	16.2603
6.63871	16.5429
6.63022	16.3056
6.62175	15.9536
6.61331	15.7683
6.60488	15.6096
6.59648	15.5304
6.5881	15.4022
6.57974	15.2538
6.5714	15.1436
6.56308	14.7601
6.55478	14.5344
6.54651	14.3613
6.53825	14.1706
6.53001	14.1351
6.5218	14.2982
6.51361	14.2205
6.50544	14.1754
6.49729	14.3383
6.48915	14.2779
6.48104	14.1329
6.47295	14.0851
6.46488	13.8865
6.45683	13.7541
6.4488	13.6813
6.44079	13.6938
6.4328	13.7278
6.42482	13.7341
6.41687	13.9126
6.40894	13.7232
6.40103	13.2924
6.39314	12.9814
6.38526	12.7834
6.37741	12.5898
6.36957	12.361
6.36176	12.0802
6.35396	11.8257
6.34618	11.641
6.33843	11.1711
6.33069	10.6703
6.32297	10.2891
6.31527	9.90783
6.30758	9.49619
6.29992	9.09595
6.29227	8.67493
6.28465	8.23683
6.27704	7.74291
6.26945	7.17077
6.26188	6.64576
6.25432	6.14739
6.24679	5.64306
6.23927	5.08253
6.23177	4.47836
6.22429	3.94563
6.21683	3.39853
6.20938	2.83787
6.20195	2.49799
6.19454	2.37112
6.18715	2.17719
6.17978	1.94626
6.17242	1.83365
6.16508	1.84679
6.15776	1.84733
6.15045	1.74778
6.14317	1.68906
6.1359	1.71744
6.12864	1.82834
6.12141	1.97877
6.11419	2.24094
6.10699	2.61949
6.0998	3.02507
6.09263	3.36987
6.08549	3.78329
6.07835	4.41062
6.07123	4.94635
6.06413	5.32858
6.05705	5.77794
6.04998	6.32161
6.04293	6.55277
6.0359	6.60861
6.02888	6.75756
6.02187	6.80469
6.01489	6.80893
6.00792	6.66901
6.00096	6.35103
5.99403	6.05226
5.98711	5.6055
5.9802	5.06594
5.97331	4.5603
5.96644	4.02453
5.95958	3.43025
5.95274	2.90717
5.94591	2.58741
5.9391	2.46356
5.9323	2.31051
5.92552	2.26219
5.91876	2.52229
5.91201	2.99712
5.90528	3.62107
5.89856	4.35595
5.89186	5.04597
5.88517	5.8852
5.8785	6.81981
5.87184	7.53354
5.8652	8.40839
5.85857	9.24196
5.85196	9.99716
5.84536	10.7902
5.83878	11.6357
5.83221	12.4044
5.82566	13.1301
5.81912	13.708
5.81259	14.1318
5.80608	14.666
5.79959	15.1993
5.79311	15.6529
5.78665	16.1666
5.78019	16.6805
5.77376	17.2752
5.76734	17.9954
5.76093	18.2703
5.75453	18.4976
5.74815	19.0002
5.74179	19.3219
5.73543	19.7038
5.7291	20.0694
5.72277	20.5879
5.71646	21.1324
5.71017	21.5902
5.70389	21.8027
5.69762	22.0547
5.69136	22.4243
5.68513	22.6944
5.6789	23.012
5.67268	23.4029
5.66648	23.6498
5.6603	23.9639
5.65413	24.2826
5.64797	24.706
5.64182	25.1803
5.63569	25.2566
5.62957	25.3293
5.62347	25.5637
5.61737	25.9113
5.61129	26.1642
5.60522	26.3847
5.59917	26.6212
5.59313	26.807
5.5871	27.1419
5.58109	27.4693
5.57509	27.5608
5.5691	27.6104
5.56312	27.8028
5.55716	28.0756
5.55121	28.3728
5.54528	28.6432
5.53935	28.9081
5.53344	29.2162
5.52754	29.639
5.52166	30.0682
5.51578	30.4681
5.50992	30.7657
5.50407	31.1006
5.49823	31.455
5.49241	31.8271
5.4866	32.152
5.4808	32.4951
5.47501	32.6745
5.46923	32.9778
5.46347	33.3232
5.45772	33.434
5.45198	33.4962
5.44625	33.6969
5.44054	33.8859
5.43484	34.0505
5.42914	34.2861
5.42347	34.6403
5.4178	34.6726
5.41214	34.6949
5.4065	34.8317
5.40087	34.9092
5.39525	34.9042
5.38964	34.9464
5.38404	35.0046
5.37846	35.1104
5.37288	35.253
5.36732	35.4021
5.36177	35.4868
5.35623	35.5904
5.35071	35.7839
5.34519	35.8935
5.33968	35.8954
5.33419	35.9657
5.32871	36.0718
5.32324	36.2446
5.31778	36.3516
5.31233	36.4127
5.30689	36.4996
5.30147	36.5638
5.29605	36.6277
5.29065	36.7778
5.28525	36.8962
5.27987	37.0109
5.2745	37.0543
5.26914	37.1574
5.26379	37.2145
5.25845	37.3068
5.25312	37.4
5.24781	37.5075
5.2425	37.6167
5.23721	37.7081
5.23192	37.7656
5.22665	37.8037
5.22138	37.8363
5.21613	37.9244
5.21089	37.897
5.20566	37.8198
5.20044	37.8827
5.19522	37.7726
5.19002	37.5976
5.18483	37.5491
5.17965	37.4772
5.17448	37.38
5.16933	37.2685
5.16418	37.0939
5.15904	36.9238
5.15391	36.8815
5.14879	36.8751
5.14368	36.773
5.13859	36.6818
5.1335	36.5731
5.12842	36.462
5.12335	36.3811
5.1183	36.2895
5.11325	36.2438
5.10821	36.2014
5.10318	36.2261
5.09817	36.16
5.09316	36.0177
5.08816	35.9743
5.08317	35.9788
5.07819	35.8704
5.07322	35.7198
5.06826	35.6089
5.06331	35.6414
5.05837	35.6749
5.05344	35.6417
5.04852	35.5847
5.04361	35.5365
5.03871	35.5504
5.03382	35.5296
5.02894	35.5192
5.02406	35.5816
5.0192	35.5941
5.01435	35.5519
5.0095	35.488
5.00467	35.4352
4.99984	35.353
4.99502	35.2592
4.99021	35.091
4.98542	34.6911
4.98063	34.1866
4.97585	33.9197
4.97108	34.03
4.96632	34.3708
4.96156	34.7108
4.95682	34.972
4.95209	35.0111
4.94736	34.953
4.94264	34.9203
4.93794	34.933
4.93324	34.8974
4.92855	34.7193
4.92387	34.5194
4.9192	34.3738
4.91453	34.176
4.90988	33.9948
4.90524	33.75
4.9006	33.5595
4.89597	33.4183
4.89135	33.2219
4.88674	32.948
4.88214	32.6434
4.87755	32.3351
4.87296	32.0762
4.86839	31.9165
4.86382	31.7617
4.85926	31.531
4.85471	31.2155
4.85017	30.9872
4.84564	30.8016
4.84111	30.5228
4.8366	30.1793
4.83209	29.8837
4.82759	29.5351
4.8231	29.1073
4.81862	28.6836
4.81415	28.1997
4.80968	27.6824
4.80522	27.1432
4.80077	26.5979
4.79633	25.9154
4.7919	25.1073
4.78747	24.2428
4.78306	23.3464
4.77865	22.3944
4.77425	21.3328
4.76986	20.1737
4.76547	18.9143
4.7611	17.6869
4.75673	16.5647
4.75237	15.4742
4.74802	14.4802
4.74367	13.6201
4.73934	12.9412
4.73501	12.5272
4.73069	12.3827
4.72638	12.4392
4.72207	12.613
4.71777	12.8292
4.71348	13.0145
4.7092	13.1227
4.70493	13.2047
4.70066	13.3396
4.69641	13.4431
4.69216	13.4896
4.68791	13.5136
4.68368	13.5599
4.67945	13.6721
4.67523	13.745
4.67102	13.9044
4.66682	14.0865
4.66262	14.2096
4.65843	14.3889
4.65425	14.564
4.65007	14.6221
4.64591	14.6043
4.64175	14.5826
4.6376	14.4941
4.63345	14.4161
4.62932	14.3495
4.62519	14.2924
4.62106	14.0974
4.61695	13.8098
4.61284	13.5409
4.60874	13.3304
4.60465	13.1108
4.60056	12.8708
4.59648	12.5489
4.59241	12.1632
4.58835	11.7891
4.58429	11.438
4.58024	11.0943
4.5762	10.7001
4.57216	10.343
4.56814	10.0142
4.56411	9.69298
4.5601	9.41693
4.55609	9.1802
4.55209	8.93965
4.5481	8.67088
4.54411	8.41555
4.54013	8.32402
4.53616	8.32462
4.5322	8.28321
4.52824	8.23288
4.52429	8.18399
4.52034	8.08962
4.51641	8.08054
4.51247	8.10524
4.50855	8.09806
4.50463	8.04323
4.50072	8.00616
4.49682	7.91985
4.49292	7.911
4.48903	7.92998
4.48515	7.92213
4.48127	7.83865
4.4774	7.84124
4.47354	7.91183
4.46968	7.90876
4.46584	7.8955
4.46199	7.92399
4.45815	7.97259
4.45432	7.98688
4.4505	8.0474
4.44668	8.2127
4.44287	8.3465
4.43907	8.53964
4.43527	8.68515
4.43148	8.78056
4.4277	8.96808
4.42392	9.23292
4.42015	9.47428
4.41638	9.62946
4.41262	9.75077
4.40887	9.96736
4.40513	10.2761
4.40139	10.514
4.39765	10.7163
4.39393	10.9055
4.39021	11.1874
4.38649	11.398
4.38278	11.5752
4.37908	11.8651
4.37539	12.1799
4.3717	12.4231
4.36801	12.6308
4.36434	12.8599
4.36067	13.0932
4.357	13.3444
4.35335	13.5668
4.34969	13.7797
4.34605	14.095
4.34241	14.4318
4.33877	14.7055
4.33514	14.9983
4.33152	15.4012
4.32791	15.8058
4.3243	16.1309
4.32069	16.5553
4.3171	17.0916
4.31351	17.6539
4.30992	18.1436
4.30634	18.691
4.30277	19.2294
4.2992	19.7756
4.29564	20.3541
4.29208	20.9582
4.28853	21.5425
4.28499	22.1297
4.28145	22.7037
4.27792	23.255
4.27439	23.7336
4.27087	24.1994
4.26735	24.7511
4.26384	25.2845
4.26034	25.8605
4.25684	26.386
4.25335	26.8771
4.24986	27.356
4.24638	27.7785
4.24291	28.2443
4.23944	28.8133
4.23598	29.2793
4.23252	29.7099
4.22906	30.2045
4.22562	30.7179
4.22218	31.1949
4.21874	31.5196
4.21531	31.881
4.21189	32.3777
4.20847	32.8459
4.20506	33.2522
4.20165	33.6359
4.19825	34.0359
4.19485	34.5432
4.19146	34.9786
4.18807	35.4022
4.18469	35.7655
4.18132	36.0587
4.17795	36.3805
4.17458	36.7661
4.17123	37.1914
4.16787	37.6259
4.16453	37.9678
4.16118	38.2626
4.15785	38.5745
4.15451	38.9037
4.15119	39.2871
4.14787	39.6605
4.14455	39.9735
4.14124	40.3033
4.13794	40.705
4.13464	41.0367
4.13134	41.3222
4.12805	41.6605
4.12477	41.9117
4.12149	42.1756
4.11822	42.4723
4.11495	42.7665
4.11168	43.1694
4.10843	43.5401
4.10517	43.844
4.10192	44.0755
4.09868	44.3599
4.09545	44.6926
4.09221	44.9836
4.08899	45.2833
4.08576	45.6231
4.08255	45.9422
4.07933	46.2044
4.07613	46.5017
4.07292	46.8575
4.06973	47.0997
4.06654	47.3839
4.06335	47.7647
4.06017	48.0392
4.05699	48.2789
4.05382	48.5122
4.05065	48.8241
4.04749	49.0997
4.04433	49.3678
4.04118	49.6895
4.03803	49.901
4.03489	50.1105
4.03175	50.4109
4.02862	50.6702
4.02549	50.8606
4.02237	51.047
4.01925	51.2912
4.01614	51.5258
4.01303	51.686
4.00993	51.8367
4.00683	52.115
4.00373	52.3071
4.00064	52.3727
3.99756	52.4261
3.99448	52.484
3.9914	52.5395
3.98833	52.5323
3.98527	52.4168
3.98221	52.1693
3.97915	51.9184
3.9761	51.8386
3.97305	51.964
3.97001	52.2067
3.96697	52.5632
3.96394	53.1176
3.96091	53.6152
3.95789	54.0671
3.95487	54.549
3.95186	54.8782
3.94885	55.1985
3.94584	55.4879
3.94284	55.7289
3.93984	55.9358
3.93685	56.1861
3.93386	56.4106
3.93088	56.574
3.9279	56.7517
3.92493	56.9123
3.92196	57.0217
3.919	57.116
3.91604	57.2742
3.91308	57.4355
3.91013	57.6044
3.90718	57.679
3.90424	57.7575
3.9013	57.8507
3.89837	57.8623
3.89544	57.8692
3.89252	57.8633
3.8896	57.7544
3.88668	57.5918
3.88377	57.4361
3.88086	57.17
3.87796	56.7758
3.87506	56.4896
3.87217	56.4936
3.86928	56.8019
3.86639	57.271
3.86351	57.7351
3.86064	58.0701
3.85776	58.3438
3.8549	58.6133
3.85203	58.8138
3.84917	58.9804
3.84631	59.0719
3.84346	59.0522
3.84062	59.1615
3.83777	59.3172
3.83494	59.3089
3.8321	59.3128
3.82927	59.4141
3.82644	59.4999
3.82362	59.5173
3.82081	59.4874
3.81799	59.3872
3.81518	59.4583
3.81238	59.558
3.80958	59.5186
3.80678	59.4674
3.80399	59.5157
3.8012	59.5131
3.79841	59.4795
3.79563	59.4596
3.79286	59.3729
3.79008	59.3812
3.78731	59.4088
3.78455	59.3939
3.78179	59.4087
3.77903	59.424
3.77628	59.4482
3.77353	59.5067
3.77079	59.4491
3.76805	59.4405
3.76531	59.4896
3.76258	59.5156
3.75985	59.477
3.75713	59.3681
3.7544	59.3254
3.75169	59.298
3.74898	59.2454
3.74627	59.2536
3.74356	59.2293
3.74086	59.1714
3.73816	59.1676
3.73547	59.1355
3.73278	59.1514
3.7301	59.0991
3.72741	59.0514
3.72474	59.0256
3.72206	58.9209
3.71939	58.9119
3.71673	58.9262
3.71406	59.0056
3.71141	59.0416
3.70875	58.9966
3.7061	59.011
3.70345	58.9603
3.70081	58.8531
3.69817	58.8195
3.69553	58.7924
3.6929	58.711
3.69027	58.5917
3.68765	58.5105
3.68503	58.5262
3.68241	58.5069
3.6798	58.4355
3.67719	58.2931
3.67458	58.1147
3.67198	58.0424
3.66938	58.0131
3.66678	57.9014
3.66419	57.7554
3.66161	57.6394
3.65902	57.4847
3.65644	57.4022
3.65387	57.2235
3.65129	57.0422
3.64872	56.9863
3.64616	56.9063
3.64359	56.8124
3.64103	56.714
3.63848	56.5885
3.63593	56.4749
3.63338	56.3172
3.63084	56.1637
3.6283	56.0729
3.62576	55.9153
3.62322	55.7161
3.62069	55.5864
3.61817	55.4891
3.61564	55.3214
3.61312	55.1489
3.61061	54.9708
3.6081	54.7763
3.60559	54.5982
3.60308	54.3736
3.60058	54.202
3.59808	54.0517
3.59558	53.8803
3.59309	53.7579
3.59061	53.5831
3.58812	53.4012
3.58564	53.2066
3.58316	53.0281
3.58069	52.879
3.57822	52.7688
3.57575	52.6677
3.57328	52.5864
3.57082	52.4364
3.56836	52.2923
3.56591	52.1988
3.56346	52.1048
3.56101	52.0647
3.55857	51.8782
3.55613	51.7347
3.55369	51.6017
3.55126	51.4627
3.54883	51.3653
3.5464	51.2834
3.54397	51.1962
3.54155	51.063
3.53914	50.9431
3.53672	50.9158
3.53431	50.9117
3.5319	50.8456
3.5295	50.6938
3.5271	50.5393
3.5247	50.4208
3.52231	50.3416
3.51991	50.2525
3.51753	50.1457
3.51514	50.0567
3.51276	49.8841
3.51038	49.7578
3.50801	49.6887
3.50563	49.5525
3.50327	49.4232
3.5009	49.3099
3.49854	49.189
3.49618	49.0163
3.49382	48.8302
3.49147	48.7339
3.48912	48.5687
3.48677	48.4552
3.48443	48.338
3.48209	48.1374
3.47975	48.0426
3.47742	47.9351
3.47509	47.7757
3.47276	47.5766
3.47044	47.4056
3.46812	47.3091
3.4658	47.1821
3.46348	46.9767
3.46117	46.8368
3.45886	46.7339
3.45656	46.5798
3.45425	46.3876
3.45195	46.2134
3.44966	46.0555
3.44736	45.9062
3.44507	45.7075
3.44279	45.5187
3.4405	45.3942
3.43822	45.2684
3.43594	45.0488
3.43367	44.8897
3.43139	44.7225
3.42912	44.52
3.42686	44.3423
3.42459	44.1688
3.42233	43.9786
3.42007	43.8105
3.41782	43.6155
3.41557	43.4428
3.41332	43.2683
3.41108	43.1172
3.40883	42.9686
3.40659	42.7209
3.40435	42.4931
3.40212	42.3159
3.39989	42.1316
3.39766	41.9667
3.39544	41.7662
3.39322	41.5238
3.391	41.3619
3.38878	41.0361
3.38657	40.7019
3.38436	40.4254
3.38215	40.2061
3.37994	39.944
3.37774	39.7235
3.37554	39.4773
3.37335	39.1824
3.37115	38.9532
3.36896	38.7162
3.36678	38.4603
3.36459	38.2162
3.36241	37.8837
3.36023	37.556
3.35805	37.2953
3.35588	37.0605
3.35371	36.9275
3.35154	36.6912
3.34938	36.4774
3.34721	36.2185
3.34505	35.923
3.3429	35.7342
3.34074	35.5789
3.33859	35.3553
3.33644	35.081
3.3343	34.8748
3.33215	34.5735
3.33001	34.1741
3.32788	33.8576
3.32574	33.5863
3.32361	33.3964
3.32148	33.1383
3.31936	32.8237
3.31723	32.5718
3.31511	32.2312
3.31299	31.8952
3.31088	31.6224
3.30876	31.2558
3.30665	30.8605
3.30455	30.5408
3.30244	30.2478
3.30034	29.8646
3.29824	29.5466
3.29614	29.1636
3.29405	28.8086
3.29196	28.4282
3.28987	28.0179
3.28778	27.68
3.2857	27.4195
3.28362	27.1642
3.28154	26.8294
3.27946	26.4792
3.27739	26.2219
3.27532	25.9666
3.27325	25.7039
3.27119	25.4185
3.26913	25.1585
3.26707	24.9321
3.26501	24.7086
3.26295	24.3563
3.2609	23.9882
3.25885	23.8469
3.2568	23.6889
3.25476	23.481
3.25272	23.2391
3.25068	22.9276
3.24864	22.6093
3.24661	22.3771
3.24458	22.177
3.24255	21.8592
3.24052	21.5514
3.2385	21.3906
3.23648	21.0989
3.23446	20.8539
3.23244	20.699
3.23043	20.5272
3.22841	20.2661
3.2264	20.045
3.2244	19.8159
3.22239	19.5462
3.22039	19.1995
3.21839	18.9041
3.2164	18.6949
3.2144	18.5243
3.21241	18.2199
3.21042	17.9499
3.20844	17.7578
3.20645	17.4973
3.20447	17.215
3.20249	16.9684
3.20051	16.6793
3.19854	16.4203
3.19657	16.2154
3.1946	15.9329
3.19263	15.5891
3.19067	15.3293
3.1887	15.0692
3.18674	14.7954
3.18479	14.5542
3.18283	14.41
3.18088	14.0712
3.17893	13.6382
3.17698	13.3788
3.17504	13.161
3.17309	12.8341
3.17115	12.4959
3.16921	12.2184
3.16728	11.9267
3.16534	11.5894
3.16341	11.2266
3.16148	10.833
3.15956	10.5559
3.15763	10.3226
3.15571	9.99746
3.15379	9.6912
3.15187	9.38381
3.14996	9.09652
3.14805	8.76576
3.14614	8.57781
3.14423	8.4242
3.14232	8.1421
3.14042	7.93421
3.13852	7.84476
3.13662	7.7528
3.13472	7.57036
3.13283	7.27549
3.13094	7.04211
3.12905	6.89286
3.12716	6.78568
3.12528	6.58737
3.12339	6.50753
3.12151	6.61121
3.11964	6.49989
3.11776	6.35883
3.11589	6.34339
3.11401	6.18166
3.11214	5.9626
3.11028	5.9033
3.10841	5.92109
3.10655	5.78726
3.10469	5.54804
3.10283	5.38724
3.10098	5.22465
3.09912	5.07219
3.09727	5.00583
3.09542	4.90232
3.09358	4.54731
3.09173	4.28073
3.08989	4.1993
3.08805	4.09346
3.08621	3.97682
3.08437	3.84874
3.08254	3.85034
3.08071	3.92908
3.07888	3.89699
3.07705	3.88282
3.07523	3.9463
3.0734	3.98847
3.07158	3.99123
3.06977	3.93225
3.06795	3.93003
3.06613	4.01665
3.06432	3.9587
3.06251	4.00003
3.0607	3.91272
3.0589	3.88368
3.0571	3.99882
3.05529	3.98162
3.05349	3.91691
3.0517	3.98192
3.0499	3.91726
3.04811	3.80896
3.04632	3.79112
3.04453	3.71123
3.04274	3.62952
3.04096	3.52362
3.03918	3.58539
3.0374	3.54073
3.03562	3.47372
3.03384	3.42685
3.03207	3.32326
3.03029	3.4096
3.02852	3.36149
3.02676	3.14874
3.02499	3.03703
3.02323	3.05235
3.02146	3.02916
3.0197	2.97799
3.01795	3.02065
3.01619	3.0996
3.01444	3.06331
3.01269	2.97519
3.01094	2.96242
3.00919	2.79474
3.00744	2.68275
3.0057	2.81203
3.00396	2.89716
3.00222	2.91361
3.00048	2.80874
2.99875	2.70885
2.99701	2.68959
2.99528	2.66968
2.99355	2.75041
2.99183	2.73421
2.9901	2.72983
2.98838	2.76466
2.98666	2.44939
2.98494	2.38832
2.98322	2.58994
2.9815	2.59829
2.97979	2.51552
2.97808	2.48551
2.97637	2.48064
2.97466	2.63114
2.97295	2.58168
2.97125	2.46528
2.96955	2.49693
2.96785	2.66541
2.96615	2.57204
2.96446	2.21074
2.96276	2.0071
2.96107	2.03547
2.95938	2.14035
2.95769	2.23902
2.95601	2.20126
2.95432	2.16913
2.95264	2.21904
2.95096	2.16912
2.94928	2.03591
2.9476	1.90841
2.94593	1.93655
2.94425	2.08492
2.94258	2.02364
2.94092	2.13
2.93925	2.34642
2.93758	2.33866
2.93592	2.38908
2.93426	2.33252
2.9326	2.28227
2.93094	2.28162
2.92928	2.23028
2.92763	2.24067
2.92598	2.30164
2.92433	2.23617
2.92268	2.08841
2.92103	2.05283
2.91939	1.92261
2.91775	1.57744
2.9161	1.56768
2.91447	1.92518
2.91283	1.78651
2.91119	1.58545
2.90956	1.61115
2.90793	1.45935
2.9063	1.39428
2.90467	1.81587
2.90304	1.92919
2.90142	1.57379
2.89979	1.61091
2.89817	1.65463
2.89656	1.49729
2.89494	1.48261
2.89332	1.54501
2.89171	1.53121
2.8901	1.59841
2.88849	1.5662
2.88688	1.44962
2.88527	1.50266
2.88367	1.55795
2.88206	1.40339
2.88046	1.29662
2.87886	1.28073
2.87727	1.32282
2.87567	1.37283
2.87408	1.42371
2.87248	1.54908
2.87089	1.36814
2.8693	1.10288
2.86772	1.18263
2.86613	1.3007
2.86455	1.07308
2.86297	1.05538
2.86139	1.13729
2.85981	1.06615
2.85823	1.02408
2.85666	1.0579
2.85508	1.11827
2.85351	1.17228
2.85194	1.30252
2.85038	1.21707
2.84881	1.10938
2.84724	1.32727
2.84568	1.44768
2.84412	1.33428
2.84256	1.27395
2.841	1.30414
2.83945	1.32626
2.83789	1.28702
2.83634	1.23368
2.83479	1.19401
2.83324	1.28481
2.83169	1.46868
2.83015	1.41683
2.82861	1.29665
2.82706	1.29055
2.82552	1.25181
2.82398	1.22744
2.82245	1.28648
2.82091	1.29689
2.81938	1.1915
2.81784	1.23879
2.81631	1.30408
2.81479	1.37127
2.81326	1.37035
2.81173	1.26321
2.81021	1.10616
2.80869	1.04675
2.80716	1.17198
2.80565	1.27762
2.80413	1.29191
2.80261	1.28388
2.8011	1.26282
2.79959	1.3934
2.79808	1.55521
2.79657	1.48108
2.79506	1.55901
2.79355	1.61189
2.79205	1.46373
2.79055	1.44635
2.78904	1.54027
2.78754	1.49984
2.78605	1.5046
2.78455	1.56621
2.78306	1.6189
2.78156	1.68121
2.78007	1.82166
2.77858	1.86291
2.77709	1.96718
2.77561	1.98419
2.77412	1.99163
2.77264	2.27082
2.77116	2.39404
2.76968	2.23644
2.7682	2.25765
2.76672	2.56865
2.76524	2.80033
2.76377	2.82976
2.7623	2.77315
2.76083	2.88898
2.75936	3.02775
2.75789	3.27446
2.75642	3.66609
2.75496	3.98666
2.7535	4.16776
2.75203	4.28769
2.75057	4.66553
2.74912	5.03192
2.74766	5.32999
2.7462	5.65566
2.74475	5.92077
2.7433	6.18264
2.74185	6.54464
2.7404	6.82831
2.73895	7.25694
2.7375	7.60042
2.73606	7.7846
2.73462	8.12415
2.73318	8.49437
2.73174	8.91929
2.7303	9.35579
2.72886	9.7738
2.72742	10.0791
2.72599	10.3414
2.72456	10.7579
2.72313	11.1852
2.7217	11.6806
2.72027	12.2624
2.71884	12.5468
2.71742	12.7305
2.71599	12.9923
2.71457	13.6807
2.71315	14.3726
2.71173	15.0795
2.71032	15.6591
2.7089	16.0754
2.70748	16.4924
2.70607	17.0044
2.70466	17.5884
2.70325	18.2335
2.70184	18.7866
2.70043	19.2337
2.69903	19.7872
2.69762	20.3981
2.69622	20.9049
2.69482	21.5233
2.69342	22.07
2.69202	22.286
2.69062	22.605
2.68923	22.9385
2.68783	23.3092
2.68644	23.6915
2.68505	24.044
2.68366	24.4125
2.68227	24.6304
2.68089	24.8098
2.6795	25.3034
2.67812	25.7619
2.67673	26.2155
2.67535	26.3839
2.67397	26.5082
2.6726	26.8937
2.67122	27.7064
2.66984	28.1718
2.66847	28.1942
2.6671	28.7958
2.66572	29.1694
2.66435	29.3457
2.66299	29.3765
2.66162	29.7075
2.66025	30.1635
2.65889	30.5355
2.65753	30.7944
2.65616	31.2191
2.65481	31.4836
2.65345	31.8577
2.65209	32.3111
2.65073	32.3552
2.64938	32.4595
2.64803	32.7973
2.64667	33.1373
2.64532	33.4168
2.64397	33.6001
2.64263	33.7904
2.64128	33.8096
2.63994	33.8931
2.63859	34.0281
2.63725	34.1659
2.63591	34.3502
2.63457	34.6807
2.63323	34.7339
2.6319	34.9448
2.63056	35.3266
2.62923	35.0708
2.62789	35.0837
2.62656	35.3284
2.62523	35.0988
2.6239	35.1561
2.62258	35.2283
2.62125	35.6061
2.61993	35.7992
2.6186	35.6719
2.61728	36.048
2.61596	36.0551
2.61464	35.8372
2.61332	35.8388
2.61201	35.8363
2.61069	36.1007
2.60938	36.2797
2.60807	36.2732
2.60675	36.5463
2.60544	36.877
2.60414	36.5934
2.60283	36.3603
2.60152	36.4005
2.60022	36.4069
2.59891	36.4631
2.59761	36.7395
2.59631	37.406
2.59501	38.0654
2.59371	37.6321
2.59242	36.9606
2.59112	36.8519
2.58983	37.0207
2.58853	37.1085
2.58724	37.0835
2.58595	36.905
2.58466	37.2184
2.58338	37.391
2.58209	37.1133
2.5808	36.9951
2.57952	36.824
2.57824	36.9339
2.57695	37.1675
2.57567	37.1245
2.5744	37.1173
2.57312	37.1509
2.57184	36.9803
2.57057	37.1585
2.56929	37.292
2.56802	37.2506
2.56675	37.3235
2.56548	37.5011
2.56421	37.6436
2.56294	37.7553
2.56168	37.9462
2.56041	37.8511
2.55915	37.6689
2.55789	37.7369
2.55662	37.8043
2.55536	37.8668
2.5541	37.9578
2.55285	38.1408
2.55159	38.4325
2.55034	38.5319
2.54908	38.4573
2.54783	38.5207
2.54658	38.4198
2.54533	38.4309
2.54408	38.6476
2.54283	38.921
2.54159	38.8937
2.54034	38.7287
2.5391	38.8161
2.53785	38.9632
2.53661	39.0262
2.53537	39.0798
2.53413	39.1417
2.53289	39.1789
2.53166	39.182
2.53042	39.1229
2.52919	39.1001
2.52795	39.1575
2.52672	39.0633
2.52549	39.0402
2.52426	39.1089
2.52303	39.1131
2.52181	38.9774
2.52058	38.8978
2.51936	38.8114
2.51813	38.637
2.51691	38.5418
2.51569	38.5677
2.51447	38.5513
2.51325	38.4625
2.51203	38.373
2.51082	38.1395
2.5096	38.0354
2.50839	38.1348
2.50717	38.0797
2.50596	37.9994
2.50475	37.9604
2.50354	37.8549
2.50233	37.6293
2.50113	37.5047
2.49992	37.5313
2.49872	37.4801
2.49751	37.3923
2.49631	37.3166
2.49511	37.1461
2.49391	37.0067
2.49271	37.0163
2.49151	37.1267
2.49031	37.1291
2.48912	36.9867
2.48792	36.9368
2.48673	37.0029
2.48554	36.9615
2.48435	36.9895
2.48316	37.1327
2.48197	37.0765
2.48078	36.9599
2.4796	36.9905
2.47841	36.9952
2.47723	37.124
2.47604	37.2676
2.47486	37.3199
2.47368	37.3834
2.4725	37.5346
2.47132	37.631
2.47014	37.8089
2.46897	38.0885
2.46779	38.2883
2.46662	38.3954
2.46545	38.5446
2.46427	38.6726
2.4631	38.8114
2.46193	39.009
2.46077	39.1434
2.4596	39.3786
2.45843	39.6131
2.45727	39.7084
2.4561	39.7071
2.45494	39.8119
2.45378	40.0338
2.45262	40.1033
2.45146	40.0497
2.4503	39.9748
2.44914	39.9598
2.44799	40.0287
2.44683	40.1365
2.44568	40.1439
2.44452	40.0503
2.44337	40.1664
2.44222	40.2988
2.44107	40.3955
2.43992	40.4513
2.43877	40.3992
2.43763	40.5196
2.43648	40.6309
2.43534	40.5145
2.43419	40.4725
2.43305	40.7247
2.43191	41.0645
2.43077	41.2161
2.42963	41.1889
2.42849	41.3308
2.42736	41.5427
2.42622	41.6715
2.42509	41.7706
2.42395	41.8604
2.42282	42
2.42169	42.1109
2.42056	42.2851
2.41943	42.4872
2.4183	42.6964
2.41717	42.9289
2.41605	43.0921
2.41492	43.1518
2.4138	43.5196
2.41267	43.8622
2.41155	44.0861
2.41043	44.4575
2.40931	44.9542
2.40819	45.2784
2.40707	45.6453
2.40595	46.0562
2.40484	46.3796
2.40372	46.6044
2.40261	47.0818
2.4015	47.8944
2.40039	48.4645
2.39928	48.8204
2.39817	49.3189
2.39706	49.8629
2.39595	50.3648
2.39484	50.8443
2.39374	51.3753
2.39263	51.8761
2.39153	52.3902
2.39043	52.8362
2.38932	53.2025
2.38822	53.6705
2.38712	54.275
2.38603	54.7182
2.38493	55.1837
2.38383	55.8184
2.38274	56.2226
2.38164	56.4528
2.38055	56.7441
2.37946	57.099
2.37836	57.3576
2.37727	57.6739
2.37618	58.139
2.3751	58.5684
2.37401	58.8253
2.37292	58.9824
2.37184	59.3399
2.37075	59.77
2.36967	60.2406
2.36859	60.4791
2.3675	60.6399
2.36642	60.8263
2.36534	61.0493
2.36427	61.2883
2.36319	61.4608
2.36211	61.696
2.36104	61.9601
2.35996	62.1864
2.35889	62.3942
2.35781	62.6327
2.35674	62.9105
2.35567	63.1207
2.3546	63.3488
2.35353	63.5665
2.35247	63.6354
2.3514	63.7099
2.35033	63.9038
2.34927	64.1666
2.3482	64.2877
2.34714	64.397
2.34608	64.518
2.34502	64.7086
2.34396	64.8666
2.3429	64.916
2.34184	64.9737
2.34078	65.0424
2.33973	65.1176
2.33867	65.3298
2.33762	65.5643
2.33656	65.7042
2.33551	65.8479
2.33446	65.9888
2.33341	66.0695
2.33236	66.1625
2.33131	66.2359
2.33026	66.2099
2.32922	66.1939
2.32817	66.2655
2.32712	66.4053
2.32608	66.4629
2.32504	66.5286
2.324	66.5745
2.32295	66.5892
2.32191	66.6328
2.32087	66.6252
2.31984	66.6113
2.3188	66.5552
2.31776	66.5825
2.31673	66.775
2.31569	66.7455
2.31466	66.6537
2.31362	66.6092
2.31259	66.6457
2.31156	66.6215
2.31053	66.5918
2.3095	66.7458
2.30847	66.8274
2.30745	66.8191
2.30642	66.7965
2.3054	66.7856
2.30437	66.8119
2.30335	66.7469
2.30232	66.6308
2.3013	66.6087
2.30028	66.6477
2.29926	66.5711
2.29824	66.5518
2.29722	66.5219
2.29621	66.4547
2.29519	66.3299
2.29417	66.2607
2.29316	66.1981
2.29215	66.204
2.29113	66.1684
2.29012	66.1087
2.28911	66.0748
2.2881	66.0043
2.28709	65.8429
2.28608	65.6546
2.28507	65.6533
2.28407	65.538
2.28306	65.3083
2.28206	65.1835
2.28105	64.9959
2.28005	64.8565
2.27905	64.782
2.27805	64.6093
2.27705	64.4018
2.27605	64.1855
2.27505	63.9701
2.27405	63.7098
2.27305	63.4205
2.27206	63.3406
2.27106	63.1029
2.27007	62.8753
2.26907	62.7845
2.26808	62.7657
2.26709	62.8734
2.2661	63.0139
2.26511	63.2827
2.26412	63.4731
2.26313	63.5549
2.26214	63.7427
2.26116	63.7664
2.26017	63.8025
2.25919	63.9729
2.2582	64.2168
2.25722	64.3637
2.25624	64.3049
2.25526	64.2835
2.25428	64.3204
2.2533	64.376
2.25232	64.4337
2.25134	64.5232
2.25036	64.4818
2.24939	64.365
2.24841	64.4611
2.24744	64.7569
2.24646	64.7774
2.24549	64.5449
2.24452	64.5002
2.24355	64.5438
2.24257	64.5906
2.24161	64.4855
2.24064	64.2706
2.23967	64.257
2.2387	64.3729
2.23774	64.4063
2.23677	64.3077
2.23581	64.0822
2.23484	63.9212
2.23388	63.8313
2.23292	63.5932
2.23196	63.4223
2.231	63.3864
2.23004	63.2043
2.22908	62.8068
2.22812	62.4543
2.22716	62.3144
2.22621	62.1428
2.22525	61.8886
2.2243	61.7374
2.22334	61.5526
2.22239	61.1427
2.22144	60.9358
2.22049	60.8276
2.21953	60.7384
2.21859	60.8539
2.21764	60.7412
2.21669	60.5174
2.21574	60.5853
2.21479	60.8154
2.21385	60.883
2.2129	60.9269
2.21196	61.1065
2.21102	61.3254
2.21007	61.491
2.20913	61.6246
2.20819	61.9002
2.20725	62.1591
2.20631	62.326
2.20537	62.3399
2.20444	62.4485
2.2035	62.5913
2.20256	62.7832
2.20163	62.8688
2.20069	63.0477
2.19976	63.2208
2.19883	63.2036
2.19789	63.3968
2.19696	63.582
2.19603	63.4108
2.1951	63.4025
2.19417	63.5353
2.19325	63.7584
2.19232	63.8917
2.19139	63.9259
2.19047	63.9955
2.18954	63.9453
2.18862	64.1782
2.18769	64.1092
2.18677	63.9479
2.18585	64.1163
2.18493	64.2191
2.18401	64.301
2.18309	64.4783
2.18217	64.2508
2.18125	63.9719
2.18033	64.1848
2.17942	64.2913
2.1785	64.3032
2.17759	64.3261
2.17667	64.3446
2.17576	64.4623
2.17485	64.5231
2.17393	64.612
2.17302	64.6328
2.17211	64.6642
2.1712	64.6479
2.17029	64.8032
2.16939	65.0915
2.16848	65.1312
2.16757	65.032
2.16667	65.1069
2.16576	65.4441
2.16486	65.744
2.16395	65.8084
2.16305	65.8298
2.16215	66.0573
2.16125	65.9736
2.16035	65.8689
2.15945	66.1853
2.15855	66.395
2.15765	66.5019
2.15675	66.6264
2.15586	66.6922
2.15496	66.7674
2.15406	66.8782
2.15317	66.9988
2.15228	66.9977
2.15138	67.1119
2.15049	67.3311
2.1496	67.4179
2.14871	67.4661
2.14782	67.6308
2.14693	67.7427
2.14604	67.7713
2.14515	67.9553
2.14427	68.094
2.14338	68.0569
2.14249	68.1457
2.14161	68.2369
2.14072	68.3228
2.13984	68.2493
2.13896	68.2585
2.13808	68.368
2.13719	68.5485
2.13631	68.7384
2.13543	68.8425
2.13455	68.9992
2.13368	69.0316
2.1328	68.8838
2.13192	68.9471
2.13105	69.11
2.13017	69.2141
2.1293	69.3532
2.12842	69.3472
2.12755	69.4396
2.12668	69.7493
2.1258	69.8037
2.12493	69.7468
2.12406	69.7857
2.12319	69.8623
2.12232	69.9963
2.12145	70.1933
2.12059	70.1752
2.11972	70.0292
2.11885	70.2671
2.11799	70.7482
2.11712	70.9486
2.11626	70.8034
2.1154	70.9626
2.11453	71.032
2.11367	70.9983
2.11281	71.0298
2.11195	71.0881
2.11109	71.2704
2.11023	71.4248
2.10937	71.644
2.10851	71.8811
2.10766	72.0233
2.1068	72.0735
2.10594	72.1011
2.10509	71.9836
2.10423	72.132
2.10338	72.3974
2.10253	72.3987
2.10168	72.273
2.10082	72.1892
2.09997	72.3383
2.09912	72.6519
2.09827	72.8894
2.09742	73.1083
2.09658	73.3415
2.09573	73.3517
2.09488	73.2692
2.09404	73.3101
2.09319	73.446
2.09235	73.5165
2.0915	73.6584
2.09066	73.6622
2.08982	73.5826
2.08897	73.5796
2.08813	73.9538
2.08729	74.1063
2.08645	73.8466
2.08561	73.7547
2.08477	73.9586
2.08394	73.9733
2.0831	74.1329
2.08226	74.5092
2.08143	74.7649
2.08059	74.5781
2.07976	74.1479
2.07892	74.2463
2.07809	74.2614
2.07726	74.1525
2.07643	74.1928
2.07559	74.3695
2.07476	74.7318
2.07393	74.6829
2.0731	74.4215
2.07228	74.2213
2.07145	74.3048
2.07062	74.2574
2.06979	74.2444
2.06897	74.264
2.06814	74.2821
2.06732	74.1734
2.06649	74.0701
2.06567	74.2233
2.06485	74.1193
2.06403	74.2296
2.0632	74.438
2.06238	74.431
2.06156	74.4467
2.06074	74.4845
2.05993	74.424
2.05911	74.3995
2.05829	74.5462
2.05747	74.5535
2.05666	74.5372
2.05584	74.6832
2.05503	74.7629
2.05421	74.4471
2.0534	74.3037
2.05259	74.6022
2.05177	74.5441
2.05096	74.4586
2.05015	74.5569
2.04934	74.6519
2.04853	74.6345
2.04772	74.4829
2.04691	74.1992
2.04611	74.2061
2.0453	74.2781
2.04449	73.984
2.04369	73.8612
2.04288	74.115
2.04208	74.1087
2.04127	73.8071
2.04047	73.6279
2.03967	73.6502
2.03886	73.5222
2.03806	73.3763
2.03726	73.3721
2.03646	73.3427
2.03566	73.238
2.03486	73.2622
2.03407	73.205
2.03327	72.9059
2.03247	72.5343
2.03167	72.3283
2.03088	72.3051
2.03008	72.3551
2.02929	72.2812
2.0285	72.2068
2.0277	72.2124
2.02691	71.8497
2.02612	71.5652
2.02533	71.5414
2.02453	71.232
2.02374	70.9728
2.02295	70.7132
2.02217	70.5207
2.02138	70.6264
2.02059	70.5734
2.0198	70.2932
2.01902	70.0499
2.01823	69.5482
2.01744	69.2191
2.01666	69.0775
2.01588	69.2903
2.01509	69.1132
2.01431	68.5158
2.01353	67.8112
2.01275	67.3326
2.01196	67.1116
2.01118	66.5734
2.0104	66.1693
2.00963	65.9948
2.00885	65.7689
2.00807	65.5405
2.00729	65.5542
2.00651	65.1816
2.00574	64.5768
2.00496	63.851
2.00419	63.2299
2.00341	62.4541
2.00264	61.7684
2.00187	61.073
2.00109	60.3669
2.00032	59.5175
