Name: Jarosite KFe_3^3+(SO_4)_2(OH)_6
Type: Mineral
Class: Sulfates
Subclass: 
Particle Size: 0-45um
Sample No.: SO-7A
Owner: JPL
Wavelength range: IR
Origin: Mexico, Chihuahua
Collected by Ward's
Description: 





Measurement: Hemispherical reflectance
First Column: X
Second Column: Y
X Units:  Wavelength (micrometers)
Y Units:  Reflectance (percent)
First X Value: 15.3853
Last X Value: 2.00032
Number of X Values: 2256
Additional information: so07aa.txt
 
15.3853	1.62048
15.3397	2.00017
15.2945	2.10535
15.2495	1.7934
15.2048	1.67733
15.1603	1.85431
15.1161	2.06471
15.0722	2.0546
15.0285	1.74892
14.9851	1.70146
14.9419	1.82354
14.8989	2.06418
14.8563	2.13159
14.8138	2.13446
14.7716	2.17969
14.7296	2.18765
14.6879	2.2492
14.6464	2.40764
14.6052	2.30607
14.5641	2.15524
14.5233	2.25777
14.4828	2.25482
14.4424	2.27849
14.4023	2.39489
14.3624	2.40806
14.3227	2.57198
14.2833	2.76835
14.244	2.81558
14.205	2.89942
14.1662	2.84238
14.1276	2.6624
14.0892	2.58957
14.051	2.66085
14.0131	2.89613
13.9753	3.01563
13.9377	3.16313
13.9004	3.16526
13.8632	3.17443
13.8262	3.16443
13.7895	3.0908
13.7529	3.14565
13.7165	3.46757
13.6803	3.55711
13.6443	3.40583
13.6085	3.4168
13.5729	3.45197
13.5374	3.45194
13.5022	3.61255
13.4671	3.80329
13.4322	3.91822
13.3975	4.11683
13.363	4.23666
13.3286	4.3197
13.2944	4.51569
13.2604	4.66098
13.2266	4.79704
13.193	5.09357
13.1595	5.42249
13.1262	5.64162
13.093	5.60891
13.06	5.47839
13.0272	5.65883
12.9946	5.78311
12.9621	5.85299
12.9298	5.82533
12.8976	5.78949
12.8656	5.75541
12.8337	5.6155
12.8021	5.45741
12.7705	5.21795
12.7391	4.89567
12.7079	4.63598
12.6769	4.36129
12.6459	4.03209
12.6152	3.7373
12.5845	3.53922
12.5541	3.30224
12.5238	3.03939
12.4936	2.83148
12.4635	2.66832
12.4337	2.46596
12.4039	2.32915
12.3743	2.21333
12.3448	2.17278
12.3155	2.1871
12.2863	2.0604
12.2573	1.85214
12.2284	1.81895
12.1996	1.78276
12.171	1.81819
12.1425	1.78747
12.1141	1.59725
12.0859	1.52793
12.0578	1.47324
12.0298	1.2405
12.0019	1.16562
11.9742	1.16619
11.9466	1.12164
11.9192	1.04417
11.8918	1.09676
11.8646	1.22962
11.8375	1.29706
11.8106	1.25142
11.7837	1.18566
11.757	1.26072
11.7304	1.27517
11.7039	1.29401
11.6776	1.43892
11.6513	1.4614
11.6252	1.47893
11.5992	1.63092
11.5733	1.58061
11.5475	1.49416
11.5219	1.52173
11.4963	1.48458
11.4709	1.46536
11.4455	1.51649
11.4203	1.75278
11.3952	1.90781
11.3702	2.06502
11.3454	2.1486
11.3206	2.19575
11.2959	2.31247
11.2714	2.36279
11.2469	2.57326
11.2226	2.8822
11.1983	3.12195
11.1742	3.35572
11.1502	3.56248
11.1263	3.76489
11.1024	3.87958
11.0787	4.03134
11.0551	4.37597
11.0316	4.65276
11.0081	4.78427
10.9848	4.84229
10.9616	4.94106
10.9385	5.09937
10.9154	5.17901
10.8925	5.28721
10.8697	5.53775
10.8469	5.85102
10.8243	6.03291
10.8017	6.16731
10.7793	6.31132
10.7569	6.40009
10.7346	6.4991
10.7125	6.64131
10.6904	6.8087
10.6684	7.04852
10.6465	7.27031
10.6247	7.31138
10.6029	7.39622
10.5813	7.51299
10.5597	7.39483
10.5383	7.4141
10.5169	7.38197
10.4956	7.35567
10.4744	7.37678
10.4533	7.40909
10.4323	7.44938
10.4113	7.45947
10.3904	7.39913
10.3697	7.29465
10.349	7.22673
10.3284	7.22303
10.3078	7.12965
10.2874	6.8859
10.267	6.57384
10.2467	6.25263
10.2265	5.89452
10.2064	5.52625
10.1863	5.10051
10.1663	4.72483
10.1464	4.42102
10.1266	4.08443
10.1069	3.68679
10.0872	3.3991
10.0676	3.24608
10.0481	3.03872
10.0287	2.70044
10.0093	2.46241
9.99005	2.42684
9.97084	2.5018
9.95169	2.49945
9.93263	2.61096
9.91364	2.75466
9.89472	2.74621
9.87587	2.71326
9.8571	2.60871
9.83839	2.46947
9.81976	2.33051
9.80119	2.29009
9.78271	2.33152
9.76428	2.28002
9.74592	2.1502
9.72764	2.1478
9.70943	2.05237
9.69128	1.92244
9.6732	1.8129
9.65518	1.73529
9.63724	1.72612
9.61935	1.75216
9.60155	1.66995
9.5838	1.63293
9.56611	1.78393
9.5485	1.78929
9.53094	1.79195
9.51345	1.89805
9.49604	2.09293
9.47867	2.08182
9.46137	2.017
9.44414	2.07823
9.42697	2.26678
9.40986	2.42119
9.39281	2.39182
9.37583	2.2327
9.35891	2.10293
9.34204	2.15414
9.32524	2.2392
9.3085	2.17557
9.29182	2.2951
9.27519	2.35301
9.25863	2.11127
9.24213	2.08211
9.22568	2.19297
9.2093	2.13477
9.19297	1.99977
9.17669	2.01311
9.16048	2.05403
9.14433	1.89399
9.12823	1.89512
9.11218	2.0198
9.0962	2.06933
9.08027	2.04261
9.06439	1.91958
9.04858	1.83434
9.03281	1.81253
9.0171	1.90346
9.00145	1.91784
8.98585	1.9381
8.9703	2.01474
8.9548	1.98714
8.93937	2.01921
8.92398	1.95538
8.90865	1.70706
8.89337	1.62167
8.87814	1.58212
8.86296	1.41736
8.84784	1.34549
8.83277	1.27167
8.81774	1.20344
8.80277	1.0611
8.78786	1.04464
8.77298	1.22178
8.75816	1.35748
8.7434	1.27381
8.72868	1.21658
8.714	1.31332
8.69938	1.28797
8.68481	1.13993
8.67029	1.10202
8.65581	1.07443
8.64139	1.05922
8.62701	1.17439
8.61268	1.27453
8.5984	1.27022
8.58416	1.24323
8.56997	1.39217
8.55583	1.35413
8.54174	1.28847
8.52769	1.30119
8.51368	1.25135
8.49973	1.23323
8.48582	1.24257
8.47195	1.22479
8.45813	1.25531
8.44436	1.26068
8.43062	1.28904
8.41693	1.40291
8.4033	1.43524
8.3897	1.51971
8.37614	1.48228
8.36264	1.46732
8.34917	1.4273
8.33574	1.52151
8.32236	1.60421
8.30903	1.63575
8.29573	1.79619
8.28248	1.8635
8.26927	2.02692
8.2561	1.97142
8.24298	1.8075
8.2299	2.04184
8.21685	2.28462
8.20385	2.41878
8.19089	2.47816
8.17797	2.60133
8.16509	2.81314
8.15225	2.9434
8.13946	3.2172
8.1267	3.48711
8.11398	3.76565
8.10131	4.03137
8.08867	4.21312
8.07606	4.50255
8.0635	4.80418
8.05099	5.237
8.0385	5.6858
8.02606	6.0699
8.01366	6.44977
8.00129	6.88994
7.98896	7.5339
7.97667	8.24572
7.96442	8.92794
7.9522	9.5834
7.94002	10.2238
7.92788	10.8211
7.91578	11.3255
7.90371	11.8558
7.89168	12.4141
7.87969	12.9243
7.86773	13.3134
7.85581	13.7222
7.84392	14.2441
7.83207	14.6595
7.82026	14.9825
7.80849	15.3791
7.79674	15.6786
7.78503	15.9628
7.77337	16.3881
7.76173	16.7514
7.75012	17.0188
7.73856	17.274
7.72703	17.4781
7.71553	17.7752
7.70406	18.0677
7.69263	18.2494
7.68123	18.4698
7.66987	18.7006
7.65855	18.8455
7.64725	19.0933
7.63598	19.3239
7.62475	19.5148
7.61356	19.7472
7.60239	19.9452
7.59126	20.0172
7.58017	20.19
7.5691	20.4142
7.55806	20.5484
7.54707	20.6251
7.5361	20.6674
7.52516	20.8186
7.51425	21.0043
7.50338	21.078
7.49253	21.0828
7.48172	21.1597
7.47094	21.2849
7.46019	21.3887
7.44947	21.3112
7.43879	21.3222
7.42813	21.477
7.4175	21.6152
7.4069	21.7957
7.39634	21.9585
7.3858	22.1504
7.37529	22.31
7.36482	22.4144
7.35437	22.5288
7.34396	22.686
7.33357	22.782
7.32321	22.7878
7.31288	22.9169
7.30258	23.0542
7.29231	23.1037
7.28207	23.1782
7.27185	23.327
7.26167	23.4068
7.25152	23.427
7.24139	23.4726
7.23129	23.6751
7.22122	23.8776
7.21117	24.0881
7.20116	24.173
7.19117	24.2581
7.18121	24.5026
7.17128	24.7848
7.16137	24.8786
7.1515	24.9622
7.14164	24.9795
7.13182	25.0101
7.12203	25.1917
7.11225	25.2653
7.10251	25.2154
7.0928	25.2782
7.08311	25.368
7.07344	25.4743
7.06381	25.6409
7.0542	25.8632
7.04461	26.0066
7.03506	25.7928
7.02552	25.7164
7.01601	25.6843
7.00653	25.6302
6.99708	25.7792
6.98765	25.8483
6.97824	25.8254
6.96886	26.0544
6.95951	26.3467
6.95018	26.0823
6.94087	25.9641
6.9316	25.9496
6.92234	25.9417
6.91311	26.0763
6.90391	26.1861
6.89473	26.1066
6.88557	26.1315
6.87644	26.3578
6.86733	27.0171
6.85824	27.0003
6.84918	26.5056
6.84015	26.3375
6.83114	26.5993
6.82215	26.7761
6.81319	26.6488
6.80424	26.7455
6.79532	27.2542
6.78643	27.5219
6.77756	27.4319
6.76871	27.3698
6.75989	27.2927
6.75109	27.323
6.74231	27.3318
6.73355	27.4864
6.72482	27.6996
6.71611	27.8278
6.70742	27.8032
6.69875	27.6469
6.69011	27.813
6.68149	28.1344
6.67289	28.0308
6.66431	27.802
6.65576	27.7061
6.64722	28.1063
6.63871	28.675
6.63022	28.3259
6.62175	27.8671
6.61331	27.7941
6.60488	27.7536
6.59648	27.8868
6.5881	27.9109
6.57974	28.046
6.5714	28.1923
6.56308	27.8545
6.55478	27.6933
6.54651	27.5434
6.53825	27.3702
6.53001	27.3197
6.5218	27.481
6.51361	27.2724
6.50544	27.3616
6.49729	28.0268
6.48915	28.0655
6.48104	27.5525
6.47295	27.2019
6.46488	26.9727
6.45683	26.8745
6.4488	26.7987
6.44079	26.85
6.4328	27.0853
6.42482	27.3391
6.41687	27.9824
6.40894	27.7263
6.40103	26.9791
6.39314	26.7604
6.38526	26.627
6.37741	26.7244
6.36957	26.8474
6.36176	26.6093
6.35396	26.6404
6.34618	27.0579
6.33843	26.8763
6.33069	26.4814
6.32297	26.4528
6.31527	26.4622
6.30758	26.5369
6.29992	26.5754
6.29227	26.5124
6.28465	26.4703
6.27704	26.4733
6.26945	26.408
6.26188	26.3484
6.25432	26.2505
6.24679	26.2525
6.23927	26.1625
6.23177	26.0169
6.22429	26.0046
6.21683	25.9696
6.20938	25.8574
6.20195	25.7422
6.19454	25.7141
6.18715	25.8804
6.17978	25.5253
6.17242	25.0906
6.16508	25.0881
6.15776	24.9597
6.15045	24.7289
6.14317	24.728
6.1359	24.64
6.12864	24.5389
6.12141	24.7818
6.11419	25.1944
6.10699	25.0565
6.0998	24.8021
6.09263	24.7208
6.08549	24.8752
6.07835	25.361
6.07123	25.5349
6.06413	25.2593
6.05705	25.537
6.04998	26.3308
6.04293	25.8522
6.0359	25.1638
6.02888	25.0376
6.02187	25.2005
6.01489	25.4318
6.00792	25.3069
6.00096	25.1944
5.99403	25.3945
5.98711	25.4425
5.9802	25.3686
5.97331	25.564
5.96644	25.6731
5.95958	25.4016
5.95274	25.4149
5.94591	25.7239
5.9391	26.3452
5.9323	26.2235
5.92552	25.7497
5.91876	25.6979
5.91201	25.7287
5.90528	25.9524
5.89856	26.5438
5.89186	26.5938
5.88517	26.81
5.8785	26.926
5.87184	26.4619
5.8652	26.5128
5.85857	26.5012
5.85196	26.3774
5.84536	26.4218
5.83878	26.6464
5.83221	26.9338
5.82566	27.409
5.81912	27.4677
5.81259	27.0294
5.80608	26.9798
5.79959	27.1725
5.79311	27.2294
5.78665	27.3584
5.78019	27.5225
5.77376	27.8834
5.76734	28.4778
5.76093	28.1446
5.75453	27.8384
5.74815	28.0252
5.74179	27.9931
5.73543	28.0053
5.7291	28.0502
5.72277	28.2042
5.71646	28.4017
5.71017	28.5805
5.70389	28.3824
5.69762	28.3009
5.69136	28.4199
5.68513	28.3899
5.6789	28.5139
5.67268	28.5612
5.66648	28.4446
5.6603	28.616
5.65413	28.7237
5.64797	28.897
5.64182	29.1361
5.63569	28.8349
5.62957	28.6435
5.62347	28.6513
5.61737	28.7247
5.61129	28.8221
5.60522	28.9022
5.59917	28.8194
5.59313	28.7366
5.5871	28.8831
5.58109	29.1758
5.57509	29.1365
5.5691	28.9582
5.56312	29.0587
5.55716	29.2116
5.55121	29.2648
5.54528	29.214
5.53935	29.2533
5.53344	29.2097
5.52754	29.2832
5.52166	29.3696
5.51578	29.4102
5.50992	29.4653
5.50407	29.4861
5.49823	29.5026
5.49241	29.6256
5.4866	29.7663
5.4808	29.9204
5.47501	29.888
5.46923	29.9502
5.46347	30.0677
5.45772	30.012
5.45198	30.0159
5.44625	30.0849
5.44054	30.1605
5.43484	30.1725
5.42914	30.3669
5.42347	30.6743
5.4178	30.6231
5.41214	30.5232
5.4065	30.502
5.40087	30.4986
5.39525	30.6198
5.38964	30.7401
5.38404	30.7898
5.37846	30.8161
5.37288	30.8906
5.36732	30.9602
5.36177	31.0046
5.35623	31.1203
5.35071	31.2664
5.34519	31.3102
5.33968	31.2717
5.33419	31.2377
5.32871	31.2716
5.32324	31.2644
5.31778	31.2328
5.31233	31.2487
5.30689	31.2198
5.30147	31.1355
5.29605	31.1044
5.29065	31.165
5.28525	31.1401
5.27987	31.0896
5.2745	30.958
5.26914	30.8575
5.26379	30.8082
5.25845	30.7711
5.25312	30.7051
5.24781	30.5726
5.2425	30.4065
5.23721	30.2481
5.23192	30.0787
5.22665	29.9346
5.22138	29.7219
5.21613	29.6034
5.21089	29.4195
5.20566	29.1381
5.20044	28.9274
5.19522	28.6183
5.19002	28.2678
5.18483	27.9413
5.17965	27.7029
5.17448	27.4888
5.16933	27.1919
5.16418	26.9169
5.15904	26.6015
5.15391	26.284
5.14879	26.0223
5.14368	25.6999
5.13859	25.3784
5.1335	25.0837
5.12842	24.8252
5.12335	24.517
5.1183	24.2567
5.11325	24.0421
5.10821	23.763
5.10318	23.5405
5.09817	23.3892
5.09316	23.3201
5.08816	23.1861
5.08317	23.0569
5.07819	22.9491
5.07322	22.8771
5.06826	22.844
5.06331	22.8098
5.05837	22.693
5.05344	22.5953
5.04852	22.6041
5.04361	22.605
5.03871	22.5627
5.03382	22.4334
5.02894	22.377
5.02406	22.376
5.0192	22.2672
5.01435	22.1335
5.0095	22.0071
5.00467	21.941
4.99984	21.9197
4.99502	21.8087
4.99021	21.6965
4.98542	21.6479
4.98063	21.6026
4.97585	21.4856
4.97108	21.2807
4.96632	21.2017
4.96156	21.1804
4.95682	21.1185
4.95209	21.0875
4.94736	21.0966
4.94264	21.0352
4.93794	21.042
4.93324	21.1288
4.92855	21.1645
4.92387	21.1594
4.9192	21.1718
4.91453	21.2001
4.90988	21.2848
4.90524	21.3846
4.9006	21.3723
4.89597	21.3525
4.89135	21.3951
4.88674	21.3796
4.88214	21.3445
4.87755	21.3355
4.87296	21.3189
4.86839	21.2739
4.86382	21.2396
4.85926	21.1927
4.85471	21.1327
4.85017	21.0874
4.84564	21.0545
4.84111	20.9551
4.8366	20.898
4.83209	20.8743
4.82759	20.8378
4.8231	20.8512
4.81862	20.8071
4.81415	20.6992
4.80968	20.6561
4.80522	20.6219
4.80077	20.582
4.79633	20.4999
4.7919	20.3769
4.78747	20.2926
4.78306	20.2249
4.77865	20.1571
4.77425	20.0054
4.76986	19.9262
4.76547	19.8826
4.7611	19.7799
4.75673	19.6718
4.75237	19.5229
4.74802	19.3574
4.74367	19.3021
4.73934	19.2582
4.73501	19.1164
4.73069	18.9505
4.72638	18.7748
4.72207	18.6513
4.71777	18.6629
4.71348	18.6122
4.7092	18.5139
4.70493	18.4893
4.70066	18.3427
4.69641	18.2248
4.69216	18.1887
4.68791	18.1562
4.68368	18.0739
4.67945	17.999
4.67523	17.9754
4.67102	17.9242
4.66682	17.8977
4.66262	17.9314
4.65843	17.8975
4.65425	17.9031
4.65007	17.9349
4.64591	18.021
4.64175	18.0836
4.6376	18.1264
4.63345	18.256
4.62932	18.3384
4.62519	18.3632
4.62106	18.4855
4.61695	18.614
4.61284	18.6772
4.60874	18.7204
4.60465	18.8269
4.60056	18.951
4.59648	19.1276
4.59241	19.2317
4.58835	19.3729
4.58429	19.5386
4.58024	19.5464
4.5762	19.5901
4.57216	19.7181
4.56814	19.8441
4.56411	19.9889
4.5601	20.1944
4.55609	20.3195
4.55209	20.3772
4.5481	20.5018
4.54411	20.6679
4.54013	20.88
4.53616	21.0064
4.5322	21.1258
4.52824	21.3169
4.52429	21.4835
4.52034	21.6765
4.51641	21.8973
4.51247	22.1446
4.50855	22.3711
4.50463	22.5563
4.50072	22.7726
4.49682	23.0648
4.49292	23.3737
4.48903	23.6306
4.48515	23.9201
4.48127	24.2417
4.4774	24.5324
4.47354	24.8216
4.46968	25.1356
4.46584	25.4745
4.46199	25.7863
4.45815	26.1485
4.45432	26.4918
4.4505	26.75
4.44668	27.0592
4.44287	27.416
4.43907	27.6775
4.43527	27.9373
4.43148	28.2417
4.4277	28.5001
4.42392	28.8033
4.42015	29.06
4.41638	29.3054
4.41262	29.5353
4.40887	29.7506
4.40513	30.0126
4.40139	30.1725
4.39765	30.3243
4.39393	30.5279
4.39021	30.6996
4.38649	30.8398
4.38278	30.9497
4.37908	31.171
4.37539	31.3749
4.3717	31.4936
4.36801	31.6208
4.36434	31.687
4.36067	31.7432
4.357	31.8258
4.35335	31.8831
4.34969	32.0065
4.34605	32.1103
4.34241	32.1921
4.33877	32.3822
4.33514	32.4019
4.33152	32.3899
4.32791	32.4375
4.3243	32.5042
4.32069	32.5699
4.3171	32.6807
4.31351	32.6865
4.30992	32.6905
4.30634	32.749
4.30277	32.7595
4.2992	32.7125
4.29564	32.6773
4.29208	32.7603
4.28853	32.8488
4.28499	32.8451
4.28145	32.7506
4.27792	32.6594
4.27439	32.6435
4.27087	32.6979
4.26735	32.7171
4.26384	32.7763
4.26034	32.8852
4.25684	32.8849
4.25335	32.825
4.24986	32.7401
4.24638	32.6789
4.24291	32.706
4.23944	32.7929
4.23598	32.8355
4.23252	32.7604
4.22906	32.7212
4.22562	32.735
4.22218	32.817
4.21874	32.8521
4.21531	32.783
4.21189	32.8124
4.20847	32.904
4.20506	32.9285
4.20165	32.9459
4.19825	32.9289
4.19485	32.9147
4.19146	32.9408
4.18807	32.8651
4.18469	32.8897
4.18132	32.8891
4.17795	32.845
4.17458	32.8124
4.17123	32.7772
4.16787	32.8367
4.16453	32.8636
4.16118	32.9064
4.15785	32.8979
4.15451	32.847
4.15119	32.8353
4.14787	32.831
4.14455	32.8483
4.14124	32.8313
4.13794	32.83
4.13464	32.874
4.13134	32.8306
4.12805	32.8276
4.12477	32.7798
4.12149	32.691
4.11822	32.7281
4.11495	32.7634
4.11168	32.6624
4.10843	32.6475
4.10517	32.7481
4.10192	32.7057
4.09868	32.6392
4.09545	32.6493
4.09221	32.6423
4.08899	32.5792
4.08576	32.5144
4.08255	32.4425
4.07933	32.3699
4.07613	32.3075
4.07292	32.2311
4.06973	32.2404
4.06654	32.2694
4.06335	32.2157
4.06017	32.0744
4.05699	32.05
4.05382	32.0159
4.05065	31.9306
4.04749	31.8123
4.04433	31.7002
4.04118	31.6179
4.03803	31.5177
4.03489	31.4467
4.03175	31.4093
4.02862	31.2977
4.02549	31.1851
4.02237	31.0735
4.01925	31.0307
4.01614	30.9929
4.01303	30.9439
4.00993	30.8438
4.00683	30.6545
4.00373	30.5382
4.00064	30.4618
3.99756	30.3141
3.99448	30.1746
3.9914	30.0981
3.98833	30.0264
3.98527	29.8766
3.98221	29.7165
3.97915	29.5477
3.9761	29.4244
3.97305	29.3255
3.97001	29.2396
3.96697	29.1449
3.96394	29.0151
3.96091	28.8075
3.95789	28.6545
3.95487	28.5158
3.95186	28.3757
3.94885	28.2717
3.94584	28.2216
3.94284	28.0928
3.93984	27.8532
3.93685	27.7051
3.93386	27.5567
3.93088	27.3678
3.9279	27.2781
3.92493	27.1779
3.92196	27.0097
3.919	26.8396
3.91604	26.699
3.91308	26.498
3.91013	26.3688
3.90718	26.1985
3.90424	26.0067
3.9013	25.8153
3.89837	25.7042
3.89544	25.5362
3.89252	25.3804
3.8896	25.2605
3.88668	25.0799
3.88377	24.9394
3.88086	24.7965
3.87796	24.6877
3.87506	24.5263
3.87217	24.373
3.86928	24.1945
3.86639	24.115
3.86351	23.9984
3.86064	23.7346
3.85776	23.5322
3.8549	23.4923
3.85203	23.4136
3.84917	23.1726
3.84631	22.9567
3.84346	22.8166
3.84062	22.7063
3.83777	22.6248
3.83494	22.4875
3.8321	22.2578
3.82927	22.0251
3.82644	21.9072
3.82362	21.8297
3.82081	21.6008
3.81799	21.4664
3.81518	21.3331
3.81238	21.1445
3.80958	21.0382
3.80678	20.9717
3.80399	20.772
3.8012	20.5389
3.79841	20.4269
3.79563	20.3257
3.79286	20.1333
3.79008	20.0555
3.78731	20.0086
3.78455	19.8214
3.78179	19.6515
3.77903	19.5283
3.77628	19.391
3.77353	19.3005
3.77079	19.1189
3.76805	18.9288
3.76531	18.7764
3.76258	18.6481
3.75985	18.5129
3.75713	18.3086
3.7544	18.1149
3.75169	17.9982
3.74898	17.9526
3.74627	17.793
3.74356	17.636
3.74086	17.4745
3.73816	17.3518
3.73547	17.2275
3.73278	17.0852
3.7301	17.0038
3.72741	16.8857
3.72474	16.7245
3.72206	16.5486
3.71939	16.394
3.71673	16.2597
3.71406	16.1469
3.71141	16.0001
3.70875	15.8605
3.7061	15.7361
3.70345	15.6476
3.70081	15.5948
3.69817	15.4255
3.69553	15.2174
3.6929	15.1025
3.69027	15.0124
3.68765	14.8692
3.68503	14.7472
3.68241	14.5983
3.6798	14.4344
3.67719	14.3604
3.67458	14.2046
3.67198	14.0661
3.66938	14.0188
3.66678	13.9382
3.66419	13.8538
3.66161	13.7475
3.65902	13.6485
3.65644	13.4557
3.65387	13.2795
3.65129	13.1666
3.64872	13.0649
3.64616	12.9687
3.64359	12.9213
3.64103	12.8602
3.63848	12.726
3.63593	12.4253
3.63338	12.2598
3.63084	12.2579
3.6283	12.2433
3.62576	12.1107
3.62322	11.9468
3.62069	11.8985
3.61817	11.8253
3.61564	11.6992
3.61312	11.5486
3.61061	11.3747
3.6081	11.3572
3.60559	11.2962
3.60308	11.1429
3.60058	11.0265
3.59808	10.9908
3.59558	10.9513
3.59309	10.8093
3.59061	10.6418
3.58812	10.5083
3.58564	10.3696
3.58316	10.2582
3.58069	10.2265
3.57822	10.1824
3.57575	10.1727
3.57328	10.0905
3.57082	9.90197
3.56836	9.77896
3.56591	9.68573
3.56346	9.56073
3.56101	9.53847
3.55857	9.47041
3.55613	9.3431
3.55369	9.23646
3.55126	9.2144
3.54883	9.15711
3.5464	9.04063
3.54397	8.89762
3.54155	8.86937
3.53914	8.80552
3.53672	8.73245
3.53431	8.66856
3.5319	8.55803
3.5295	8.50169
3.5271	8.44513
3.5247	8.45129
3.52231	8.40913
3.51991	8.26582
3.51753	8.17135
3.51514	8.19781
3.51276	8.16431
3.51038	8.03239
3.50801	7.95794
3.50563	7.88407
3.50327	7.7821
3.5009	7.651
3.49854	7.52502
3.49618	7.6061
3.49382	7.70711
3.49147	7.63826
3.48912	7.4988
3.48677	7.38345
3.48443	7.29497
3.48209	7.19536
3.47975	7.14083
3.47742	7.17719
3.47509	7.1311
3.47276	7.0218
3.47044	6.99312
3.46812	6.96803
3.4658	6.90383
3.46348	6.91554
3.46117	6.92686
3.45886	6.80622
3.45656	6.81946
3.45425	6.81497
3.45195	6.70514
3.44966	6.69115
3.44736	6.67445
3.44507	6.66947
3.44279	6.56613
3.4405	6.41
3.43822	6.41855
3.43594	6.3408
3.43367	6.22536
3.43139	6.26911
3.42912	6.35864
3.42686	6.34488
3.42459	6.24929
3.42233	6.21329
3.42007	6.25037
3.41782	6.22969
3.41557	6.15161
3.41332	6.08919
3.41108	6.04833
3.40883	6.02794
3.40659	6.06186
3.40435	6.02001
3.40212	6.00699
3.39989	5.95544
3.39766	5.89006
3.39544	5.8115
3.39322	5.73241
3.391	5.7029
3.38878	5.82517
3.38657	5.97099
3.38436	5.87271
3.38215	5.74332
3.37994	5.74803
3.37774	5.80041
3.37554	5.83791
3.37335	5.84381
3.37115	5.86674
3.36896	5.84643
3.36678	5.791
3.36459	5.75994
3.36241	5.71613
3.36023	5.63724
3.35805	5.66229
3.35588	5.78988
3.35371	5.7851
3.35154	5.6399
3.34938	5.53537
3.34721	5.58546
3.34505	5.7207
3.3429	5.65551
3.34074	5.62775
3.33859	5.69915
3.33644	5.69502
3.3343	5.71809
3.33215	5.68185
3.33001	5.59215
3.32788	5.5383
3.32574	5.51288
3.32361	5.50801
3.32148	5.61979
3.31936	5.72102
3.31723	5.66567
3.31511	5.60788
3.31299	5.60296
3.31088	5.66168
3.30876	5.72386
3.30665	5.7931
3.30455	5.84524
3.30244	5.83608
3.30034	5.74182
3.29824	5.74007
3.29614	5.76687
3.29405	5.74268
3.29196	5.82832
3.28987	5.85485
3.28778	5.81637
3.2857	5.85981
3.28362	5.84426
3.28154	5.75451
3.27946	5.84682
3.27739	5.9075
3.27532	5.84958
3.27325	5.82483
3.27119	5.95856
3.26913	6.02047
3.26707	5.97347
3.26501	5.93778
3.26295	5.96423
3.2609	5.90054
3.25885	5.91449
3.2568	6.07153
3.25476	6.08907
3.25272	5.97227
3.25068	5.9752
3.24864	6.06859
3.24661	6.13434
3.24458	6.13118
3.24255	6.17474
3.24052	6.16715
3.2385	6.16894
3.23648	6.24137
3.23446	6.23415
3.23244	6.25115
3.23043	6.2438
3.22841	6.12802
3.2264	6.25549
3.2244	6.42952
3.22239	6.41909
3.22039	6.33165
3.21839	6.41687
3.2164	6.49802
3.2144	6.45162
3.21241	6.38249
3.21042	6.4051
3.20844	6.4818
3.20645	6.59613
3.20447	6.54218
3.20249	6.55109
3.20051	6.56327
3.19854	6.63824
3.19657	6.67615
3.1946	6.71793
3.19263	6.91537
3.19067	6.87005
3.1887	6.70118
3.18674	6.70166
3.18479	6.84925
3.18283	6.91753
3.18088	6.8823
3.17893	6.86686
3.17698	6.80494
3.17504	6.833
3.17309	6.85448
3.17115	6.8738
3.16921	6.94589
3.16728	7.04055
3.16534	6.97618
3.16341	6.98307
3.16148	7.03398
3.15956	7.04818
3.15763	7.17585
3.15571	7.15624
3.15379	7.06073
3.15187	7.12833
3.14996	7.24338
3.14805	7.21577
3.14614	7.23482
3.14423	7.18682
3.14232	7.10835
3.14042	7.25334
3.13852	7.33948
3.13662	7.26736
3.13472	7.09424
3.13283	6.99852
3.13094	7.07657
3.12905	7.1929
3.12716	7.20799
3.12528	7.11955
3.12339	7.05319
3.12151	7.10384
3.11964	7.15879
3.11776	7.2329
3.11589	7.14932
3.11401	7.10494
3.11214	7.05577
3.11028	6.92267
3.10841	6.96792
3.10655	7.06763
3.10469	6.99907
3.10283	6.89441
3.10098	6.8391
3.09912	6.75561
3.09727	6.68441
3.09542	6.6042
3.09358	6.65893
3.09173	6.699
3.08989	6.62513
3.08805	6.46147
3.08621	6.34319
3.08437	6.35092
3.08254	6.2667
3.08071	6.14691
3.07888	6.01376
3.07705	5.92364
3.07523	5.86132
3.0734	5.7766
3.07158	5.69299
3.06977	5.52392
3.06795	5.46256
3.06613	5.42409
3.06432	5.48195
3.06251	5.40962
3.0607	5.22127
3.0589	5.07409
3.0571	4.97152
3.05529	4.99905
3.05349	5.01421
3.0517	4.92567
3.0499	4.80411
3.04811	4.63576
3.04632	4.63594
3.04453	4.63826
3.04274	4.53257
3.04096	4.43636
3.03918	4.29195
3.0374	4.09161
3.03562	4.00816
3.03384	4.01949
3.03207	3.9938
3.03029	3.86792
3.02852	3.85515
3.02676	3.71511
3.02499	3.50638
3.02323	3.48291
3.02146	3.4124
3.0197	3.26758
3.01795	3.16205
3.01619	3.22799
3.01444	3.22477
3.01269	3.09652
3.01094	2.97534
3.00919	2.9867
3.00744	2.9377
3.0057	2.82607
3.00396	2.73194
3.00222	2.7867
3.00048	2.68131
2.99875	2.49493
2.99701	2.40953
2.99528	2.3374
2.99355	2.29457
2.99183	2.25542
2.9901	2.18298
2.98838	2.20561
2.98666	2.16855
2.98494	2.20196
2.98322	2.1806
2.9815	2.09638
2.97979	2.12157
2.97808	1.96376
2.97637	1.86628
2.97466	1.99491
2.97295	2.00832
2.97125	2.10051
2.96955	2.05203
2.96785	1.91038
2.96615	1.96176
2.96446	1.98063
2.96276	1.91638
2.96107	1.9436
2.95938	1.96442
2.95769	1.97705
2.95601	2.06728
2.95432	2.15196
2.95264	2.21058
2.95096	2.24356
2.94928	2.23991
2.9476	2.28523
2.94593	2.31452
2.94425	2.42235
2.94258	2.45478
2.94092	2.54841
2.93925	2.76527
2.93758	2.86205
2.93592	3.02605
2.93426	3.07255
2.9326	2.97191
2.93094	3.09422
2.92928	3.35584
2.92763	3.50416
2.92598	3.53488
2.92433	3.65959
2.92268	3.89901
2.92103	4.00346
2.91939	4.17028
2.91775	4.21242
2.9161	4.3201
2.91447	4.41783
2.91283	4.5791
2.91119	4.84455
2.90956	4.99069
2.90793	5.17756
2.9063	5.54207
2.90467	5.74832
2.90304	5.79495
2.90142	5.81882
2.89979	5.97464
2.89817	6.30574
2.89656	6.53693
2.89494	6.70362
2.89332	6.89812
2.89171	7.02809
2.8901	7.20976
2.88849	7.50677
2.88688	7.87731
2.88527	8.14698
2.88367	8.3865
2.88206	8.75417
2.88046	9.11918
2.87886	9.42825
2.87727	9.73411
2.87567	10.0947
2.87408	10.5154
2.87248	10.8953
2.87089	11.3291
2.8693	11.7837
2.86772	12.136
2.86613	12.5251
2.86455	12.9691
2.86297	13.307
2.86139	13.7303
2.85981	14.2712
2.85823	14.8727
2.85666	15.3813
2.85508	15.8515
2.85351	16.4403
2.85194	16.8517
2.85038	17.4269
2.84881	18.0329
2.84724	18.2617
2.84568	18.7627
2.84412	19.5218
2.84256	20.1075
2.841	20.562
2.83945	21.0283
2.83789	21.541
2.83634	22.1237
2.83479	22.7493
2.83324	23.3486
2.83169	23.8662
2.83015	24.4201
2.82861	24.9945
2.82706	25.5809
2.82552	26.0973
2.82398	26.6094
2.82245	27.1214
2.82091	27.7128
2.81938	28.4144
2.81784	29.0557
2.81631	29.5765
2.81479	30.0215
2.81326	30.5372
2.81173	31.1493
2.81021	31.6522
2.80869	32.2125
2.80716	32.7693
2.80565	33.3431
2.80413	34.0343
2.80261	34.5139
2.8011	34.9461
2.79959	35.5914
2.79808	36.0673
2.79657	36.4854
2.79506	37.1167
2.79355	37.7467
2.79205	38.2421
2.79055	38.7555
2.78904	39.5345
2.78754	40.3693
2.78605	40.8764
2.78455	41.1865
2.78306	41.7321
2.78156	42.3647
2.78007	42.754
2.77858	43.1839
2.77709	43.7052
2.77561	44.2089
2.77412	44.7912
2.77264	45.4445
2.77116	46.0408
2.76968	46.406
2.7682	46.9292
2.76672	47.4638
2.76524	47.9792
2.76377	48.6213
2.7623	48.9895
2.76083	49.2079
2.75936	49.653
2.75789	50.1322
2.75642	51.1311
2.75496	51.854
2.7535	51.6666
2.75203	51.8616
2.75057	52.2634
2.74912	52.6517
2.74766	53.0027
2.7462	53.4581
2.74475	53.9237
2.7433	54.4932
2.74185	55.4907
2.7404	56.4426
2.73895	56.655
2.7375	56.5332
2.73606	56.883
2.73462	57.4238
2.73318	57.5663
2.73174	57.7936
2.7303	58.1332
2.72886	58.5108
2.72742	59.0401
2.72599	59.8067
2.72456	60.622
2.72313	60.5416
2.7217	60.983
2.72027	61.7176
2.71884	61.3731
2.71742	61.0809
2.71599	61.0204
2.71457	61.1333
2.71315	61.3559
2.71173	62.2416
2.71032	62.6792
2.7089	62.3587
2.70748	62.0214
2.70607	61.9808
2.70466	61.9866
2.70325	62.2128
2.70184	62.5708
2.70043	62.4961
2.69903	62.3518
2.69762	62.4764
2.69622	62.8433
2.69482	63.2074
2.69342	63.2603
2.69202	62.7719
2.69062	62.5386
2.68923	62.6051
2.68783	62.7097
2.68644	62.7361
2.68505	62.6861
2.68366	62.6746
2.68227	62.4835
2.68089	62.4454
2.6795	62.9634
2.67812	63.079
2.67673	63.1785
2.67535	62.8051
2.67397	62.3122
2.6726	62.3396
2.67122	63.5309
2.66984	63.6345
2.66847	62.8136
2.6671	63.2995
2.66572	63.3599
2.66435	62.6876
2.66299	61.8869
2.66162	61.8701
2.66025	61.9215
2.65889	61.7089
2.65753	61.2979
2.65616	61.3691
2.65481	61.3667
2.65345	61.4498
2.65209	61.4226
2.65073	61.1105
2.64938	60.9266
2.64803	60.8989
2.64667	61.0119
2.64532	61.0657
2.64397	60.9032
2.64263	60.8982
2.64128	60.8474
2.63994	60.8862
2.63859	61.009
2.63725	60.9375
2.63591	60.837
2.63457	61.1225
2.63323	61.2319
2.6319	61.3999
2.63056	61.9809
2.62923	61.6696
2.62789	61.4648
2.62656	61.8104
2.62523	61.5043
2.6239	61.3359
2.62258	61.481
2.62125	62.1747
2.61993	62.5031
2.6186	62.1746
2.61728	62.5877
2.61596	62.5463
2.61464	62.1468
2.61332	62.2719
2.61201	62.2868
2.61069	62.5206
2.60938	62.8344
2.60807	62.9671
2.60675	63.4764
2.60544	64.1491
2.60414	63.7572
2.60283	63.3665
2.60152	63.3704
2.60022	63.4352
2.59891	63.5349
2.59761	64.0404
2.59631	65.2616
2.59501	66.5188
2.59371	65.7118
2.59242	64.6174
2.59112	64.6204
2.58983	64.9582
2.58853	65.325
2.58724	65.6235
2.58595	65.6394
2.58466	66.1084
2.58338	66.3123
2.58209	66.1112
2.5808	66.3388
2.57952	66.1968
2.57824	66.4193
2.57695	66.7591
2.57567	66.799
2.5744	67.2989
2.57312	67.5686
2.57184	67.1435
2.57057	67.4976
2.56929	67.8474
2.56802	67.5863
2.56675	67.6157
2.56548	68.0878
2.56421	68.5646
2.56294	68.7949
2.56168	69.0331
2.56041	68.8561
2.55915	68.4271
2.55789	68.3352
2.55662	68.5358
2.55536	68.6715
2.5541	68.7956
2.55285	69.0345
2.55159	69.0743
2.55034	68.9425
2.54908	68.8451
2.54783	68.9997
2.54658	69.0752
2.54533	69.0877
2.54408	69.1993
2.54283	69.3724
2.54159	69.3146
2.54034	69.1638
2.5391	69.1409
2.53785	69.1866
2.53661	69.3885
2.53537	69.2858
2.53413	69.1525
2.53289	69.2524
2.53166	69.382
2.53042	69.3367
2.52919	69.2378
2.52795	69.2955
2.52672	69.2937
2.52549	69.2815
2.52426	69.3883
2.52303	69.5038
2.52181	69.4501
2.52058	69.4003
2.51936	69.4343
2.51813	69.5155
2.51691	69.5522
2.51569	69.6727
2.51447	69.7542
2.51325	69.7115
2.51203	69.746
2.51082	69.9466
2.5096	70.0758
2.50839	70.1237
2.50717	70.1398
2.50596	70.1572
2.50475	70.3539
2.50354	70.5007
2.50233	70.6273
2.50113	70.6716
2.49992	70.6263
2.49872	70.7349
2.49751	70.9278
2.49631	70.9704
2.49511	71.0271
2.49391	71.2042
2.49271	71.1776
2.49151	71.0566
2.49031	71.1188
2.48912	71.1522
2.48792	71.0535
2.48673	70.9977
2.48554	71.0213
2.48435	71.0955
2.48316	71.1141
2.48197	71.1056
2.48078	71.1453
2.4796	71.1014
2.47841	71.0414
2.47723	71.0421
2.47604	71.1127
2.47486	71.1072
2.47368	71.0746
2.4725	71.0331
2.47132	70.9803
2.47014	71.0439
2.46897	71.089
2.46779	71.0656
2.46662	70.9992
2.46545	70.8887
2.46427	70.9628
2.4631	71.1654
2.46193	71.2488
2.46077	71.2817
2.4596	71.2648
2.45843	71.2936
2.45727	71.3146
2.4561	71.3182
2.45494	71.3759
2.45378	71.5594
2.45262	71.6243
2.45146	71.6665
2.4503	71.7145
2.44914	71.7941
2.44799	71.9915
2.44683	72.149
2.44568	72.123
2.44452	72.1537
2.44337	72.2045
2.44222	72.17
2.44107	72.2341
2.43992	72.381
2.43877	72.5289
2.43763	72.5924
2.43648	72.6226
2.43534	72.6449
2.43419	72.8367
2.43305	73.0049
2.43191	73.0307
2.43077	73.0344
2.42963	73.111
2.42849	73.241
2.42736	73.422
2.42622	73.4407
2.42509	73.3602
2.42395	73.3149
2.42282	73.2936
2.42169	73.3826
2.42056	73.582
2.41943	73.7177
2.4183	73.6877
2.41717	73.7249
2.41605	73.7572
2.41492	73.7749
2.4138	73.9987
2.41267	74.208
2.41155	74.0947
2.41043	74.0955
2.40931	74.3024
2.40819	74.4262
2.40707	74.4057
2.40595	74.4191
2.40484	74.4451
2.40372	74.466
2.40261	74.6219
2.4015	74.7283
2.40039	74.7266
2.39928	74.8292
2.39817	74.9035
2.39706	75.0413
2.39595	75.2135
2.39484	75.2626
2.39374	75.2428
2.39263	75.2996
2.39153	75.4192
2.39043	75.4126
2.38932	75.5062
2.38822	75.7238
2.38712	75.7984
2.38603	75.786
2.38493	75.9211
2.38383	76.0472
2.38274	76.0223
2.38164	76.1707
2.38055	76.4161
2.37946	76.5006
2.37836	76.5439
2.37727	76.5616
2.37618	76.5189
2.3751	76.5501
2.37401	76.7064
2.37292	76.8295
2.37184	76.826
2.37075	76.9063
2.36967	77.0309
2.36859	77.0805
2.3675	77.1361
2.36642	77.1686
2.36534	77.3047
2.36427	77.4439
2.36319	77.4144
2.36211	77.4494
2.36104	77.486
2.35996	77.4613
2.35889	77.4498
2.35781	77.4657
2.35674	77.5978
2.35567	77.6547
2.3546	77.7185
2.35353	77.7356
2.35247	77.6676
2.3514	77.6008
2.35033	77.6367
2.34927	77.6252
2.3482	77.6677
2.34714	77.6917
2.34608	77.7153
2.34502	77.7254
2.34396	77.6634
2.3429	77.6586
2.34184	77.6543
2.34078	77.6701
2.33973	77.6989
2.33867	77.5067
2.33762	77.4423
2.33656	77.4023
2.33551	77.3332
2.33446	77.2689
2.33341	77.1876
2.33236	77.1304
2.33131	76.9672
2.33026	76.896
2.32922	76.8372
2.32817	76.7762
2.32712	76.7426
2.32608	76.6515
2.32504	76.5526
2.324	76.414
2.32295	76.3018
2.32191	76.204
2.32087	76.0139
2.31984	75.8832
2.3188	75.7529
2.31776	75.6101
2.31673	75.5202
2.31569	75.4099
2.31466	75.2613
2.31362	75.2051
2.31259	75.0943
2.31156	75.0474
2.31053	74.9709
2.3095	74.8275
2.30847	74.8468
2.30745	74.7688
2.30642	74.597
2.3054	74.3536
2.30437	74.3445
2.30335	74.1561
2.30232	73.8968
2.3013	73.761
2.30028	73.7426
2.29926	73.6901
2.29824	73.65
2.29722	73.6755
2.29621	73.5257
2.29519	73.2853
2.29417	73.2491
2.29316	73.343
2.29215	73.2904
2.29113	73.0977
2.29012	72.9825
2.28911	72.9284
2.2881	72.9343
2.28709	72.949
2.28608	72.9593
2.28507	72.9024
2.28407	72.8309
2.28306	72.7403
2.28206	72.6961
2.28105	72.8407
2.28005	72.9277
2.27905	72.9199
2.27805	72.8699
2.27705	72.9097
2.27605	73.1786
2.27505	73.2933
2.27405	73.1528
2.27305	73.2041
2.27206	73.2611
2.27106	73.329
2.27007	73.4704
2.26907	73.5695
2.26808	73.709
2.26709	74.008
2.2661	74.1272
2.26511	74.2229
2.26412	74.4212
2.26313	74.5387
2.26214	74.7047
2.26116	74.8187
2.26017	74.9169
2.25919	75.1793
2.2582	75.3627
2.25722	75.2841
2.25624	75.3901
2.25526	75.5826
2.25428	75.6236
2.2533	75.6601
2.25232	75.7333
2.25134	75.8324
2.25036	76.0236
2.24939	76.2005
2.24841	76.3497
2.24744	76.4038
2.24646	76.5084
2.24549	76.522
2.24452	76.4884
2.24355	76.5613
2.24257	76.5582
2.24161	76.6912
2.24064	76.965
2.23967	77.1015
2.2387	77.2316
2.23774	77.3133
2.23677	77.4397
2.23581	77.6044
2.23484	77.7537
2.23388	77.8336
2.23292	77.9351
2.23196	77.9996
2.231	77.9337
2.23004	77.9626
2.22908	77.9984
2.22812	78.0872
2.22716	78.3311
2.22621	78.4372
2.22525	78.5789
2.2243	78.6678
2.22334	78.6945
2.22239	78.6997
2.22144	78.7342
2.22049	78.71
2.21953	78.7351
2.21859	78.8136
2.21764	78.8545
2.21669	78.9419
2.21574	79.0688
2.21479	79.177
2.21385	79.2201
2.2129	79.2827
2.21196	79.2637
2.21102	79.2077
2.21007	79.3594
2.20913	79.4475
2.20819	79.3557
2.20725	79.3623
2.20631	79.4755
2.20537	79.5226
2.20444	79.4981
2.2035	79.605
2.20256	79.7484
2.20163	79.7392
2.20069	79.8225
2.19976	80.0133
2.19883	79.9887
2.19789	79.8818
2.19696	79.9166
2.19603	80.0867
2.1951	80.1618
2.19417	80.3129
2.19325	80.3068
2.19232	80.2329
2.19139	80.354
2.19047	80.4381
2.18954	80.5719
2.18862	80.6561
2.18769	80.6875
2.18677	80.7731
2.18585	80.9107
2.18493	80.8586
2.18401	80.712
2.18309	80.8993
2.18217	81.0414
2.18125	80.9143
2.18033	80.9779
2.17942	81.1472
2.1785	81.134
2.17759	81.111
2.17667	81.2415
2.17576	81.2761
2.17485	81.3353
2.17393	81.4438
2.17302	81.6042
2.17211	81.545
2.1712	81.468
2.17029	81.5811
2.16939	81.5328
2.16848	81.5156
2.16757	81.5847
2.16667	81.5936
2.16576	81.6349
2.16486	81.7783
2.16395	81.8295
2.16305	81.8884
2.16215	81.9658
2.16125	81.9704
2.16035	81.9862
2.15945	82.0106
2.15855	82.1184
2.15765	81.9793
2.15675	81.9635
2.15586	82.0543
2.15496	82.0354
2.15406	82.1715
2.15317	82.3056
2.15228	82.2577
2.15138	82.3179
2.15049	82.3958
2.1496	82.2662
2.14871	82.1628
2.14782	82.2326
2.14693	82.3659
2.14604	82.4785
2.14515	82.5343
2.14427	82.56
2.14338	82.5678
2.14249	82.4789
2.14161	82.5608
2.14072	82.7485
2.13984	82.7637
2.13896	82.6752
2.13808	82.6029
2.13719	82.5515
2.13631	82.7105
2.13543	82.8645
2.13455	82.9464
2.13368	83.0103
2.1328	82.9962
2.13192	82.9794
2.13105	83.022
2.13017	83.0729
2.1293	82.9909
2.12842	82.862
2.12755	83.0289
2.12668	83.2729
2.1258	83.09
2.12493	82.8374
2.12406	82.9065
2.12319	83.075
2.12232	83.258
2.12145	83.242
2.12059	83.2483
2.11972	83.2173
2.11885	83.0563
2.11799	82.9976
2.11712	83.3616
2.11626	83.4952
2.1154	83.5132
2.11453	83.3346
2.11367	83.3768
2.11281	83.3885
2.11195	83.3347
2.11109	83.3911
2.11023	83.4077
2.10937	83.4516
2.10851	83.5424
2.10766	83.6077
2.1068	83.7505
2.10594	83.758
2.10509	83.6477
2.10423	83.664
2.10338	83.729
2.10253	83.7219
2.10168	83.7366
2.10082	83.6955
2.09997	83.7406
2.09912	83.8133
2.09827	83.7733
2.09742	83.7778
2.09658	83.8452
2.09573	83.8548
2.09488	83.896
2.09404	83.8731
2.09319	83.7957
2.09235	83.8077
2.0915	83.8551
2.09066	83.9831
2.08982	84.0798
2.08897	84.1021
2.08813	84.2103
2.08729	84.0709
2.08645	83.9097
2.08561	83.9802
2.08477	84.1436
2.08394	84.163
2.0831	84.1008
2.08226	84.2057
2.08143	84.2089
2.08059	84.2753
2.07976	84.2826
2.07892	84.1315
2.07809	84.3051
2.07726	84.2301
2.07643	84.1691
2.07559	84.3972
2.07476	84.4823
2.07393	84.3891
2.0731	84.4291
2.07228	84.3631
2.07145	84.2763
2.07062	84.2594
2.06979	84.5774
2.06897	84.5791
2.06814	84.3055
2.06732	84.4876
2.06649	84.7939
2.06567	84.7691
2.06485	84.5922
2.06403	84.4481
2.0632	84.5403
2.06238	84.6817
2.06156	84.6532
2.06074	84.6698
2.05993	84.6188
2.05911	84.65
2.05829	84.777
2.05747	84.8153
2.05666	84.6857
2.05584	84.5007
2.05503	84.4529
2.05421	84.3602
2.0534	84.434
2.05259	84.6603
2.05177	84.6398
2.05096	84.8152
2.05015	84.9965
2.04934	84.9228
2.04853	84.781
2.04772	84.7622
2.04691	84.873
2.04611	85.0211
2.0453	84.8835
2.04449	84.9613
2.04369	84.9858
2.04288	84.8819
2.04208	84.9022
2.04127	84.9849
2.04047	84.9589
2.03967	84.8648
2.03886	84.7754
2.03806	84.8056
2.03726	84.8314
2.03646	84.8134
2.03566	84.7814
2.03486	84.8276
2.03407	84.9714
2.03327	84.9592
2.03247	84.9224
2.03167	85.1628
2.03088	85.0811
2.03008	84.9008
2.02929	85.1188
2.0285	85.1456
2.0277	84.9163
2.02691	85.0743
2.02612	85.2222
2.02533	85.1348
2.02453	85.1204
2.02374	85.2257
2.02295	85.2414
2.02217	85.2423
2.02138	85.2551
2.02059	85.3835
2.0198	85.465
2.01902	85.3919
2.01823	85.3363
2.01744	85.1641
2.01666	85.0194
2.01588	85.2676
2.01509	85.5289
2.01431	85.705
2.01353	85.6214
2.01275	85.4405
2.01196	85.3693
2.01118	85.3269
2.0104	85.2665
2.00963	85.4199
2.00885	85.5286
2.00807	85.5126
2.00729	85.5482
2.00651	85.7116
2.00574	85.7266
2.00496	85.7184
2.00419	85.6805
2.00341	85.4542
2.00264	85.3543
2.00187	85.4527
2.00109	85.4175
2.00032	85.4091
