Name: Pyrope Mg3Al2(SiO4)3
Type:  Mineral
Class:  Silicates
Subclass:   Nesosilicates (Isolated tetrahedra); Garnet Group
Particle Size:  Fine  (Less than 2 micrometers)
Sample No.:  pyrope.1
Owner:  JHU
Wavelength Range:  IR
Origin: Finsch Mine, Brits Farm, 23 miles E. of Posemasburg, Cape 
Prov., South Africa, via the Smithsonian (sample no. NMNH 121624)
Description: The sample consisted of many rounded (tumbled?) 
pieces about 3 mm in diameter, with a total weight of 19.3 g.  Dark 
maroon in color, some pieces contained a green mineral (chlorite?, 
uvarovite?), limonitic alteration, and a soft, thin, cream-colored 
coating (talc?).  These pieces (<1% of total sample) were discarded.  
The remaining sample appears pure under the microscope.
Measurement:  Transmission 
First Column:  X
Second Column:  Y  
X Units:  Wavelength (micrometers)
Y Units:  Transmittance (percent)
First X Value:  25.0442
Last X Value:  2.079
Number of X Values:  2287
Additional Information:  pyrope1a.txt

25.04420302	48.453
24.9237955	50.6639
24.80454022	51.8124
24.68642074	52.7967
24.5694209	52.6756
24.45358465	51.828
24.3387763	51.0194
24.22504094	50.4452
24.11236361	49.7694
24.00072962	49.1092
23.89012454	48.9608
23.78053421	48.7733
23.67194472	47.6561
23.56434244	46.41
23.45771395	45.1718
23.35204611	43.6561
23.24732598	41.9999
23.14354087	40.1483
23.04067832	38.2929
22.93872607	36.1562
22.83767211	34.1562
22.7375046	32.2421
22.63821194	30.3925
22.53978272	28.4628
22.44220571	26.6113
22.3454699	24.8085
22.24956446	23.0703
22.15447875	21.3593
22.06020229	19.916
21.96677306	18.914
21.87408402	18.5078
21.7821739	18.6562
21.69103293	19.0585
21.60065148	19.9921
21.5110201	21.4785
21.42212949	22.9218
21.33397051	23.6581
21.24653416	23.6054
21.15981159	22.8203
21.0737941	21.6347
20.98847313	20.455
20.90384024	19.457
20.81988716	18.9062
20.73660571	19.0742
20.65398787	19.9101
20.57202575	20.9101
20.49071156	22.0488
20.41003766	23.3671
20.3299965	24.7109
20.25058069	26.082
20.1717829	27.332
20.09359597	28.5878
20.01601281	29.9999
19.93906621	31.4726
19.8626695	32.83
19.78685599	34.039
19.71161901	35.2558
19.63695203	36.4608
19.56284859	37.5312
19.48930232	38.4745
19.41630698	39.369
19.34385639	40.204
19.27194448	41.121
19.20056526	41.9032
19.12971284	42.5194
19.05938141	42.7313
18.98956523	42.6171
18.92025868	42.3905
18.85145618	42.2938
18.78315226	42.4413
18.71534153	42.871
18.64801865	43.747
18.58117838	45.122
18.51481556	46.8573
18.44892507	49.0467
18.38350191	51.536
18.31854111	54.2342
18.25407111	56.9774
18.19002023	59.4647
18.12641726	61.575
18.06325753	63.1375
18.00053642	63.6912
17.93824937	63.1756
17.8763919	61.3553
17.81495958	58.1913
17.75394803	54.0643
17.69335296	49.2743
17.63317011	44.4042
17.57339529	40.204
17.51402436	37.0829
17.45505324	35.3085
17.39647791	34.9267
17.3382944	35.5253
17.28049878	36.661
17.2230872	37.9296
17.16605584	39.203
17.10940093	40.3827
17.05311876	41.3729
16.99720566	42.4257
16.94165801	43.5604
16.88647225	44.8436
16.83167317	46.3407
16.77720046	48.0897
16.72307919	50.1288
16.66930597	52.3368
16.61587747	54.7284
16.56279037	57.2811
16.51004141	59.7391
16.45762737	61.9774
16.40554507	64.0828
16.35379138	65.9383
16.30236319	67.618
16.25125744	69.2869
16.20047111	70.8719
16.15000121	72.2244
16.0998448	73.5018
16.04999896	74.7772
16.00048641	75.865
15.95125297	76.8787
15.90232158	77.7781
15.85368947	78.6375
15.80535391	79.4607
15.75731218	80.2742
15.70956162	80.9021
15.6620996	81.6248
15.61492349	82.3562
15.56803074	83.0828
15.52141878	83.7351
15.47508511	84.3679
15.42902725	84.8748
15.38324273	85.3416
15.33772913	85.7508
15.29248405	85.9812
15.24750513	86.0525
15.20279002	86.0867
15.1583364	86.5408
15.114142	87.2752
15.07020455	88.156
15.02652181	89.0623
14.98309158	89.8484
14.93991168	90.3562
14.89700213	90.7849
14.85431629	91.0574
14.81187438	91.3191
14.76967431	91.6638
14.72771402	91.9539
14.68599147	92.1062
14.64450465	92.3162
14.60325156	92.3953
14.56223023	92.3045
14.52143873	92.2273
14.48087511	92.2517
14.44053748	92.1462
14.40042395	91.9451
14.36053266	91.864
14.32086177	91.7625
14.28140946	91.6033
14.24217393	91.5056
14.20315338	91.3875
14.16434607	91.0291
14.12575025	90.6091
14.0873642	90.1511
14.0491862	89.7644
14.01121458	89.3328
13.97344765	88.9099
13.93590321	88.5261
13.89854065	88.1199
13.8613779	87.7302
13.82441336	87.3513
13.78764544	86.9734
13.75107258	86.5896
13.71469324	86.1756
13.67850587	85.658
13.64250897	85.1404
13.60670103	84.6238
13.57108057	84.0066
13.53564612	83.2859
13.50039624	82.657
13.46532947	81.9441
13.4304444	81.2264
13.39573962	80.5691
13.36121373	80.0125
13.32686536	79.3465
13.29269314	78.6775
13.25869572	78.0799
13.22487175	77.5301
13.19121992	76.9319
13.15773892	76.3558
13.12442745	75.762
13.09130135	75.094
13.05832501	74.5213
13.02551438	73.8846
12.99286821	73.0584
12.96038529	72.2635
12.92806437	71.4808
12.89590426	70.639
12.86390376	69.7772
12.83206168	68.8572
12.80037684	67.9119
12.7688481	67.014
12.73747429	66.1785
12.70625427	65.2576
12.67518693	64.2205
12.64427113	63.2342
12.61350579	62.2445
12.58290562	61.1097
12.55243781	59.9579
12.52211719	58.8836
12.4919427	57.7601
12.46191328	56.6742
12.43202789	55.701
12.40228549	54.8085
12.37268507	53.9891
12.34322561	53.2816
12.31390609	52.6117
12.28472554	52.0433
12.25568296	51.5096
12.22677738	50.9471
12.19800782	50.2406
12.16937334	49.3417
12.14087298	48.3129
12.1125058	47.1722
12.08427087	45.8612
12.05616727	44.4921
12.02819409	43.1019
12.00035041	41.6444
11.97263534	40.1859
11.945048	38.6937
11.9175875	37.1835
11.8902671	35.7421
11.86305761	34.3632
11.83597236	33.0312
11.80901051	31.7875
11.78217122	30.4828
11.75545365	29.1742
11.72885698	27.934
11.70238038	26.7206
11.67602305	25.537
11.64978419	24.412
11.62366299	23.2973
11.59765866	22.291
11.57177043	21.4042
11.54599752	20.7031
11.52033916	20.1777
11.49479458	19.8544
11.46936304	19.8676
11.44404378	20.2167
11.41883606	20.8437
11.39373914	21.7011
11.3687523	22.6371
11.34387482	23.4433
11.31910597	23.9511
11.29444505	24.0283
11.26990406	23.6899
11.24545684	23.0161
11.22111545	22.1083
11.19687921	21.1904
11.17274743	20.4614
11.14871946	20.0146
11.12479461	19.9257
11.10097222	20.2578
11.07725165	20.9306
11.05363222	21.8242
11.03011331	22.8788
11.00669427	23.9911
10.98337447	25.1074
10.96015327	26.2172
10.93703005	27.3168
10.9140042	28.4555
10.89107509	29.6249
10.86824213	30.8564
10.8455047	32.2226
10.82286221	33.7109
10.80031407	35.3769
10.77785969	37.2372
10.75549848	39.2304
10.73322986	41.2528
10.71106474	43.1776
10.68897956	44.9159
10.66698525	46.4384
10.64508128	47.5956
10.62326708	48.0028
10.6015421	47.4891
10.5799058	46.2177
10.55835763	44.0648
10.53689705	41.2016
10.51552354	37.8852
10.49423657	34.2953
10.4730356	30.706
10.45192012	27.3564
10.43088962	24.3408
10.40994358	21.7626
10.38908149	19.7548
10.36830285	18.4145
10.34760717	17.8027
10.32699394	17.8242
10.30646267	18.354
10.28601287	19.3183
10.26564407	20.5253
10.24535578	21.8286
10.22514752	23.0976
10.20502924	24.2421
10.1849796	25.2324
10.16500858	26.0351
10.14511574	26.6313
10.12530059	27.0439
10.10556271	27.248
10.08590162	27.3495
10.0663169	27.4106
10.04680808	27.4335
10.02737473	27.4843
10.00801642	27.6581
9.98873271	27.9408
9.969523168	28.3398
9.950387369	28.9086
9.931324888	29.6523
9.912335307	30.5732
9.893427994	31.6503
9.874582922	32.8622
9.855809507	34.1972
9.83710734	35.5805
9.818476015	36.9882
9.799915133	38.3896
9.781424293	39.7421
9.7630031	41.08
9.744651161	42.4315
9.726368087	43.7255
9.70815349	44.9555
9.690006986	46.1605
9.671928196	47.2948
9.653916739	48.348
9.635972241	49.3173
9.618094328	50.1991
9.600282632	51.0155
9.582536785	51.7445
9.564856422	52.4125
9.547241181	52.9803
9.529690704	53.5047
9.512204634	54.0145
9.494782617	54.4745
9.477424301	54.8827
9.460138288	55.2245
9.4429063	55.5614
9.425736975	55.8797
9.408629972	56.1307
9.391584952	56.3597
9.374601579	56.5741
9.35767952	56.7694
9.340818443	56.9081
9.324018018	57.0941
9.307277919	57.2967
9.290597822	57.5116
9.273977405	57.7196
9.257416348	57.9461
9.240914333	58.1644
9.224471046	58.3499
9.208086173	58.5394
9.191759404	58.6917
9.17549043	58.787
9.159278945	58.9608
9.143124645	59.2127
9.127027227	59.6092
9.110986392	60.1483
9.095001842	60.7948
9.079073281	61.5184
9.06320863	62.2176
9.04739114	62.7938
9.031628764	63.1912
9.015921215	63.4813
9.000268208	63.7186
8.984669459	63.9827
8.969124685	64.3753
8.953633608	64.9032
8.93819595	65.578
8.922811435	66.2117
8.907479789	66.6561
8.89220074	67.0179
8.876974017	67.3543
8.861799353	67.5721
8.846676481	67.7293
8.831605135	67.8734
8.816585054	68.0018
8.801615977	68.1468
8.786697643	68.2742
8.771829795	68.3768
8.757012178	68.4027
8.742244536	68.3655
8.727526619	68.3133
8.712858175	68.2684
8.69824652	68.1976
8.683676252	68.1678
8.669154714	68.328
8.654681663	68.6942
8.640256858	69.137
8.625880055	69.5975
8.611551018	70.075
8.597269507	70.5345
8.583035287	70.9105
8.568848124	71.2288
8.554707784	71.6238
8.540614036	72.0545
8.52656665	72.4988
8.512565398	72.994
8.498610052	73.5018
8.484700388	73.9969
8.470836182	74.4808
8.45701721	74.9739
8.443243252	75.4441
8.429514089	75.948
8.415829502	76.513
8.402189274	77.0667
8.388593191	77.5608
8.375041038	78.0706
8.361539594	78.6097
8.348074642	79.1155
8.334652987	79.575
8.32127442	80.0569
8.307938734	80.4832
8.294645723	80.8855
8.281395183	81.295
8.268186911	81.7305
8.255020704	82.1221
8.241896361	82.5535
8.228813685	82.9932
8.215772476	83.3582
8.202772537	83.7078
8.189813674	84.1114
8.176895691	84.5227
8.164018395	84.8799
8.151188239	85.2234
8.138391724	85.5711
8.125635323	85.8838
8.11291885	86.1902
8.100242116	86.4824
8.087604937	86.7364
8.075007126	86.9785
8.062448501	87.2195
8.049928879	87.448
8.037448078	87.6594
8.025005918	87.8711
8.012602221	88.0955
8.000236807	88.3445
7.9879095	88.5528
7.975620124	88.7449
7.963368505	88.9336
7.951154468	89.1297
7.938977841	89.3465
7.926838452	89.5235
7.914736131	89.7178
7.902670708	89.9392
7.890642014	90.155
7.878649883	90.3457
7.866694148	90.5364
7.854780812	90.7344
7.842897355	90.8955
7.831049799	91.0369
7.819237984	91.2227
7.807461747	91.374
7.795720929	91.4883
7.784015369	91.6228
7.772344909	91.7256
7.760709391	91.8181
7.749108659	91.9011
7.737542556	91.9922
7.726010929	92.0906
7.714513623	92.1729
7.703050485	92.2783
7.691621363	92.3728
7.680226106	92.4824
7.668864563	92.6033
7.657536586	92.7185
7.646242025	92.8135
7.634980733	92.9265
7.623752563	93.0449
7.61255737	93.1267
7.601395008	93.2117
7.590265333	93.3281
7.579173946	93.3926
7.568109199	93.4334
7.557076711	93.4893
7.546076342	93.5703
7.535107952	93.6074
7.524171401	93.6707
7.51326655	93.7839
7.502393263	93.8467
7.491551403	93.8867
7.480740833	93.9717
7.469961418	94.04
7.459213023	94.0769
7.448495516	94.1455
7.437808762	94.2178
7.42715263	94.2849
7.416526989	94.3408
7.405931707	94.4099
7.395366655	94.4714
7.384831703	94.5217
7.374326724	94.5642
7.363851589	94.6133
7.353406171	94.6443
7.342990345	94.707
7.332603984	94.7178
7.322252325	94.751
7.311924506	94.7959
7.30162578	94.8486
7.291356025	94.8943
7.281115117	94.9177
7.270902937	94.9246
7.260719363	94.8875
7.250564275	94.8516
7.240437554	94.8142
7.230339081	94.7239
7.220268738	94.6709
7.210226408	94.71
7.200211974	94.7666
7.19022532	94.793
7.18026633	94.7986
7.17033489	94.8076
7.160436013	94.7634
7.150559317	94.7361
7.140709829	94.7698
7.130887439	94.78
7.121092034	94.8572
7.111323503	94.9971
7.101581735	95.1094
7.091866622	95.1963
7.082178053	95.3223
7.07251592	95.4561
7.062880115	95.5488
7.053270531	95.6504
7.04368706	95.7595
7.034129597	95.8142
7.024598035	95.8923
7.01509227	95.9707
7.005612196	96.0212
6.99615771	96.0635
6.986728709	96.0935
6.977325089	96.0576
6.967946748	96.04
6.958593585	96.0291
6.949265497	95.9841
6.939962385	95.9424
6.930688952	95.9014
6.921435478	95.8845
6.912206681	95.8945
6.903002461	95.9578
6.893822721	95.9873
6.884667364	96.0481
6.875536292	96.1189
6.866429409	96.2214
6.857346618	96.3191
6.848287825	96.3547
6.839252935	96.4033
6.830241852	96.4541
6.821254483	96.4766
6.812290735	96.4636
6.803350514	96.4648
6.794433728	96.489
6.785540285	96.5078
6.776670093	96.4954
6.767823062	96.4668
6.7589991	96.469
6.750198118	96.5166
6.741420026	96.5535
6.732664735	96.5928
6.723932156	96.6201
6.715226709	96.6631
6.706539278	96.7341
6.697874296	96.7732
6.689231675	96.8477
6.680611329	96.9587
6.672013173	97.0408
6.663437121	97.1006
6.654883087	97.1719
6.646350987	97.2498
6.637840737	97.3252
6.629352253	97.3418
6.620885451	97.3555
6.612440248	97.3894
6.604016563	97.3818
6.595614312	97.3809
6.587233415	97.3806
6.578873789	97.3787
6.570535354	97.3613
6.56221803	97.3035
6.553921736	97.2624
6.545646392	97.2422
6.537391921	97.2314
6.529158241	97.2117
6.520945276	97.1855
6.512757189	97.1746
6.504585407	97.1433
6.496434107	97.1533
6.488303211	97.123
6.480192643	97.0977
6.472102327	97.0652
6.464032186	96.9941
6.455982145	96.9939
6.44795213	96.9355
6.439942066	96.8708
6.431951879	96.8289
6.423981494	96.7891
6.416030838	96.7666
6.408099838	96.7112
6.400188422	96.6316
6.392296516	96.6003
6.384424048	96.5332
6.376570948	96.5056
6.368737143	96.4939
6.360922563	96.4397
6.353127136	96.3914
6.345350793	96.3733
6.337593464	96.2966
6.329855078	96.2082
6.322139564	96.157
6.314438848	96.0974
6.30675687	96.0124
6.29909356	95.9014
6.291448851	95.7429
6.283822676	95.5303
6.276214965	95.3076
6.268625654	95.0947
6.261054675	94.8691
6.253501961	94.678
6.245967447	94.5273
6.238451067	94.3787
6.230952756	94.2205
6.223472449	94.0459
6.21601008	93.7898
6.208565585	93.4695
6.201142747	93.1248
6.1937338	92.7139
6.186342535	92.3298
6.178968891	92.033
6.171612803	91.8535
6.164274209	91.7705
6.156953047	91.7595
6.149649255	91.8242
6.14236277	91.8965
6.135093533	91.9307
6.12784148	92.0222
6.120606552	92.1296
6.113388688	92.2127
6.106187828	92.2754
6.099003911	92.3535
6.091836878	92.4295
6.084686669	92.501
6.077553226	92.6462
6.070436489	92.7703
6.063336399	92.8301
6.056252899	92.9461
6.049185931	93.1121
6.042135436	93.1638
6.035101357	93.2009
6.02808727	93.3076
6.021085843	93.3418
6.01410066	93.3572
6.007131667	93.4229
6.000178805	93.5515
5.99324202	93.7468
5.986321256	94.0537
5.979416457	94.3455
5.972527568	94.6729
5.965654534	95.0176
5.9587973	95.2881
5.951955813	95.5144
5.945130017	95.7576
5.938319859	96.0049
5.931525286	96.1768
5.924746243	96.3093
5.917982678	96.4783
5.911234538	96.6072
5.904501769	96.7197
5.89778432	96.8789
5.891082139	96.9785
5.884395172	97.033
5.87772337	97.0974
5.871066679	97.1042
5.864428488	97.1365
5.85780186	97.1396
5.851190191	97.1094
5.84459343	97.0808
5.838011527	97.0654
5.831444431	97.0662
5.824892094	97.0654
5.818354465	97.05
5.811831494	97.042
5.805323133	97.0332
5.798829332	97.0019
5.792350043	96.9678
5.785885217	96.9626
5.779434806	96.9492
5.772998761	96.9182
5.766577035	96.9385
5.760169579	96.8972
5.753776347	96.8494
5.747397291	96.834
5.741032364	96.801
5.734681519	96.8027
5.728344709	96.7888
5.722021888	96.7839
5.715713009	96.7771
5.709421287	96.7537
5.703140149	96.7246
5.696872816	96.697
5.690619242	96.665
5.684379382	96.6477
5.678153192	96.6396
5.671940626	96.6182
5.66574164	96.5769
5.659556189	96.5613
5.653384229	96.5178
5.647225716	96.4971
5.641080605	96.4753
5.634948854	96.4561
5.628830419	96.4268
5.622725256	96.4226
5.616633323	96.4434
5.610557723	96.4436
5.604492113	96.4255
5.598439603	96.4316
5.592400152	96.415
5.586373717	96.4023
5.580360257	96.4092
5.574359729	96.3933
5.568372092	96.3701
5.562397304	96.375
5.556435324	96.3816
5.550486112	96.3865
5.544549625	96.3777
5.538625823	96.376
5.532714665	96.3887
5.526816112	96.3799
5.520930122	96.3789
5.515056656	96.3669
5.509195674	96.3347
5.503347136	96.3523
5.497511002	96.3477
5.491687233	96.3293
5.48587579	96.3416
5.480076633	96.374
5.474289725	96.3855
5.468518015	96.3943
5.462755479	96.4202
5.457005076	96.4297
5.451266765	96.4285
5.445540511	96.4404
5.439826274	96.4382
5.434124016	96.4309
5.428433701	96.4307
5.422755291	96.4463
5.417088748	96.4441
5.411434035	96.4189
5.405791116	96.4248
5.400159953	96.4324
5.394540509	96.3877
5.388932749	96.365
5.383336635	96.3894
5.377752132	96.3838
5.372179203	96.3633
5.366617813	96.3328
5.361067925	96.3281
5.355529504	96.324
5.350002515	96.3291
5.344486921	96.323
5.338982689	96.3018
5.333492627	96.3181
5.328011006	96.2988
5.32254064	96.2998
5.317081497	96.2996
5.31163354	96.2861
5.306196736	96.2898
5.30077105	96.2822
5.295356449	96.28
5.289952898	96.261
5.284560364	96.2351
5.279178813	96.2439
5.273808212	96.2419
5.268448526	96.2195
5.263099724	96.2197
5.257761771	96.1999
5.252434635	96.1853
5.247118283	96.1758
5.241812682	96.1726
5.236517799	96.1794
5.231233603	96.1902
5.225960061	96.1999
5.220697141	96.1943
5.21544481	96.1924
5.210203036	96.1941
5.204974498	96.1924
5.19975374	96.1621
5.194543444	96.1482
5.189343579	96.1472
5.184154115	96.126
5.178975019	96.1238
5.173806261	96.1316
5.168647809	96.158
5.163499634	96.1169
5.158361704	96.0808
5.153233989	96.0789
5.148116459	96.0859
5.143009082	96.0701
5.137911829	96.0508
5.13282467	96.0749
5.127747575	96.0859
5.122680514	96.0801
5.117623458	96.0684
5.112576376	96.0361
5.107539239	96.0105
5.102512018	96.0088
5.097494683	95.9873
5.092487206	95.9827
5.087489558	95.9707
5.082504292	95.9717
5.077526209	95.9499
5.072557868	95.9365
5.06759924	95.9307
5.062650297	95.9277
5.057711011	95.8894
5.052781354	95.8486
5.047861297	95.8425
5.042950812	95.8513
5.038049872	95.8411
5.033158448	95.8528
5.028276513	95.8562
5.023404039	95.8557
5.018541	95.8459
5.013687367	95.8313
5.008843113	95.8
5.004010715	95.7839
4.999185133	95.7742
4.994368849	95.7668
4.989561837	95.7317
4.984764069	95.7048
4.979975518	95.7019
4.97519616	95.6926
4.970425966	95.6785
4.96566491	95.6707
4.960912967	95.6443
4.95617011	95.6248
4.951436313	95.5959
4.94671155	95.5769
4.941995795	95.5623
4.937289023	95.5227
4.932591209	95.4895
4.927902325	95.4812
4.923222347	95.4875
4.918551251	95.4758
4.913889009	95.4592
4.909235598	95.4324
4.904590991	95.4026
4.899955165	95.405
4.895328095	95.3708
4.890712146	95.3376
4.886102507	95.3206
4.88150155	95.2932
4.876909249	95.2844
4.87232558	95.2859
4.86775052	95.2625
4.863184043	95.2322
4.858626126	95.2292
4.854076745	95.2322
4.849535875	95.1897
4.845003493	95.1404
4.840479575	95.1287
4.835964098	95.0774
4.831457037	95.0598
4.826958369	95.0344
4.822468072	95.0183
4.81798612	94.9846
4.813512492	94.9714
4.809047164	94.9587
4.804590113	94.9358
4.800141316	94.9304
4.79570075	94.9255
4.791268392	94.906
4.78684422	94.8938
4.782430498	94.8928
4.778022625	94.8748
4.773622869	94.8293
4.769231209	94.8054
4.764847623	94.8001
4.760472086	94.7654
4.756104579	94.7239
4.751745078	94.7068
4.747393562	94.6941
4.743050009	94.6672
4.738714396	94.656
4.734386703	94.6472
4.730066907	94.6213
4.725754987	94.5823
4.721450921	94.5686
4.717154688	94.5393
4.712866266	94.4929
4.708585635	94.489
4.704312773	94.4841
4.700047658	94.4641
4.695790271	94.4705
4.691540589	94.448
4.687298593	94.4168
4.68306426	94.3972
4.67883976	94.3835
4.67462069	94.3665
4.670409221	94.3357
4.666205334	94.3132
4.662009009	94.2835
4.657820224	94.2537
4.65363896	94.262
4.649465195	94.2322
4.645298911	94.1956
4.641140087	94.1824
4.636988702	94.176
4.632844738	94.1599
4.628708174	94.1487
4.62457899	94.1609
4.620457167	94.1531
4.616342684	94.1287
4.612235523	94.1296
4.608135664	94.1194
4.604043086	94.0925
4.599957772	94.0784
4.595879702	94.0413
4.591808856	94.0139
4.587745215	94.0081
4.58368876	94.0022
4.57964157	94.0046
4.575599426	93.9807
4.571564412	93.9753
4.567536508	93.9636
4.563515696	93.9085
4.559501956	93.8572
4.555495271	93.8362
4.551495621	93.8108
4.547502989	93.7937
4.543517355	93.783
4.539538701	93.7556
4.535567009	93.7224
4.531602261	93.7151
4.527644439	93.6848
4.523693523	93.655
4.519749497	93.658
4.515814382	93.616
4.511884077	93.5535
4.507960608	93.51
4.504043956	93.4924
4.500134104	93.4763
4.496231034	93.4656
4.492334729	93.4504
4.488445171	93.4749
4.484562343	93.5037
4.480686226	93.4841
4.476816804	93.4324
4.47295406	93.3928
4.469097975	93.3718
4.465248534	93.322
4.461405718	93.26
4.45756951	93.2283
4.453739894	93.2151
4.449916853	93.176
4.44610037	93.1804
4.442290427	93.1956
4.438487009	93.1892
4.434690097	93.1785
4.430899676	93.1711
4.42711573	93.1609
4.423340197	93.1267
4.419569145	93.116
4.415804518	93.0798
4.412046298	93.0486
4.408294471	93.0271
4.404549018	93.0232
4.400809925	93.0173
4.397077175	93.0086
4.393350752	92.9773
4.389630639	92.9285
4.385916821	92.905
4.382209282	92.8928
4.378508006	92.9016
4.374812977	92.9006
4.371124179	92.8982
4.367441596	92.9094
4.363765214	92.9304
4.360095015	92.9138
4.356430985	92.8704
4.352773108	92.8362
4.349121369	92.7747
4.345475751	92.7205
4.341836241	92.6912
4.338202821	92.6414
4.334577357	92.614
4.330956072	92.6365
4.327340832	92.6189
4.323731623	92.6238
4.320128429	92.615
4.316531235	92.5525
4.312940028	92.5252
4.30935479	92.5134
4.305775509	92.4763
4.302202168	92.4397
4.298634754	92.3933
4.29507325	92.3943
4.291517644	92.3601
4.287967919	92.3591
4.284424062	92.3401
4.280886058	92.2971
4.277353892	92.2576
4.27382755	92.2185
4.270307018	92.2063
4.266792281	92.1931
4.263283325	92.1941
4.259780136	92.1951
4.256282699	92.1824
4.252791	92.1775
4.249306832	92.1545
4.245826565	92.1599
4.242351994	92.1511
4.238883105	92.1526
4.235419885	92.1609
4.231962319	92.1179
4.228510393	92.0994
4.225064094	92.0964
4.221623408	92.0808
4.218188322	92.0198
4.214758821	91.9841
4.211334892	91.9705
4.207916522	91.9514
4.204503696	91.9187
4.201096402	91.9124
4.197694626	91.9002
4.194300114	91.8875
4.190909331	91.8572
4.187524026	91.8318
4.184144186	91.8264
4.180769797	91.7937
4.177400846	91.7634
4.174037321	91.738
4.170679208	91.7366
4.167326493	91.7371
4.163979165	91.7078
4.16063721	91.7117
4.157300615	91.6878
4.153969367	91.6531
4.150643454	91.6546
4.147322862	91.6248
4.144007579	91.5549
4.140697592	91.5213
4.137392888	91.5066
4.134093455	91.49
4.130799281	91.4773
4.127510352	91.4675
4.124226656	91.4597
4.120948181	91.4509
4.117674914	91.4456
4.114408535	91.4451
4.111145645	91.4089
4.107887925	91.4114
4.104635365	91.4221
4.101387951	91.3855
4.098145671	91.3474
4.094908514	91.3181
4.091676466	91.2849
4.088449517	91.242
4.085227653	91.2156
4.082010864	91.1853
4.078799136	91.1604
4.075592459	91.1199
4.072390819	91.0901
4.069194206	91.072
4.066002607	91.0398
4.062816011	90.9866
4.059634406	90.9812
4.056457779	90.949
4.053286121	90.9578
4.050119418	90.9461
4.046957659	90.9402
4.043800833	90.9285
4.040648928	90.926
4.037503563	90.9104
4.034361463	90.9021
4.031224251	90.9002
4.028091913	90.8718
4.024964439	90.867
4.021841819	90.8777
4.018724039	90.8484
4.01561109	90.8406
4.012502959	90.8386
4.009399637	90.8015
4.00630111	90.7254
4.00320737	90.678
4.000118404	90.6272
3.997034201	90.5759
3.99395475	90.573
3.990880041	90.5818
3.987810062	90.5642
3.984744803	90.5632
3.981684252	90.5667
3.9786284	90.5125
3.975577234	90.4441
3.972530744	90.4182
3.96948892	90.3884
3.966451751	90.3816
3.963420797	90.3875
3.960392903	90.3909
3.957369631	90.3733
3.954350972	90.3714
3.951336915	90.3435
3.948327449	90.3069
3.945322564	90.3069
3.942322249	90.2879
3.939326493	90.239
3.936335288	90.2444
3.933348621	90.2424
3.930366483	90.241
3.927388864	90.2244
3.924415753	90.2131
3.921447139	90.2073
3.918483014	90.1819
3.915523366	90.1546
3.912568186	90.1297
3.909617463	90.1018
3.906671188	90.1131
3.90372935	90.1082
3.900791939	90.0877
3.897858945	90.0261
3.894930359	89.9866
3.892007684	89.95
3.889087881	89.9026
3.886172454	89.8904
3.883261396	89.866
3.880354695	89.8113
3.877452343	89.7937
3.874554329	89.801
3.871660644	89.7449
3.868771278	89.7254
3.865886222	89.7361
3.863005465	89.7234
3.860128998	89.6873
3.857256812	89.697
3.854388896	89.6975
3.851525243	89.6629
3.848665841	89.6287
3.845812161	89.6155
3.842961232	89.6116
3.840114528	89.5818
3.837272037	89.5398
3.834433752	89.51
3.831599662	89.489
3.828769759	89.4793
3.825944033	89.4685
3.823122474	89.4588
3.820305074	89.4397
3.817491824	89.3953
3.814682714	89.3582
3.811877735	89.3533
3.809076878	89.3591
3.806280134	89.3479
3.803487494	89.3347
3.800698949	89.3362
3.797914489	89.3064
3.795134107	89.2757
3.792357792	89.2268
3.789585537	89.1873
3.786817332	89.1658
3.784053167	89.1404
3.781293036	89.1336
3.778538356	89.1091
3.77578626	89.1077
3.773038171	89.0867
3.770294079	89.0457
3.767553976	88.9998
3.764817852	88.9597
3.7620857	88.9138
3.759357511	88.8753
3.756633275	88.866
3.753912985	88.8967
3.751196632	88.8963
3.748484207	88.8767
3.745775701	88.8787
3.743071107	88.8577
3.740370416	88.8113
3.73767362	88.7625
3.734980709	88.7332
3.732291676	88.7171
3.729606512	88.7088
3.726925208	88.6878
3.724247758	88.6546
3.721574151	88.6394
3.718904381	88.6131
3.716238438	88.6096
3.713577694	88.6057
3.71091938	88.5838
3.708264869	88.5164
3.705614154	88.4964
3.702967225	88.4812
3.700324074	88.4549
3.697684695	88.4275
3.695049078	88.4202
3.692417215	88.3836
3.689789099	88.3679
3.687164722	88.3694
3.684544075	88.3377
3.68192715	88.3108
3.67931394	88.2542
3.676704437	88.2171
3.674098633	88.1839
3.67149652	88.1697
3.66889809	88.1707
3.666303336	88.1487
3.663712249	88.1096
3.661124822	88.075
3.658541047	88.0642
3.655960916	88.0564
3.653384422	88.0315
3.65081289	88.0276
3.648243644	88.0203
3.645678012	88.0037
3.643115986	87.9939
3.640557559	87.9846
3.638002722	87.9617
3.635451469	87.9099
3.632903791	87.8987
3.630359682	87.8631
3.627819133	87.8108
3.625282138	87.8152
3.622748688	87.8167
3.620218777	87.8045
3.617692397	87.7722
3.615169541	87.7175
3.6126502	87.7068
3.610135673	87.6463
3.607623341	87.6111
3.605114504	87.615
3.602609154	87.5974
3.600107283	87.5628
3.597608885	87.5711
3.595113953	87.6033
3.592622478	87.5901
3.590134454	87.572
3.587649874	87.5759
3.585168731	87.5432
3.582691017	87.4715
3.580216725	87.4207
3.577745848	87.408
3.57527838	87.3552
3.572814313	87.3054
3.57035364	87.3108
3.567896354	87.3103
3.565442448	87.324
3.562991916	87.3108
3.560544749	87.3289
3.558100942	87.3279
3.555660487	87.2932
3.553223378	87.2561
3.550790868	87.2049
3.548360427	87.1629
3.545933311	87.1443
3.543509513	87.114
3.541089027	87.1189
3.538671844	87.0955
3.53625796	87.0628
3.533847367	87.0349
3.531440058	87.0198
3.529036026	86.9959
3.526635266	86.99
3.524237769	86.9451
3.52184353	86.928
3.519452542	86.9065
3.517064798	86.8699
3.514680292	86.8557
3.512299017	86.8445
3.509920967	86.824
3.507546135	86.7771
3.505174514	86.7849
3.502806098	86.7561
3.500440881	86.7205
3.498078855	86.7307
3.495720015	86.7146
3.493365575	86.7385
3.491013085	86.7307
3.488663762	86.7342
3.486317598	86.7342
3.483974588	86.7244
3.481634725	86.6961
3.479298003	86.6643
3.476964415	86.6096
3.474633956	86.5642
3.472306619	86.5213
3.469982397	86.5291
3.467661284	86.5447
3.465343275	86.533
3.463028363	86.4763
3.460716541	86.4568
3.458407804	86.4295
3.456102146	86.3914
3.453799559	86.3601
3.451500039	86.3186
3.449203579	86.3167
3.446910172	86.3093
3.444619814	86.2854
3.442332497	86.2771
3.440048216	86.26
3.437768146	86.221
3.435489916	86.1863
3.433214704	86.1409
3.430942504	86.074
3.428673309	85.989
3.426407114	85.928
3.424143913	85.8714
3.421883699	85.824
3.419626467	85.801
3.417372212	85.7659
3.415120926	85.7205
3.412872605	85.7146
3.410627242	85.6917
3.408384831	85.656
3.406145367	85.6209
3.403908845	85.5701
3.401675257	85.5252
3.399444599	85.4807
3.397216864	85.4373
3.394992047	85.43
3.392770143	85.4065
3.390551144	85.3831
3.388335047	85.3499
3.386121844	85.3279
3.383912676	85.2967
3.381705245	85.2678
3.379500692	85.2459
3.377299012	85.2029
3.375100198	85.1839
3.372904246	85.1682
3.370711149	85.1604
3.368520903	85.1306
3.366333501	85.074
3.364148938	85.0647
3.361967208	85.031
3.359788306	84.928
3.357612227	84.8811
3.355438965	84.844
3.353268515	84.7888
3.35110087	84.6931
3.348937148	84.6287
3.346775098	84.5955
3.344615837	84.5335
3.342459362	84.5296
3.340305665	84.5374
3.338154741	84.5457
3.336006587	84.5276
3.333861195	84.4671
3.33171856	84.4436
3.329578678	84.4275
3.327441544	84.3499
3.32530715	84.2888
3.323175494	84.2581
3.321046568	84.2068
3.318920368	84.1819
3.31679689	84.1643
3.314676126	84.1507
3.312558073	84.1155
3.310442725	84.0857
3.308330077	84.0984
3.306220124	84.1092
3.304112861	84.0843
3.302008281	84.0237
3.299906382	83.99
3.297808244	83.9593
3.295711686	83.9065
3.293617792	83.9002
3.291526557	83.8518
3.289437976	83.8089
3.287352045	83.7737
3.285268756	83.7249
3.283188107	83.6951
3.281110091	83.6721
3.279034705	83.6175
3.276961942	83.5764
3.274891798	83.5179
3.272824267	83.4925
3.270759346	83.4983
3.268697029	83.4431
3.26663731	83.4085
3.264580186	83.3811
3.262525652	83.346
3.260473701	83.3279
3.25842433	83.2581
3.256377534	83.1678
3.254333308	83.1214
3.252291646	83.0799
3.250252545	83.0193
3.248217054	82.9475
3.246183057	82.8909
3.244151606	82.867
3.242122696	82.8538
3.240096322	82.783
3.238072479	82.7244
3.236051163	82.7014
3.234032369	82.6429
3.232016093	82.6057
3.230002329	82.5335
3.227991073	82.4905
3.22598232	82.4593
3.223976065	82.4143
3.221972305	82.3318
3.219971033	82.3045
3.217972246	82.3055
3.215975939	82.2635
3.213982108	82.2029
3.211990747	82.157
3.210001852	82.1258
3.208015419	82.0056
3.206031443	81.9529
3.204049919	81.906
3.202070843	81.8572
3.200095235	81.7889
3.19812104	81.742
3.196149279	81.739
3.194179949	81.6756
3.192213043	81.6648
3.190248559	81.6375
3.18828649	81.6014
3.186326834	81.5642
3.184369586	81.5408
3.18241474	81.49
3.180462293	81.4549
3.17851224	81.4021
3.176564577	81.3396
3.1746193	81.2449
3.172676403	81.2166
3.170735883	81.239
3.168797736	81.1785
3.166861956	81.1209
3.164928541	81.0799
3.162997484	81.0398
3.161068783	80.9793
3.159142432	80.9607
3.157218427	80.9129
3.155296765	80.8279
3.153378435	80.8113
3.151461443	80.7547
3.14954678	80.6336
3.147634443	80.5603
3.145724426	80.5154
3.143816726	80.451
3.141911338	80.3719
3.140008258	80.3709
3.138107483	80.3465
3.136209007	80.282
3.134312827	80.2322
3.132418938	80.157
3.130527337	80.0945
3.128638019	80.0037
3.126750981	79.8807
3.124866217	79.781
3.122984699	79.7059
3.121104471	79.6756
3.119226507	79.6932
3.1173508	79.6267
3.115477349	79.6287
3.113606148	79.656
3.111737193	79.6775
3.10987048	79.6629
3.108006006	79.6697
3.106143766	79.6219
3.104283756	79.5945
3.102425973	79.5916
3.100570412	79.5389
3.098717069	79.5135
3.096865941	79.4871
3.095017023	79.4324
3.093170311	79.3396
3.091325802	79.2508
3.089483491	79.2117
3.087643375	79.1521
3.085805449	79.1014
3.08396971	79.0701
3.082136155	79.0213
3.080304778	78.9851
3.078476524	78.9666
3.076649492	78.9568
3.074824627	78.907
3.073001926	78.8719
3.071181385	78.826
3.069363	78.7498
3.067546766	78.7185
3.065732681	78.7195
3.06392074	78.7039
3.06211094	78.6346
3.060303276	78.656
3.058497745	78.6404
3.056694344	78.6033
3.054893068	78.574
3.053093914	78.5662
3.051296877	78.5408
3.049501955	78.4861
3.047709144	78.4568
3.045918439	78.368
3.044129837	78.3367
3.042343335	78.3357
3.040558928	78.2781
3.038776613	78.1971
3.036996386	78.1502
3.035219166	78.0818
3.033443104	77.9939
3.031669119	77.9529
3.029897208	77.9725
3.028127367	77.908
3.026359592	77.8123
3.02459388	77.7342
3.022830228	77.6228
3.021068631	77.4959
3.019309085	77.4139
3.017551589	77.3006
3.015796137	77.1336
3.014042726	76.9969
3.012291354	76.9432
3.010542015	76.8523
3.008794707	76.7547
3.007049426	76.699
3.005306169	76.6326
3.003564931	76.533
3.00182571	76.4432
3.000088503	76.3514
2.998353304	76.2303
2.996620112	76.1014
2.994888923	75.9695
2.993160628	75.8611
2.991433432	75.7381
2.989708228	75.5945
2.987985013	75.4813
2.986263784	75.3729
2.984544536	75.285
2.982827267	75.2098
2.981111973	75.1023
2.97939865	75.035
2.977687296	74.9461
2.975977906	74.7674
2.974270478	74.575
2.972565009	74.4178
2.970861493	74.2703
2.96915993	74.0877
2.967460314	73.9022
2.965763522	73.7166
2.964067792	73.5232
2.962373999	73.3709
2.960682141	73.2127
2.958992215	73.033
2.957304216	72.8641
2.955618142	72.744
2.95393399	72.6131
2.952251756	72.533
2.950571437	72.4041
2.94889303	72.2967
2.947216531	72.1971
2.945541937	72.0818
2.943869245	71.9813
2.942198452	71.908
2.940529554	71.783
2.938862549	71.7244
2.937197432	71.658
2.935534201	71.5623
2.933872853	71.493
2.932213384	71.3846
2.930555792	71.2889
2.928900072	71.2147
2.927246222	71.1336
2.925595095	71.0779
2.923944975	70.9617
2.922296715	70.9031
2.920650312	70.8641
2.919005763	70.8807
2.917363066	70.9178
2.915722216	70.8963
2.91408321	70.9227
2.912446047	70.9315
2.910810722	70.9041
2.909177232	70.9119
2.907545575	70.95
2.905915747	70.9998
2.904287745	71.0203
2.902661566	71.0233
2.901037208	71.0672
2.899414666	71.1033
2.897793938	71.2039
2.896175022	71.2352
2.894557913	71.285
2.892942609	71.3553
2.891329106	71.4119
2.889717403	71.5057
2.888107495	71.5906
2.886500214	71.6727
2.884893888	71.7361
2.883289349	71.7664
2.881686594	71.8406
2.880085619	71.9422
2.878486423	72.0008
2.876889001	72.0623
2.875293352	72.1424
2.873699471	72.1619
2.872107357	72.157
2.870517006	72.1883
2.868928415	72.2635
2.867341582	72.3133
2.865756502	72.4373
2.864173175	72.5213
2.862591596	72.6678
2.861011762	72.7967
2.859433672	72.9188
2.857857321	73.0408
2.856282708	73.1287
2.854709829	73.1951
2.853138681	73.2977
2.851569261	73.4256
2.850001568	73.4852
2.848436408	73.5701
2.846872156	73.6961
2.845309621	73.8133
2.8437488	73.8982
2.842189691	73.9471
2.840632291	74.0281
2.839076596	74.0604
2.837522604	74.1023
2.835970313	74.1307
2.834419719	74.1141
2.83287082	74.0906
2.831323613	74.0018
2.829778094	73.7928
2.828234263	73.575
2.826692114	73.3397
2.825151647	73.1844
2.823612858	73.1365
2.822075744	73.2938
2.820540303	73.6522
2.819006531	74.1219
2.817474427	74.492
2.815943987	74.8045
2.81441521	74.9842
2.812888091	75.0643
2.811363418	75.0555
2.809839609	75.0389
2.80831745	75.1023
2.806796939	75.1375
2.805278075	75.1873
2.803760853	75.2811
2.802245271	75.4158
2.800731327	75.5818
2.799219018	75.6736
2.797708341	75.8416
2.796199294	75.9861
2.794691874	76.0857
2.793186078	76.1766
2.791681905	76.2439
2.79017935	76.3016
2.788678412	76.407
2.787179865	76.532
2.785682151	76.6375
2.784186046	76.6883
2.782691547	76.7068
2.781198652	76.7654
2.779707358	76.8602
2.778217662	76.9041
2.776729562	76.8523
2.775243056	76.8357
2.77375814	76.8641
2.772274812	76.8553
2.77079307	76.8719
2.769312911	76.9227
2.767834333	76.951
2.766357333	77.035
2.764881908	77.1297
2.763408056	77.2811
2.761935774	77.4197
2.760465061	77.5037
2.758995913	77.5701
2.757528328	77.6678
2.756062304	77.7615
2.754597837	77.8885
2.753134926	77.9471
2.751674325	78.0525
2.750214517	78.2029
2.748756257	78.2713
2.747299542	78.324
2.74584437	78.3758
2.74439074	78.4236
2.742938647	78.5252
2.741488091	78.5906
2.740039067	78.7381
2.738591575	78.8396
2.737145611	78.9344
2.735701174	79.0047
2.73425826	79.0164
2.732816867	79.1053
2.731376994	79.1609
2.729938636	79.1873
2.728501793	79.2039
2.727066462	79.2146
2.72563264	79.2615
2.724200325	79.3123
2.722769514	79.3523
2.721340206	79.3709
2.719912397	79.3953
2.718486086	79.3631
2.717062008	79.3221
2.715638684	79.2703
2.714216851	79.2889
2.712796505	79.3279
2.711377646	79.3367
2.709960269	79.285
2.708544374	79.2937
2.707129958	79.3611
2.705717018	79.3758
2.704305552	79.3172
2.702895558	79.2791
2.701487034	79.3055
2.700079976	79.3709
2.698674384	79.407
2.697270255	79.4627
2.695867585	79.4422
2.694466374	79.4187
2.693066619	79.41
2.691668318	79.3953
2.690271467	79.4178
2.688876066	79.4529
2.687482111	79.4266
2.686089602	79.3709
2.684698534	79.3553
2.683309626	79.3904
2.681921436	79.3865
2.680534681	79.3367
2.679149359	79.325
2.677765469	79.3377
2.676383008	79.3641
2.675001973	79.3836
2.673622363	79.3094
2.672244175	79.3475
2.670867407	79.4256
2.669492057	79.3846
2.668118123	79.2859
2.666745602	79.2195
2.665374493	79.1795
2.664004793	79.1883
2.6626365	79.1111
2.66127032	79.0662
2.659904834	79.0476
2.658540748	79.075
2.657178061	79.0906
2.65581677	79.0271
2.654456873	79.0369
2.653098368	79.0369
2.651741253	79.0428
2.650385525	79.0428
2.649031183	79.0545
2.647678224	79.0437
2.646326647	78.9773
2.644976449	78.9412
2.643627628	78.8875
2.642280182	78.8484
2.640934109	78.8592
2.639589407	78.8279
2.638246073	78.8875
2.636904106	78.9256
2.635563503	78.8641
2.634224263	78.8367
2.632886383	78.8045
2.631549862	78.7654
2.630214697	78.7693
2.628881577	78.7185
2.627549117	78.6687
2.626218007	78.6961
2.624888245	78.7029
2.62355983	78.6834
2.622232758	78.6482
2.620907028	78.6297
2.619582638	78.6326
2.618259585	78.5779
2.616937869	78.5506
2.615617486	78.4764
2.614298435	78.4529
2.612980713	78.4568
2.61166432	78.4568
2.610349252	78.4764
2.609035507	78.493
2.607723085	78.4646
2.606411982	78.3943
2.605102197	78.3836
2.603793727	78.3787
2.602486572	78.3357
2.601180728	78.3748
2.599876194	78.3357
2.598572968	78.3123
2.597271722	78.3631
2.595971105	78.3846
2.59467179	78.4803
2.593373774	78.4764
2.592077057	78.4139
2.590781636	78.4197
2.589487509	78.4373
2.588194675	78.4959
2.58690313	78.4725
2.585612874	78.451
2.584323905	78.3924
2.58303622	78.365
2.581749817	78.367
2.580464695	78.3709
2.579180852	78.3084
2.577898286	78.2322
2.576616995	78.242
2.575336976	78.158
2.574058229	78.0584
2.572780751	78.0545
2.571504541	78.0584
2.570229596	77.9568
2.568955915	78.0115
2.567683495	78.0701
2.566412994	78.0311
2.565143091	77.9646
2.563874445	77.9646
2.562607053	78.0135
2.561340913	77.9607
2.560076024	77.8865
2.558812384	77.9158
2.55754999	77.865
2.556288841	77.8416
2.555028936	77.8416
2.553770272	77.8084
2.552512847	77.7146
2.55125666	77.7205
2.550001709	77.6912
2.548747991	77.6678
2.547495506	77.6189
2.546244252	77.7186
2.544994225	77.7459
2.543745426	77.7439
2.542497852	77.8143
2.5412515	77.867
2.54000637	77.8123
2.53876246	77.6932
2.537519767	77.5877
2.536278934	77.5389
2.535038671	77.5506
2.53379962	77.4861
2.53256178	77.4627
2.531325149	77.5057
2.530089725	77.4275
2.528855506	77.3846
2.52762249	77.4002
2.526390677	77.4139
2.525160064	77.3553
2.523930648	77.3455
2.52270243	77.3299
2.521475406	77.3416
2.520249575	77.3768
2.519024936	77.449
2.517801486	77.4646
2.516579857	77.4393
2.515358781	77.4158
2.514138889	77.4373
2.512920179	77.4295
2.511702651	77.4021
2.510486301	77.4158
2.50927113	77.4549
2.508057134	77.4686
2.506844312	77.5115
2.505632662	77.4393
2.504422183	77.3787
2.503212874	77.3455
2.502004731	77.2654
2.500797754	77.2049
2.499591942	77.1404
2.498387291	77.1268
2.497183801	77.1404
2.49598147	77.0545
2.494780296	77.1072
2.493580278	77.1678
2.492381413	77.0096
2.491183701	77.0779
2.489987139	77.1346
2.488791726	77.0721
2.48759808	76.9686
2.486404959	76.949
2.485212983	76.9959
2.484022149	76.949
2.482832455	76.9549
2.4816439	76.9803
2.480456483	76.9783
2.479270202	76.9803
2.478085055	76.9939
2.47690104	76.949
2.475718156	76.8475
2.474536402	76.8436
2.473355775	76.8064
2.472176274	76.7693
2.470997898	76.7732
2.469820644	76.7674
2.468644512	76.8279
2.467469499	76.8436
2.466295604	76.8768
2.465122826	76.8846
2.463951163	76.7576
2.462780612	76.7518
2.461611174	76.7615
2.460442845	76.6346
2.45927623	76.7264
2.458110116	76.8123
2.456945108	76.824
2.455781204	76.8377
2.454618401	76.7596
2.4534567	76.6951
2.452296097	76.66
2.451136592	76.6248
2.449978183	76.5955
2.448820868	76.6111
2.447664646	76.5975
2.446509516	76.6736
2.445355475	76.6424
2.444202523	76.5525
2.443050657	76.5701
2.441899876	76.5271
2.440750179	76.4607
2.439601564	76.4568
2.43845403	76.41
2.437307575	76.3436
2.436162197	76.4178
2.435017895	76.4002
2.433874668	76.3611
2.432732513	76.367
2.431592022	76.3533
2.430452008	76.3865
2.429313063	76.2908
2.428175185	76.2498
2.427038372	76.2771
2.425902624	76.3436
2.424767938	76.4393
2.423634312	76.3982
2.422501747	76.3221
2.421370239	76.3455
2.420239788	76.3123
2.419110392	76.2518
2.417982049	76.324
2.416854758	76.3123
2.415728518	76.283
2.414603328	76.3377
2.413479185	76.4061
2.412356088	76.449
2.411234036	76.3924
2.410113027	76.3846
2.40899306	76.3357
2.407874134	76.2225
2.406756246	76.2186
2.405639396	76.1912
2.40452416	76.1111
2.40340938	76.0115
2.402295634	76.0018
2.401182919	75.9959
2.400071234	75.9607
2.398960578	76.0154
2.39785095	76.0252
2.396742348	76.0896
2.39563477	76.0877
2.394528216	76.0701
2.393422683	76.0779
2.392318171	76.0545
2.391214677	76.0115
2.390112201	75.9959
2.389010742	76.0076
2.387910297	76.0643
2.386811435	75.9764
2.385713014	75.8631
2.384615605	75.8299
2.383519204	75.8689
2.382423811	75.7908
2.381329425	75.7186
2.380236043	75.783
2.379143665	75.742
2.37805229	75.7283
2.376961915	75.7811
2.375872539	75.7303
2.374784162	75.6658
2.373696781	75.6795
2.372610396	75.7029
2.371525004	75.5936
2.370440606	75.6893
2.369357198	75.6814
2.368274781	75.6248
2.367193351	75.5936
2.366112909	75.658
2.365033453	75.5877
2.363954982	75.4705
2.362877493	75.4939
2.361800987	75.4607
2.360726018	75.3865
2.35965147	75.3455
2.3585779	75.4842
2.357505307	75.492
2.356433688	75.5389
2.355363044	75.7537
2.354293372	75.7596
2.353224671	75.6756
2.35215694	75.7381
2.351090177	75.7771
2.350024382	75.66
2.348959552	75.533
2.347895687	75.5018
2.346832785	75.4549
2.345770845	75.408
2.344709866	75.4705
2.343649846	75.4627
2.342590784	75.4549
2.341532678	75.5174
2.340475528	75.492
2.339419333	75.4471
2.33836409	75.3982
2.337309798	75.367
2.336256457	75.2811
2.335204611	75.3045
2.334153166	75.3943
2.333102667	75.3397
2.332053114	75.16
2.331004504	75.0936
2.329956838	75.0389
2.328910112	74.908
2.327864326	74.8904
2.32681948	74.9705
2.325775571	74.992
2.324732598	75.0076
2.32369056	75.0545
2.322649456	75.0643
2.321609284	75.0467
2.320570043	75.0506
2.319531733	75.0623
2.318494351	75.0936
2.317457897	75.1502
2.316422369	75.1834
2.315387766	75.158
2.314354087	75.1033
2.31332133	75.0721
2.312289495	74.9451
2.31125858	74.7752
2.310229117	74.7752
2.309200038	74.785
2.308171875	74.7518
2.307144627	74.908
2.306118293	75.0154
2.305092872	74.992
2.304068363	74.9939
2.303044763	74.992
2.302022073	74.8592
2.301000291	74.8611
2.299979415	74.9549
2.298959445	74.9295
2.297940379	74.8299
2.296922216	74.7986
2.295904955	74.8299
2.294888595	74.7615
2.29387366	74.7732
2.292859097	74.8631
2.291845431	74.9139
2.29083266	74.9471
2.289820785	74.9783
2.288809803	74.9236
2.287799713	74.9705
2.286790515	74.9217
2.285782206	74.9217
2.284774786	74.8064
2.283768254	74.7654
2.282762608	74.783
2.281757848	74.6639
2.280753972	74.4393
2.279750978	74.4158
2.278748867	74.5311
2.277747636	74.4315
2.276747284	74.369
2.275747811	74.492
2.274749215	74.5799
2.273751494	74.7127
2.272754649	74.7674
2.271758677	74.6736
2.270763578	74.7908
2.269769866	74.8064
2.268776508	74.6658
2.267784019	74.5584
2.266792398	74.4939
2.265801644	74.492
2.264811756	74.5311
2.263822732	74.5643
2.262834571	74.617
2.261847273	74.5232
2.260860836	74.5408
2.259875259	74.5232
2.258890541	74.4158
2.257906681	74.4686
2.256923678	74.5096
2.25594153	74.4217
2.254960236	74.3221
2.253979796	74.3045
2.253000208	74.3475
2.252021471	74.3065
2.251043584	74.3846
2.250066546	74.4002
2.249090355	74.3514
2.248115012	74.3924
2.247140514	74.4139
2.246167365	74.2889
2.245194554	74.1795
2.244222586	74.3533
2.243251458	74.3982
2.242281171	74.3221
2.241311723	74.2498
2.240343113	74.3201
2.23937534	74.2986
2.238408402	74.2576
2.237442299	74.1033
2.23647703	74.0799
2.235512593	74.0037
2.234548988	74.0565
2.233586213	74.1014
2.232624267	74.0936
2.231663149	74.0936
2.230702859	74.0799
2.229743394	74.0076
2.228784755	73.9783
2.22782694	73.9217
2.226869947	73.9471
2.225913777	74.0408
2.224958427	74.0857
2.224003896	74.0936
2.223050679	74.0545
2.222097785	74.0232
2.221145707	73.9686
2.220194445	73.9686
2.219243997	73.9139
2.218294362	73.9998
2.21734554	73.9549
2.21639753	73.8065
2.215450329	73.9764
2.214503938	74.0232
2.213558355	73.9373
2.212613579	73.9061
2.211669609	73.9686
2.210726445	73.9998
2.209784084	74.0076
2.208842527	73.9451
2.207901771	74.0018
2.206961817	74.0467
2.206022662	74.0467
2.205084307	73.9764
2.204146749	73.7732
2.203209989	73.7811
2.202274024	73.6951
2.201338854	73.6482
2.200404963	73.7127
2.199471379	73.5955
2.198538587	73.6346
2.197606587	73.7186
2.196675376	73.8436
2.195744954	73.9217
2.194815319	73.785
2.193886472	73.91
2.192958411	73.9217
2.192031134	73.7889
2.191104641	73.7654
2.190178931	73.7654
2.189254003	73.8006
2.188329856	73.8045
2.187406488	73.8436
2.1864839	73.7654
2.185562567	73.6092
2.184641533	73.5311
2.183721275	73.4334
2.182801792	73.3748
2.181883083	73.3084
2.180965147	73.3279
2.180047983	73.3045
2.17913159	73.3006
2.178215967	73.324
2.177301113	73.3709
2.176387028	73.535
2.175473709	73.5076
2.174561157	73.5076
2.17364937	73.4803
2.172738348	73.4217
2.171828089	73.4373
2.170918592	73.5232
2.170009856	73.285
2.169101881	73.1209
2.168194666	73.199
2.167288209	73.3357
2.166382509	73.41
2.165477567	73.5232
2.16457338	73.4881
2.163670416	73.574
2.162767737	73.617
2.161865811	73.535
2.160964637	73.3904
2.160064214	73.3436
2.159164542	73.3045
2.158265618	73.4725
2.157367442	73.5272
2.156470014	73.4686
2.155573332	73.4295
2.154677395	73.4373
2.153782203	73.4764
2.152887754	73.3397
2.151994048	73.1951
2.151101084	73.1912
2.150208861	73.1639
2.149317377	73.035
2.148426632	73.0389
2.147536625	73.0584
2.146647355	73.0311
2.145758822	72.8748
2.144871024	73.0076
2.14398396	73.0818
2.143097629	73.0193
2.14221249	73.074
2.141327623	73.1287
2.140443487	73.1287
2.139560081	73.1756
2.138677403	73.3553
2.137795454	73.367
2.136914232	73.2381
2.136033736	73.074
2.135153965	73.0858
2.134274919	73.0701
2.133396596	73.1287
2.132518995	73.0701
2.131642117	73.0272
2.130765959	73.0623
2.129890521	73.1561
2.129015803	73.1483
2.128141802	73.0858
2.127268519	73.2029
2.126395952	73.035
2.125524101	72.8162
2.124652964	72.8904
2.123782542	72.9959
2.122912832	73.0506
2.122043834	73.035
2.121175997	72.9412
2.12030842	72.992
2.119441553	72.8631
2.118575394	72.8826
2.117709942	72.9178
2.116845198	72.8709
2.115981159	73.0076
2.115117826	73.0076
2.114255197	72.7459
2.113393271	72.6756
2.112532047	72.8318
2.111671525	72.9022
2.110811704	72.66
2.109952583	72.66
2.109094161	72.8045
2.108236437	72.7108
2.107379855	72.6912
2.106523524	72.6951
2.105667889	72.5936
2.104812949	72.6483
2.103958703	72.7381
2.103105151	72.5936
2.10225229	72.5467
2.101400121	72.8201
2.100548642	72.9061
2.099697853	72.91
2.098847754	72.8904
2.097998342	72.7772
2.097149617	72.6326
2.096301579	72.7381
2.095454226	72.8318
2.094607559	72.7108
2.093761575	72.617
2.092916274	72.6326
2.092071655	72.5662
2.091227718	72.41
2.090384461	72.4686
2.089541885	72.4881
2.088699987	72.4998
2.087858767	72.6404
2.08701866	72.7498
2.086178794	72.699
2.085339604	72.699
2.084501088	72.9608
2.083663247	72.8592
2.082826078	72.66
2.081989583	72.5233
2.081153758	72.41
2.080318605	72.4061
2.079484122	72.4529
