Name: Chromite Fe+2Cr2O4
Type:  Mineral
Class:   Oxides (Spinel Group)
Subclass:
Particle Size:  Fine (less than 2 Micrometers)
Sample No.:  chromite.1
Owner:  JHU
Wavelength Range:  IR
Origin:  Smithsonian NMNH 117075; Sample from Tiebaghi Mine, New 
Caledonia.  
Description: The sample was one large (3.5 cm x 2 cm x 2 cm) piece 
with a few crystal faces showing, weighing 42 g. Minimal 
contamination (<1%) occurred along a few thin veins containing 
mostly kaolinte. Microscopic examination confirmed the substantial 
purity of the sample. Most of the contaminating earthy material was 
removed by ultrasonic cleaning of the crushed sample.
Measurement:  Transmission 
First Column:  X
Second Column:  Y  
X Units:  Wavelength (micrometers)
Y Units:  Transmittance (percent)
First X Value:  25.0442
Last X Value:  2.079
Number of X Values:  2287
Additional Information: chromi1a.txt

25.04420302	79.0154
24.9237955	78.3904
24.80454022	77.8436
24.68642074	77.1326
24.5694209	76.5311
24.45352485	76.3201
24.33871706	75.6814
24.22498226	74.6561
24.11236361	73.7596
24.00072962	72.7615
23.89012454	71.869
23.78053421	71.2147
23.67194472	70.3299
23.56434244	69.2362
23.45771395	68.1287
23.35204611	67.1834
23.24732598	65.9959
23.14354087	64.9071
23.04067832	63.7225
22.93872607	62.5985
22.83767211	61.6405
22.7375046	60.9998
22.63821194	60.4657
22.53978272	60.1541
22.44220571	60.2225
22.3454699	60.2928
22.24956446	60.3055
22.15447875	60.4139
22.06020229	60.6454
21.96672481	60.328
21.87403618	59.8924
21.78212646	59.3143
21.69103293	58.7469
21.60065148	57.8924
21.5110201	56.9276
21.42212949	56.2655
21.33397051	55.3983
21.24653416	54.2587
21.15981159	53.0594
21.0737941	52.0555
20.98847313	50.9081
20.90384024	49.6112
20.81988716	47.996
20.73660571	46.1444
20.65398787	43.9257
20.57202575	41.3358
20.49071156	38.5585
20.41003766	35.4823
20.3299965	32.4257
20.25058069	29.4413
20.1717829	26.5859
20.09359597	24.0829
20.01601281	21.9599
19.93902646	20.1074
19.86263005	18.708
19.78681684	17.7524
19.71161901	17.1015
19.63695203	16.7519
19.56284859	16.6953
19.48930232	16.7133
19.41630698	16.6552
19.34385639	16.6547
19.27194448	16.7617
19.20056526	17.1201
19.12971284	17.5966
19.05938141	18.1757
18.98956523	19.0297
18.92025868	19.9887
18.85145618	21.0917
18.78315226	22.3525
18.71534153	23.7529
18.64801865	25.3657
18.58121291	27.0507
18.51484984	28.7187
18.44895911	30.4028
18.38353571	32.0517
18.31857467	33.6391
18.25407111	35.0917
18.19002023	36.4613
18.12641726	37.912
18.06325753	39.2738
18.00053642	40.703
17.93824937	42.4535
17.8763919	44.5707
17.81495958	46.8427
17.75394803	49.203
17.69335296	51.5223
17.63317011	53.6747
17.57339529	55.7635
17.51402436	57.6761
17.45505324	59.284
17.39647791	60.453
17.3382944	61.4163
17.28049878	62.1678
17.2230872	62.7108
17.16605584	62.9285
17.1094302	62.9608
17.05314784	62.869
16.99723455	62.5174
16.94168671	62.1034
16.88650076	61.5662
16.83167317	60.8329
16.77720046	60.0565
16.72307919	59.3104
16.66930597	58.4608
16.61587747	57.4652
16.56279037	56.4501
16.51004141	55.3036
16.45762737	53.9632
16.40554507	52.5375
16.35379138	50.8885
16.30236319	48.911
16.25125744	46.6415
16.20047111	44.0961
16.15000121	41.2304
16.0998448	38.0507
16.04999896	34.5858
16.00046081	30.849
15.95122753	27.0302
15.90229629	23.393
15.85368947	20.3154
15.80535391	17.9521
15.75731218	16.4028
15.70956162	15.6572
15.6620996	15.456
15.61492349	15.7758
15.56803074	16.436
15.52141878	17.2544
15.47508511	18.1562
15.42902725	19.1542
15.38324273	20.186
15.33772913	21.1806
15.29248405	22.2446
15.24750513	23.4023
15.20279002	24.5517
15.1583364	25.6835
15.114142	26.8715
15.07020455	28.0165
15.02652181	29.1713
14.98309158	30.3276
14.93991168	31.4086
14.89697994	32.3803
14.85429423	33.2836
14.81185244	34.1337
14.76967431	34.7514
14.72771402	35.3441
14.68599147	35.8505
14.64450465	36.2411
14.60325156	36.5673
14.56223023	36.9115
14.52143873	37.2792
14.48087511	37.6938
14.44053748	38.2382
14.40042395	38.8974
14.36053266	39.6713
14.32086177	40.5302
14.28140946	41.5502
14.24217393	42.7142
14.20315338	44.014
14.16434607	45.5258
14.12575025	47.0878
14.0873642	48.745
14.0491862	50.493
14.01121458	52.2972
13.97344765	54.0702
13.93588379	55.9105
13.89852134	57.7269
13.86135869	59.5538
13.82441336	61.3683
13.78764544	63.0985
13.75107258	64.7657
13.71469324	66.3594
13.67850587	67.9053
13.64250897	69.3555
13.60670103	70.7303
13.57108057	72.076
13.53564612	73.3621
13.50039624	74.5496
13.46532947	75.6788
13.4304444	76.7928
13.39573962	77.8221
13.36121373	78.782
13.32686536	79.657
13.29269314	80.5037
13.25871329	81.2303
13.22488924	81.9021
13.19123732	82.5059
13.15775623	83.0652
13.12444467	83.5799
13.09130135	83.9929
13.05832501	84.375
13.02551438	84.7097
12.99286821	85.0681
12.96038529	85.3494
12.92806437	85.576
12.89590426	85.751
12.86390376	86.0049
12.83206168	86.2432
12.80037684	86.4541
12.7688481	86.6719
12.73747429	86.8924
12.70625427	87.0955
12.67518693	87.2862
12.64427113	87.449
12.61350579	87.5
12.58288979	87.6289
12.55242205	87.8096
12.52210151	87.9219
12.4919427	88.0528
12.46191328	88.2249
12.43202789	88.4776
12.40228549	88.6321
12.37268507	88.7957
12.34322561	88.9119
12.31390609	89.0637
12.28472554	89.159
12.25568296	89.2693
12.22677738	89.3826
12.19800782	89.407
12.16937334	89.4568
12.14087298	89.5059
12.1125058	89.6033
12.08427087	89.6516
12.05616727	89.71
12.02819409	89.7195
12.00035041	89.7637
11.97263534	89.8789
11.945048	89.9629
11.9175875	90.0098
11.89025297	89.9971
11.86304353	90.0381
11.83595835	90.0047
11.80901051	90.0274
11.78217122	90.0515
11.75545365	90.0642
11.72885698	90.1179
11.70238038	90.1475
11.67602305	90.2127
11.64978419	90.2012
11.62366299	90.2481
11.59765866	90.241
11.57177043	90.239
11.54599752	90.2725
11.52033916	90.2256
11.49479458	90.2058
11.46936304	90.1907
11.44404378	90.1912
11.41883606	90.1189
11.39373914	90.0498
11.3687523	90.0471
11.34387482	90.083
11.31910597	90.0195
11.29444505	89.9509
11.26989136	90.0039
11.24544419	90.0371
11.22110285	90.0488
11.19687921	90.0047
11.17274743	90.0007
11.14871946	90.0086
11.12479461	89.9649
11.10097222	89.9705
11.07725165	89.9719
11.05363222	89.9656
11.03011331	89.9617
11.00669427	89.991
10.98337447	89.9505
10.96015327	89.9329
10.93703005	89.9563
10.9140042	89.96
10.89107509	89.9412
10.86824213	89.885
10.8455047	89.8845
10.82287393	89.8633
10.80032574	89.8548
10.77787131	89.8018
10.75551005	89.7295
10.73324139	89.7022
10.71106474	89.6863
10.68897956	89.6087
10.66698525	89.572
10.64508128	89.6221
10.62326708	89.6111
10.6015421	89.6355
10.5799058	89.6973
10.55835763	89.7871
10.53689705	89.8328
10.51552354	89.8862
10.49423657	89.9832
10.4730356	90.0735
10.45192012	90.1748
10.43088962	90.2263
10.40994358	90.2669
10.38908149	90.3003
10.36830285	90.3757
10.34760717	90.4124
10.32699394	90.377
10.30647329	90.3518
10.28602345	90.3311
10.26565461	90.3406
10.24536628	90.3069
10.22515798	90.2959
10.20502924	90.2581
10.1849796	90.2276
10.16500858	90.1892
10.14511574	90.1585
10.12530059	90.0889
10.10556271	90.043
10.08590162	90.0359
10.0663169	89.9329
10.04680808	89.855
10.02737473	89.7822
10.00801642	89.7244
9.98873271	89.6404
9.969523168	89.5745
9.950387369	89.5117
9.931324888	89.4378
9.912335307	89.4187
9.893418206	89.3516
9.874573172	89.3128
9.855799793	89.2717
9.83710734	89.2791
9.818476015	89.228
9.799915133	89.1338
9.781424293	89.1133
9.7630031	89.0635
9.744651161	89.0105
9.726368087	88.9341
9.70815349	88.9241
9.690006986	88.8633
9.671928196	88.823
9.653916739	88.76
9.635972241	88.6804
9.618094328	88.6607
9.600282632	88.5838
9.582536785	88.5344
9.564856422	88.4717
9.547241181	88.4385
9.529690704	88.3943
9.512204634	88.3133
9.494782617	88.2725
9.477424301	88.2366
9.460129339	88.1699
9.442897383	88.072
9.42572809	87.999
9.408629972	87.8867
9.391584952	87.8174
9.374601579	87.7363
9.35767952	87.6035
9.340818443	87.4925
9.324018018	87.3675
9.307277919	87.305
9.290597822	87.1492
9.273977405	87.072
9.257416348	86.9973
9.240914333	86.9055
9.224471046	86.8484
9.208086173	86.7959
9.191759404	86.8155
9.17549043	86.845
9.159278945	86.9004
9.143124645	86.9851
9.127027227	87.1172
9.110986392	87.2688
9.095001842	87.4256
9.079073281	87.6133
9.063200415	87.8113
9.047382954	88.0117
9.031620607	88.1858
9.015921215	88.3496
9.000268208	88.5354
8.984669459	88.7366
8.969124685	88.8994
8.953633608	89.1121
8.93819595	89.2893
8.922811435	89.4275
8.907479789	89.5632
8.89220074	89.711
8.876974017	89.8635
8.861799353	90.0022
8.846676481	90.1377
8.831605135	90.2725
8.816585054	90.3897
8.801615977	90.5098
8.786697643	90.6321
8.771837489	90.7515
8.757019846	90.8433
8.742252179	90.957
8.727534236	91.051
8.712865766	91.1533
8.69824652	91.2461
8.683676252	91.3284
8.669154714	91.406
8.654681663	91.4944
8.640256858	91.5828
8.625880055	91.6328
8.611551018	91.6707
8.597269507	91.7129
8.583035287	91.7461
8.568848124	91.794
8.554707784	91.8887
8.540614036	91.9851
8.52656665	92.0684
8.512565398	92.1978
8.498610052	92.3213
8.484700388	92.4375
8.470836182	92.552
8.45701721	92.7041
8.443243252	92.8335
8.429521195	92.948
8.415836585	93.075
8.402196334	93.1799
8.388600228	93.3147
8.375048052	93.4207
8.361539594	93.5256
8.348074642	93.6169
8.334652987	93.7332
8.32127442	93.8274
8.307938734	93.9382
8.294645723	94.0637
8.281395183	94.1797
8.268186911	94.2991
8.255020704	94.3792
8.241896361	94.5012
8.228813685	94.5916
8.215772476	94.7019
8.202772537	94.7937
8.189813674	94.8616
8.176895691	94.9407
8.164018395	95.01
8.151181595	95.093
8.1383851	95.1287
8.125628721	95.2043
8.11291885	95.2527
8.100242116	95.2986
8.087604937	95.3406
8.075007126	95.3933
8.062448501	95.4705
8.049928879	95.4958
8.037448078	95.5408
8.025005918	95.5798
8.012602221	95.6189
8.000236807	95.6189
7.9879095	95.6599
7.975620124	95.7048
7.963368505	95.7361
7.951154468	95.8171
7.938977841	95.8713
7.926838452	95.9314
7.914736131	95.927
7.902670708	95.9333
7.890642014	95.9163
7.878649883	95.8958
7.866694148	95.9109
7.854774643	95.8948
7.842891203	95.8874
7.831043667	95.8791
7.819237984	95.9119
7.807461747	95.9043
7.795720929	95.8811
7.784015369	95.8943
7.772344909	95.9226
7.760709391	95.9255
7.749108659	95.9177
7.737542556	95.9363
7.726010929	95.9299
7.714513623	95.9165
7.703050485	95.915
7.691621363	95.9099
7.680226106	95.9021
7.668864563	95.8757
7.657536586	95.8718
7.646242025	95.8513
7.634986562	95.843
7.623758376	95.8181
7.612563165	95.804
7.601400786	95.7922
7.590271094	95.7903
7.579173946	95.7996
7.568109199	95.7737
7.557076711	95.7441
7.546076342	95.7429
7.535107952	95.7517
7.524171401	95.7444
7.51326655	95.7224
7.502393263	95.7126
7.491551403	95.7004
7.480740833	95.7039
7.469961418	95.6902
7.459213023	95.6665
7.448495516	95.6155
7.437808762	95.6013
7.42715263	95.5857
7.416526989	95.5496
7.405931707	95.5247
7.395366655	95.4998
7.384831703	95.4792
7.374332162	95.4509
7.363857012	95.4202
7.353411579	95.3838
7.342995737	95.3796
7.33260936	95.3733
7.322252325	95.3416
7.311924506	95.325
7.30162578	95.3201
7.291356025	95.3088
7.281115117	95.2874
7.270902937	95.2766
7.260719363	95.2327
7.250564275	95.1853
7.240437554	95.1631
7.230339081	95.1736
7.220268738	95.176
7.210226408	95.157
7.200211974	95.1238
7.19022532	95.0579
7.18026633	95.0349
7.17033489	95.0559
7.160430886	95.0369
7.150554204	95.0193
7.14070473	95.0178
7.130887439	94.9768
7.121092034	94.9783
7.111323503	94.9548
7.101581735	94.9421
7.091866622	94.9011
7.082178053	94.8709
7.07251592	94.8445
7.062880115	94.8577
7.053270531	94.8699
7.04368706	94.8904
7.034129597	94.8467
7.024598035	94.7979
7.01509227	94.7957
7.005612196	94.7932
6.99615771	94.7815
6.986728709	94.7542
6.977325089	94.7471
6.967946748	94.752
6.958593585	94.7432
6.949265497	94.7048
6.939962385	94.6628
6.930684149	94.6179
6.921430687	94.6091
6.912201903	94.592
6.903002461	94.5615
6.893822721	94.5376
6.884667364	94.5532
6.875536292	94.5266
6.866429409	94.571
6.857346618	94.5786
6.848287825	94.533
6.839252935	94.4827
6.830241852	94.4719
6.821254483	94.4832
6.812290735	94.4514
6.803350514	94.4573
6.794433728	94.4876
6.785540285	94.4998
6.776670093	94.467
6.767823062	94.4436
6.7589991	94.4309
6.750198118	94.4094
6.741420026	94.4006
6.732664735	94.3845
6.723932156	94.3782
6.7152222	94.3621
6.70653478	94.3523
6.697869809	94.3284
6.689231675	94.3142
6.680611329	94.3171
6.672013173	94.2859
6.663437121	94.2488
6.654883087	94.2317
6.646350987	94.2512
6.637840737	94.2888
6.629352253	94.2341
6.620885451	94.178
6.612440248	94.157
6.604016563	94.1311
6.595614312	94.1277
6.587233415	94.1209
6.578873789	94.1028
6.570535354	94.092
6.56221803	94.0522
6.553926031	93.9934
6.545650677	93.9641
6.537396194	93.929
6.529162504	93.8933
6.520949529	93.8621
6.512757189	93.8005
6.504585407	93.7532
6.496434107	93.7705
6.488303211	93.7434
6.480192643	93.6721
6.472102327	93.6043
6.464032186	93.5476
6.455982145	93.5139
6.44795213	93.4622
6.439942066	93.4143
6.431951879	93.3953
6.423981494	93.3689
6.416030838	93.3792
6.408099838	93.3211
6.400188422	93.2212
6.392296516	93.1575
6.384424048	93.1082
6.376570948	93.0686
6.368737143	93.0364
6.360926609	92.9558
6.353131172	92.9158
6.34535482	92.9236
6.33759748	92.8538
6.329859085	92.7527
6.322139564	92.7036
6.314438848	92.6768
6.30675687	92.6336
6.29909356	92.6008
6.291448851	92.5667
6.283822676	92.5046
6.276214965	92.4553
6.268625654	92.4238
6.261054675	92.3645
6.253501961	92.2927
6.245967447	92.2405
6.238451067	92.1721
6.230952756	92.1179
6.223472449	92.0647
6.21601008	92.0286
6.208565585	91.9641
6.201138901	91.8933
6.193729963	91.8518
6.186338708	91.8582
6.178968891	91.802
6.171612803	91.6965
6.164274209	91.6555
6.156953047	91.6174
6.149649255	91.5662
6.14236277	91.5459
6.135093533	91.4998
6.12784148	91.5081
6.120606552	91.5366
6.113388688	91.5794
6.106187828	91.5818
6.099003911	91.574
6.091836878	91.5974
6.084686669	91.6257
6.077553226	91.6668
6.070436489	91.6853
6.063336399	91.6619
6.056252899	91.7146
6.049185931	91.8079
6.042135436	91.7439
6.035101357	91.6912
6.028083636	91.7195
6.021082217	91.7268
6.014097043	91.7712
6.007131667	91.7991
6.000178805	91.8113
5.99324202	91.8508
5.986321256	91.9402
5.979416457	91.9631
5.972527568	92.0173
5.965654534	92.0554
5.9587973	92.0676
5.951955813	92.1028
5.945130017	92.1555
5.938319859	92.2615
5.931525286	92.303
5.924746243	92.2717
5.917982678	92.2822
5.911234538	92.3074
5.904501769	92.3386
5.89778432	92.3992
5.891082139	92.4158
5.884395172	92.4221
5.87772337	92.4573
5.871066679	92.4114
5.864425049	92.4124
5.857798428	92.4085
5.851186767	92.3967
5.84459343	92.3928
5.838011527	92.3977
5.831444431	92.4107
5.824892094	92.4202
5.818354465	92.4109
5.811831494	92.3762
5.805323133	92.3547
5.798829332	92.3347
5.792350043	92.3284
5.785885217	92.3289
5.779434806	92.3189
5.772998761	92.3308
5.766577035	92.3494
5.760169579	92.3181
5.753776347	92.2507
5.747397291	92.2586
5.74103566	92.2561
5.734684807	92.2449
5.72834799	92.2512
5.722025162	92.26
5.715716276	92.2698
5.709421287	92.2835
5.703140149	92.2761
5.696872816	92.2761
5.690619242	92.2744
5.684379382	92.2493
5.678153192	92.2288
5.671940626	92.2146
5.66574164	92.1775
5.659556189	92.157
5.653384229	92.1448
5.647225716	92.1331
5.641080605	92.1414
5.634948854	92.1104
5.628830419	92.093
5.622725256	92.0647
5.616633323	92.0569
5.610554575	92.0571
5.604488971	92.0481
5.598436469	92.0315
5.592400152	92.0017
5.586373717	91.9797
5.580360257	91.9592
5.574359729	91.9402
5.568372092	91.8982
5.562397304	91.884
5.556435324	91.874
5.550486112	91.8655
5.544549625	91.8381
5.538625823	91.8174
5.532714665	91.8103
5.526816112	91.781
5.520930122	91.7639
5.515056656	91.7356
5.509195674	91.6941
5.503347136	91.6912
5.497511002	91.6843
5.491687233	91.6751
5.48587579	91.6526
5.480076633	91.6536
5.474289725	91.636
5.468515025	91.615
5.462752495	91.5823
5.457002098	91.5564
5.451266765	91.5483
5.445540511	91.5313
5.439826274	91.5252
5.434124016	91.4929
5.428433701	91.4597
5.422755291	91.4509
5.417088748	91.4368
5.411434035	91.385
5.405791116	91.3403
5.400159953	91.3191
5.394540509	91.2781
5.388932749	91.2634
5.383336635	91.2405
5.377752132	91.2293
5.372179203	91.2019
5.366617813	91.1672
5.361067925	91.1668
5.355529504	91.1712
5.350002515	91.1658
5.344486921	91.1409
5.338982689	91.1262
5.333489782	91.1255
5.328008167	91.1116
5.322537807	91.0838
5.317081497	91.0496
5.31163354	91.0615
5.306196736	91.0667
5.30077105	91.0369
5.295356449	91.0271
5.289952898	91.0039
5.284560364	90.9963
5.279178813	90.9734
5.273808212	90.9451
5.268448526	90.9207
5.263099724	90.8987
5.257761771	90.8572
5.252434635	90.8338
5.247118283	90.8201
5.241812682	90.7713
5.236517799	90.7366
5.23123634	90.7063
5.225962792	90.6858
5.220699866	90.6707
5.21544753	90.6643
5.210205751	90.6448
5.204974498	90.6243
5.19975374	90.6292
5.194543444	90.6111
5.189343579	90.6106
5.184154115	90.5896
5.178975019	90.5584
5.173806261	90.5491
5.168647809	90.5271
5.163499634	90.5198
5.158361704	90.4754
5.153233989	90.4729
5.148116459	90.4705
5.143009082	90.4514
5.137911829	90.428
5.13282467	90.4099
5.127747575	90.3855
5.122680514	90.3714
5.117623458	90.3899
5.112576376	90.3552
5.107541847	90.3118
5.102514621	90.2849
5.097497282	90.2761
5.0924898	90.2351
5.087492146	90.2024
5.082504292	90.1956
5.077526209	90.1731
5.072557868	90.1485
5.06759924	90.1091
5.062650297	90.0881
5.057711011	90.0691
5.052781354	90.0454
5.047861297	90.0178
5.042950812	89.9929
5.038049872	89.9964
5.033158448	89.9964
5.028276513	89.9646
5.023404039	89.9368
5.018541	89.926
5.013687367	89.8914
5.008843113	89.8567
5.004008211	89.8416
4.999182634	89.8311
4.994366355	89.8008
4.989561837	89.7647
4.984764069	89.7556
4.979975518	89.7442
4.97519616	89.7195
4.970425966	89.7168
4.96566491	89.7014
4.960912967	89.6907
4.95617011	89.6773
4.951436313	89.6546
4.94671155	89.6238
4.941995795	89.6209
4.937289023	89.6228
4.932591209	89.5733
4.927902325	89.5488
4.923222347	89.543
4.918551251	89.533
4.913889009	89.5056
4.909235598	89.461
4.904590991	89.4439
4.899955165	89.4207
4.895328095	89.3909
4.890709754	89.3599
4.88610012	89.3252
4.881499167	89.3049
4.876909249	89.3037
4.87232558	89.2608
4.86775052	89.241
4.863184043	89.2234
4.858626126	89.2078
4.854076745	89.1892
4.849535875	89.1865
4.845003493	89.1663
4.840479575	89.1507
4.835964098	89.1426
4.831457037	89.136
4.826958369	89.1055
4.822468072	89.0755
4.81798612	89.043
4.813512492	89.0369
4.809047164	89.0318
4.804590113	89.021
4.800141316	89.0127
4.79570075	88.9939
4.791268392	88.9861
4.78684422	88.9922
4.782428211	88.9649
4.778020342	88.9473
4.773620591	88.9346
4.769231209	88.917
4.764847623	88.8823
4.760472086	88.8313
4.756104579	88.7981
4.751745078	88.7813
4.747393562	88.7598
4.743050009	88.7478
4.738714396	88.7224
4.734386703	88.6914
4.730066907	88.678
4.725754987	88.6648
4.721450921	88.6277
4.717154688	88.6126
4.712866266	88.6123
4.708585635	88.5769
4.704312773	88.5593
4.700049868	88.5432
4.695792476	88.4885
4.69154279	88.4436
4.68730079	88.4102
4.683066453	88.4028
4.67883976	88.3823
4.67462069	88.3328
4.670409221	88.3394
4.666205334	88.3535
4.662009009	88.3421
4.657820224	88.3391
4.65363896	88.3189
4.649465195	88.3159
4.645298911	88.2986
4.641140087	88.263
4.636988702	88.2302
4.632844738	88.2024
4.628708174	88.197
4.62457899	88.1695
4.620457167	88.1585
4.616342684	88.1382
4.612235523	88.1211
4.608135664	88.1109
4.604043086	88.0877
4.599959888	88.0716
4.595881814	88.0547
4.591810964	88.0227
4.58774732	87.9815
4.583690861	87.9636
4.57964157	87.9468
4.575599426	87.9185
4.571564412	87.8899
4.567536508	87.8682
4.563515696	87.8604
4.559501956	87.8362
4.555495271	87.8108
4.551495621	87.77
4.547502989	87.7373
4.543517355	87.6917
4.539538701	87.6597
4.535567009	87.6453
4.531602261	87.625
4.527644439	87.6038
4.523693523	87.6016
4.519749497	87.5879
4.515812343	87.5257
4.511882041	87.52
4.507958575	87.5029
4.504043956	87.4942
4.500134104	87.471
4.496231034	87.4773
4.492334729	87.4563
4.488445171	87.4202
4.484562343	87.3941
4.480686226	87.376
4.476816804	87.3389
4.47295406	87.3245
4.469097975	87.3025
4.465248534	87.2832
4.461405718	87.2805
4.45756951	87.2737
4.453739894	87.2254
4.449916853	87.1917
4.44610037	87.1726
4.442290427	87.1546
4.438487009	87.1355
4.434690097	87.106
4.430899676	87.0742
4.42711573	87.0134
4.42333824	86.9541
4.419567192	86.9275
4.415802568	86.8943
4.412046298	86.8477
4.408294471	86.8325
4.404549018	86.8225
4.400809925	86.8037
4.397077175	86.7991
4.393350752	86.7893
4.389630639	86.7869
4.385916821	86.7766
4.382209282	86.7791
4.378508006	86.7815
4.374812977	86.7649
4.371124179	86.7437
4.367441596	86.7066
4.363765214	86.6516
4.360095015	86.5996
4.356430985	86.5857
4.352775003	86.5344
4.34912326	86.5078
4.34547764	86.4932
4.341838126	86.4861
4.338204703	86.4737
4.334577357	86.4397
4.330956072	86.4036
4.327340832	86.4007
4.323731623	86.3894
4.320128429	86.378
4.316531235	86.334
4.312940028	86.2879
4.30935479	86.282
4.305775509	86.2837
4.302202168	86.2442
4.298634754	86.2141
4.29507325	86.2012
4.291517644	86.2112
4.287967919	86.1795
4.284424062	86.1641
4.280886058	86.159
4.277353892	86.1446
4.27382755	86.1453
4.270307018	86.0945
4.266794102	86.0371
4.263285143	86.0137
4.25978195	85.9781
4.25628451	85.9541
4.252792809	85.9258
4.249306832	85.8902
4.245826565	85.8743
4.242351994	85.8662
4.238883105	85.8482
4.235419885	85.8186
4.231962319	85.7967
4.228510393	85.7862
4.225064094	85.7302
4.221623408	85.69
4.218188322	85.6663
4.214758821	85.6311
4.211334892	85.5811
4.207916522	85.5379
4.204503696	85.5252
4.201096402	85.4949
4.197694626	85.4969
4.194298355	85.4783
4.190907575	85.4446
4.187522272	85.4422
4.184144186	85.4546
4.180769797	85.4373
4.177400846	85.3919
4.174037321	85.3914
4.170679208	85.3504
4.167326493	85.3008
4.163979165	85.2918
4.16063721	85.282
4.157300615	85.2747
4.153969367	85.239
4.150643454	85.2017
4.147322862	85.1795
4.144007579	85.1262
4.140697592	85.1011
4.137392888	85.0869
4.134093455	85.0694
4.130799281	85.0608
4.127510352	85.0457
4.124226656	85.0193
4.120948181	84.9934
4.117674914	84.9512
4.114406842	84.9168
4.111143955	84.8994
4.107886238	84.8643
4.104635365	84.8418
4.101387951	84.8086
4.098145671	84.7864
4.094908514	84.7627
4.091676466	84.7266
4.088449517	84.6936
4.085227653	84.6512
4.082010864	84.625
4.078799136	84.5957
4.075592459	84.575
4.072390819	84.5408
4.069194206	84.4983
4.066002607	84.468
4.062816011	84.4397
4.059634406	84.3858
4.056457779	84.3802
4.053286121	84.3633
4.050119418	84.3623
4.046957659	84.3357
4.043800833	84.3233
4.040648928	84.2981
4.037501933	84.2849
4.034359836	84.2522
4.031222625	84.199
4.028091913	84.1826
4.024964439	84.1758
4.021841819	84.1397
4.018724039	84.1009
4.01561109	84.0935
4.012502959	84.0823
4.009399637	84.0608
4.00630111	84.032
4.00320737	84.0039
4.000118404	83.9597
3.997034201	83.9063
3.99395475	83.8787
3.990880041	83.8645
3.987810062	83.8152
3.984744803	83.7747
3.981684252	83.7276
3.978629983	83.7139
3.975578814	83.6941
3.972532323	83.6856
3.969490496	83.6546
3.966453324	83.635
3.963420797	83.6077
3.960392903	83.5528
3.957369631	83.5359
3.954350972	83.5371
3.951336915	83.5137
3.948327449	83.4624
3.945322564	83.4424
3.942322249	83.4348
3.939326493	83.4024
3.936335288	83.3797
3.933348621	83.3418
3.930366483	83.3118
3.927388864	83.2879
3.924415753	83.2842
3.921447139	83.2581
3.918483014	83.2237
3.915523366	83.2034
3.912568186	83.1348
3.909617463	83.1219
3.906672714	83.0764
3.903730874	83.0418
3.90079346	82.9964
3.897860464	82.9717
3.894931876	82.9397
3.892007684	82.9363
3.889087881	82.8977
3.886172454	82.826
3.883261396	82.7793
3.880354695	82.7237
3.877452343	82.7039
3.874554329	82.6482
3.871660644	82.6062
3.868771278	82.5791
3.865886222	82.5877
3.863005465	82.5823
3.860128998	82.5391
3.857256812	82.5354
3.854388896	82.5056
3.851525243	82.4583
3.848665841	82.4178
3.845810682	82.3909
3.842959755	82.3567
3.840113053	82.3157
3.837272037	82.281
3.834433752	82.2364
3.831599662	82.1963
3.828769759	82.1883
3.825944033	82.1534
3.823122474	82.1238
3.820305074	82.1414
3.817491824	82.1228
3.814682714	82.0652
3.811877735	82.0359
3.809076878	81.9729
3.806280134	81.9222
3.803487494	81.9036
3.800698949	81.8672
3.797914489	81.8181
3.795134107	81.7913
3.792357792	81.7989
3.789585537	81.76
3.786817332	81.7415
3.784053167	81.6975
3.781293036	81.6487
3.778536928	81.6162
3.775784835	81.6023
3.773036747	81.5633
3.770294079	81.5013
3.767553976	81.4737
3.764817852	81.4148
3.7620857	81.3289
3.759357511	81.304
3.756633275	81.293
3.753912985	81.2703
3.751196632	81.2068
3.748484207	81.2024
3.745775701	81.169
3.743071107	81.1258
3.740370416	81.0996
3.73767362	81.0564
3.734980709	81.0179
3.732291676	80.9969
3.729606512	80.9825
3.726925208	80.9397
3.724247758	80.8973
3.721574151	80.875
3.718904381	80.8504
3.716238438	80.8096
3.713576315	80.7559
3.710918003	80.7215
3.708263494	80.6839
3.705614154	80.6419
3.702967225	80.5843
3.700324074	80.5655
3.697684695	80.543
3.695049078	80.5359
3.692417215	80.472
3.689789099	80.42
3.687164722	80.3958
3.684544075	80.365
3.68192715	80.3221
3.67931394	80.294
3.676704437	80.2576
3.674098633	80.2371
3.67149652	80.1866
3.66889809	80.1399
3.666303336	80.0984
3.663713591	80.0559
3.661126162	80.0213
3.658542385	79.9922
3.655962253	79.9656
3.653385757	79.9568
3.65081289	79.9236
3.648243644	79.8767
3.645678012	79.868
3.643115986	79.8182
3.640557559	79.7742
3.638002722	79.7273
3.635451469	79.6827
3.632903791	79.639
3.630359682	79.5887
3.627819133	79.5459
3.625282138	79.5247
3.622748688	79.503
3.620218777	79.4766
3.617692397	79.4229
3.615169541	79.3836
3.6126502	79.3592
3.610134369	79.3125
3.60762204	79.2791
3.605113204	79.2615
3.602609154	79.2073
3.600107283	79.1482
3.597608885	79.0684
3.595113953	79.0408
3.592622478	79.0066
3.590134454	78.9612
3.587649874	78.9212
3.585168731	78.8743
3.582691017	78.8399
3.580216725	78.8416
3.577745848	78.8018
3.57527838	78.7644
3.572814313	78.7308
3.57035364	78.6993
3.567896354	78.6463
3.565442448	78.6116
3.562991916	78.584
3.560544749	78.5274
3.558100942	78.4666
3.555660487	78.4114
3.553223378	78.3704
3.550789607	78.3338
3.548359168	78.2832
3.545932054	78.2256
3.543509513	78.1709
3.541089027	78.1385
3.538671844	78.0823
3.53625796	78.0303
3.533847367	77.9749
3.531440058	77.9268
3.529036026	77.8868
3.526635266	77.8223
3.524237769	77.7745
3.52184353	77.7337
3.519452542	77.7276
3.517064798	77.7127
3.514680292	77.6365
3.512299017	77.5701
3.509920967	77.5101
3.507546135	77.4395
3.505174514	77.3641
3.502806098	77.3025
3.500440881	77.2635
3.498078855	77.241
3.495720015	77.2527
3.493364354	77.2435
3.491011866	77.2305
3.488662544	77.2166
3.486317598	77.1973
3.483974588	77.1719
3.481634725	77.125
3.479298003	77.0801
3.476964415	77.032
3.474633956	76.9854
3.472306619	76.9153
3.469982397	76.8829
3.467661284	76.8416
3.465343275	76.7859
3.463028363	76.7432
3.460716541	76.7063
3.458407804	76.6687
3.456102146	76.6473
3.453799559	76.6094
3.451500039	76.544
3.449204769	76.4935
3.446911361	76.4212
3.444621	76.3438
3.442333682	76.295
3.440049399	76.2481
3.437768146	76.1629
3.435489916	76.0833
3.433214704	76.075
3.430942504	76.043
3.428673309	76.001
3.426407114	75.9366
3.424143913	75.8438
3.421883699	75.7637
3.419626467	75.6673
3.417372212	75.5809
3.415120926	75.5291
3.412872605	75.4852
3.410627242	75.4874
3.408384831	75.4874
3.406145367	75.4622
3.403908845	75.4798
3.401675257	75.4354
3.399444599	75.4158
3.397216864	75.4366
3.3949932	75.4053
3.392771294	75.4002
3.390552294	75.3729
3.388336195	75.3084
3.386122991	75.2989
3.383912676	75.2664
3.381705245	75.2371
3.379500692	75.2059
3.377299012	75.2002
3.375100198	75.1863
3.372904246	75.1565
3.370711149	75.1202
3.368520903	75.0931
3.366333501	75.0535
3.364148938	75.0079
3.361967208	74.9512
3.359788306	74.8965
3.357612227	74.8731
3.355438965	74.8357
3.353268515	74.7615
3.35110087	74.7315
3.348936026	74.6905
3.346773978	74.6668
3.344614719	74.6299
3.342459362	74.5997
3.340305665	74.5545
3.338154741	74.5047
3.336006587	74.4971
3.333861195	74.4642
3.33171856	74.4251
3.329578678	74.3721
3.327441544	74.3182
3.32530715	74.2764
3.323175494	74.2337
3.321046568	74.1934
3.318920368	74.1348
3.31679689	74.0936
3.314676126	74.0369
3.312558073	73.959
3.310442725	73.8868
3.308330077	73.8321
3.306220124	73.795
3.304112861	73.7491
3.302008281	73.7169
3.299906382	73.6863
3.297807156	73.6456
3.2957106	73.5897
3.293616707	73.5428
3.291526557	73.5176
3.289437976	73.5079
3.287352045	73.4893
3.285268756	73.4695
3.283188107	73.4161
3.281110091	73.4168
3.279034705	73.4092
3.276961942	73.3729
3.274891798	73.3497
3.272824267	73.3243
3.270759346	73.293
3.268697029	73.2432
3.26663731	73.1719
3.264580186	73.0799
3.262525652	73.0049
3.260473701	72.9515
3.25842433	72.8829
3.256377534	72.8448
3.254333308	72.7706
3.252291646	72.7488
3.250252545	72.7205
3.248215999	72.6736
3.246182003	72.6414
3.244150553	72.6163
3.242122696	72.5831
3.240096322	72.4874
3.238072479	72.4317
3.236051163	72.3965
3.234032369	72.3382
3.232016093	72.2823
3.230002329	72.2254
3.227991073	72.1639
3.22598232	72.1231
3.223976065	72.1131
3.221972305	72.0587
3.219971033	72.0135
3.217972246	72.0284
3.215975939	72.0032
3.213982108	71.9373
3.211990747	71.9102
3.210002883	71.8553
3.208016448	71.7713
3.206032471	71.7269
3.204050946	71.7403
3.202071869	71.6866
3.200095235	71.6299
3.19812104	71.6475
3.196149279	71.5936
3.194179949	71.5486
3.192213043	71.5184
3.190248559	71.4783
3.18828649	71.4041
3.186326834	71.3262
3.184369586	71.2471
3.18241474	71.1934
3.180462293	71.1688
3.17851224	71.1287
3.176564577	71.0677
3.1746193	71.0818
3.172676403	71.074
3.170735883	71.0467
3.168797736	70.9793
3.166861956	70.9422
3.164928541	70.9002
3.162998485	70.8314
3.161069782	70.7654
3.15914343	70.7029
3.157219424	70.6522
3.155297761	70.5931
3.153378435	70.5799
3.151461443	70.532
3.14954678	70.4334
3.147634443	70.4608
3.145724426	70.4417
3.143816726	70.3416
3.141911338	70.3089
3.140008258	70.282
3.138107483	70.1961
3.136209007	70.1385
3.134312827	70.1248
3.132418938	70.1009
3.130527337	70.0526
3.128638019	70.0262
3.126750981	69.9984
3.124866217	69.9344
3.122983724	69.8924
3.121103497	69.8958
3.119225534	69.8597
3.1173508	69.8494
3.115477349	69.8167
3.113606148	69.7811
3.111737193	69.7371
3.10987048	69.7347
3.108006006	69.6702
3.106143766	69.619
3.104283756	69.5696
3.102425973	69.5306
3.100570412	69.472
3.098717069	69.4285
3.096865941	69.3445
3.095017023	69.3035
3.093170311	69.2933
3.091325802	69.2601
3.089483491	69.2279
3.087643375	69.1585
3.085805449	69.178
3.08396971	69.1575
3.082136155	69.0843
3.080304778	69.014
3.078475576	69.0062
3.076648545	68.9715
3.074823682	68.9315
3.073001926	68.9061
3.071181385	68.8602
3.069363	68.8231
3.067546766	68.8465
3.065732681	68.8113
3.06392074	68.6717
3.06211094	68.659
3.060303276	68.6776
3.058497745	68.6771
3.056694344	68.6668
3.054893068	68.6307
3.053093914	68.5828
3.051296877	68.5457
3.049501955	68.4998
3.047709144	68.45
3.045918439	68.4012
3.044130764	68.3846
3.04234426	68.3543
3.040559852	68.2821
3.038777536	68.2855
3.036997309	68.3162
3.035219166	68.2405
3.033443104	68.2098
3.031669119	68.1824
3.029897208	68.1209
3.028127367	68.0511
3.026359592	68.0301
3.02459388	67.9383
3.022830228	67.8807
3.021068631	67.8494
3.019309085	67.8216
3.017551589	67.702
3.015796137	67.6688
3.014042726	67.6112
3.012291354	67.5487
3.010542015	67.5003
3.008794707	67.4403
3.007049426	67.4197
3.005306169	67.3538
3.003564931	67.3612
3.001826611	67.3675
3.000089403	67.3475
2.998354203	67.2996
2.99662101	67.286
2.99488982	67.2586
2.993160628	67.2132
2.991433432	67.182
2.989708228	67.1741
2.987985013	67.1385
2.986263784	67.1107
2.984544536	67.0833
2.982827267	67.0565
2.981111973	67.0106
2.97939865	66.9339
2.977687296	66.8812
2.975977906	66.8231
2.974270478	66.7918
2.972565009	66.7093
2.970861493	66.6278
2.96915993	66.6102
2.967460314	66.578
2.965762643	66.5135
2.964066913	66.4334
2.962373122	66.4183
2.960682141	66.3519
2.958992215	66.328
2.957304216	66.3162
2.955618142	66.2869
2.95393399	66.2508
2.952251756	66.2313
2.950571437	66.2025
2.94889303	66.1737
2.947216531	66.1546
2.945541937	66.139
2.943869245	66.1248
2.942198452	66.1058
2.940529554	66.0926
2.938862549	66.0614
2.937197432	66.0018
2.935534201	65.9686
2.933872853	65.9305
2.932213384	65.8787
2.930555792	65.8465
2.928900072	65.7908
2.927246222	65.7308
2.925594239	65.6844
2.92394412	65.7132
2.922295861	65.6795
2.920650312	65.6405
2.919005763	65.6121
2.917363066	65.6077
2.915722216	65.6141
2.91408321	65.6229
2.912446047	65.5921
2.910810722	65.6024
2.909177232	65.6234
2.907545575	65.6116
2.905915747	65.5863
2.904287745	65.5921
2.902661566	65.5907
2.901037208	65.6268
2.899414666	65.639
2.897793938	65.6409
2.896175022	65.6683
2.894557913	65.6663
2.892942609	65.6737
2.891329106	65.6834
2.889717403	65.6776
2.888107495	65.7088
2.886499381	65.6522
2.884893056	65.6561
2.883288517	65.68
2.881686594	65.7196
2.880085619	65.7088
2.878486423	65.7152
2.876889001	65.702
2.875293352	65.7147
2.873699471	65.7371
2.872107357	65.7576
2.870517006	65.7967
2.868928415	65.8143
2.867341582	65.8455
2.865756502	65.8597
2.864173175	65.8787
2.862591596	65.8787
2.861011762	65.8602
2.859433672	65.8709
2.857857321	65.9022
2.856283524	65.9124
2.854710644	65.9735
2.853139495	65.9842
2.851570074	65.9959
2.85000238	66.0643
2.848436408	66.0965
2.846872156	66.1541
2.845309621	66.1785
2.8437488	66.1776
2.842189691	66.202
2.840632291	66.2469
2.839076596	66.3006
2.837522604	66.3104
2.835970313	66.2874
2.834419719	66.2586
2.83287082	66.326
2.831323613	66.3553
2.829778094	66.3563
2.828234263	66.4149
2.826692114	66.5003
2.825151647	66.5614
2.823612858	66.6141
2.822075744	66.6409
2.820540303	66.7186
2.819007326	66.7967
2.817475221	66.8406
2.81594478	66.8465
2.814416002	66.8792
2.812888882	66.9437
2.811363418	66.9481
2.809839609	66.9471
2.80831745	66.9691
2.806796939	66.9989
2.805278075	67.0257
2.803760853	67.0438
2.802245271	67.0838
2.800731327	67.1512
2.799219018	67.1531
2.797708341	67.2034
2.796199294	67.2498
2.794691874	67.2718
2.793186078	67.3016
2.791681905	67.3988
2.79017935	67.4398
2.788678412	67.4891
2.787179088	67.5257
2.785681375	67.5882
2.784185271	67.6234
2.782691547	67.7176
2.781198652	67.7811
2.779707358	67.7738
2.778217662	67.8167
2.776729562	67.9046
2.775243056	67.9437
2.77375814	67.9276
2.772274812	67.9881
2.77079307	68.0369
2.769312911	68.0941
2.767834333	68.2176
2.766357333	68.2342
2.764881908	68.243
2.763408056	68.3133
2.761935774	68.368
2.760465061	68.3748
2.758995913	68.4027
2.757528328	68.4305
2.756062304	68.4671
2.754597837	68.5277
2.753134926	68.5765
2.751673568	68.6375
2.75021376	68.6649
2.748755501	68.6956
2.747299542	68.7362
2.74584437	68.7781
2.74439074	68.7991
2.742938647	68.848
2.741488091	68.9007
2.740039067	68.9373
2.738591575	68.9422
2.737145611	68.9295
2.735701174	68.9461
2.73425826	68.9285
2.732816867	68.8909
2.731376994	68.8812
2.729938636	68.9051
2.728501793	68.9031
2.727066462	68.8948
2.72563264	68.8851
2.724200325	68.9027
2.722769514	68.8655
2.721340206	68.8123
2.719912397	68.8406
2.718486086	68.867
2.71706127	68.8572
2.715637947	68.8773
2.714216114	68.9256
2.712796505	68.9866
2.711377646	69.0262
2.709960269	68.9822
2.708544374	68.9129
2.707129958	68.8641
2.705717018	68.8323
2.704305552	68.8109
2.702895558	68.7889
2.701487034	68.7674
2.700079976	68.6956
2.698674384	68.6571
2.697270255	68.6903
2.695867585	68.7152
2.694466374	68.742
2.693066619	68.7772
2.691668318	68.7606
2.690272191	68.743
2.688876789	68.7225
2.687482834	68.7054
2.686090323	68.6448
2.684699255	68.6502
2.683309626	68.6502
2.681921436	68.6248
2.680534681	68.5721
2.679149359	68.6644
2.677765469	68.658
2.676383008	68.6697
2.675001973	68.6175
2.673622363	68.5355
2.672244175	68.4637
2.670867407	68.4261
2.669492057	68.3885
2.668118123	68.305
2.666745602	68.2381
2.665374493	68.2147
2.664004793	68.2166
2.6626365	68.1346
2.661269612	68.1053
2.659904126	68.1229
2.658540041	68.1312
2.657178061	68.1326
2.65581677	68.1722
2.654456873	68.201
2.653098368	68.2147
2.651741253	68.2093
2.650385525	68.1365
2.649031183	68.0609
2.647678224	67.9808
2.646326647	67.9359
2.644976449	67.869
2.643627628	67.8475
2.642280182	67.848
2.640934109	67.8201
2.639589407	67.7425
2.638246073	67.7425
2.636904106	67.7547
2.635563503	67.7518
2.634224263	67.826
2.632886383	67.8143
2.631549862	67.7874
2.630214697	67.7664
2.628880885	67.7308
2.627548426	67.7225
2.626217317	67.6815
2.624888245	67.6214
2.62355983	67.5203
2.622232758	67.4788
2.620907028	67.4691
2.619582638	67.43
2.618259585	67.3968
2.616937869	67.4085
2.615617486	67.3533
2.614298435	67.2479
2.612980713	67.2694
2.61166432	67.2908
2.610349252	67.2542
2.609035507	67.283
2.607723085	67.2913
2.606411982	67.2908
2.605102197	67.2757
2.603793727	67.2855
2.602486572	67.2347
2.601180728	67.2762
2.599876194	67.1878
2.598572968	67.0823
2.597271047	67.0042
2.595970431	67.0452
2.594671116	67.0726
2.593373774	67.0291
2.592077057	67.0394
2.590781636	67.0584
2.589487509	67.0609
2.588194675	67.033
2.58690313	67.0877
2.585612874	67.0291
2.584323905	66.9769
2.58303622	66.9862
2.581749817	66.9119
2.580464695	66.8553
2.579180852	66.8382
2.577898286	66.7347
2.576616995	66.6566
2.575336976	66.6566
2.574058229	66.6463
2.572781413	66.5731
2.571505202	66.4901
2.570230257	66.4871
2.568956575	66.4832
2.567684154	66.4383
2.566412994	66.4403
2.565143091	66.449
2.563874445	66.4832
2.562607053	66.4871
2.561340913	66.4666
2.560076024	66.4578
2.558812384	66.4246
2.55754999	66.3836
2.556288841	66.283
2.555028936	66.2576
2.553770272	66.2323
2.552512847	66.2108
2.55125666	66.1668
2.550001709	66.1824
2.548747991	66.1766
2.547495506	66.1317
2.546244252	66.1346
2.544994225	66.1385
2.543745426	66.1151
2.542498498	66.1073
2.541252146	66.116
2.540007015	66.0408
2.538763104	65.9696
2.537520411	65.9451
2.536278934	65.9637
2.535038671	65.8924
2.53379962	65.8241
2.53256178	65.7811
2.531325149	65.7283
2.530089725	65.6834
2.528855506	65.6512
2.52762249	65.5516
2.526390677	65.5399
2.525160064	65.6219
2.523930648	65.577
2.52270243	65.4715
2.521475406	65.4969
2.520249575	65.5321
2.519024936	65.4754
2.517801486	65.4393
2.516579224	65.4383
2.515358148	65.4071
2.514138256	65.3856
2.512920179	65.4373
2.511702651	65.4657
2.510486301	65.4364
2.50927113	65.4549
2.508057134	65.4158
2.506844312	65.4002
2.505632662	65.3807
2.504422183	65.3553
2.503212874	65.3201
2.502004731	65.3055
2.500797754	65.285
2.499591942	65.2479
2.498387291	65.1844
2.497183801	65.1326
2.49598147	65.0467
2.494780296	65.0037
2.493580278	65.0584
2.492381413	65.0389
2.491183701	64.9471
2.489987139	64.9266
2.488791726	64.9578
2.487597461	64.9705
2.486404341	64.9803
2.485212365	64.9803
2.484022149	64.9178
2.482832455	64.866
2.4816439	64.8367
2.480456483	64.8621
2.479270202	64.7625
2.478085055	64.7069
2.47690104	64.6873
2.475718156	64.7069
2.474536402	64.7088
2.473355775	64.6815
2.472176274	64.5741
2.470997898	64.5057
2.469820644	64.4549
2.468644512	64.4149
2.467469499	64.3944
2.466295604	64.4032
2.465122826	64.4539
2.463951163	64.5057
2.462780612	64.5096
2.461611174	64.4676
2.460442845	64.4881
2.459275625	64.4725
2.458109512	64.4969
2.456944505	64.4852
2.455781204	64.4383
2.454618401	64.4119
2.4534567	64.4471
2.452296097	64.4686
2.451136592	64.4305
2.449978183	64.3524
2.448820868	64.1932
2.447664646	64.0985
2.446509516	64.1541
2.445355475	64.0672
2.444202523	64.0448
2.443050657	64.0721
2.441899876	64.075
2.440750179	63.9432
2.439601564	63.8836
2.43845403	63.825
2.437308169	63.8075
2.43616279	63.8455
2.435018488	63.8846
2.43387526	63.8358
2.432733105	63.8709
2.431592022	63.8826
2.430452008	63.9422
2.429313063	63.9705
2.428175185	63.9744
2.427038372	64.0037
2.425902624	63.9373
2.424767938	63.9315
2.423634312	63.8416
2.422501747	63.8211
2.421370239	63.703
2.420239788	63.6151
2.419110392	63.5819
2.417982049	63.5633
2.416854758	63.5369
2.415728518	63.4383
2.414603328	63.4549
2.413479185	63.4139
2.412356088	63.4315
2.411234036	63.4159
2.410113608	63.4744
2.40899364	63.4842
2.407874713	63.4881
2.406756825	63.4852
2.405639975	63.4344
2.40452416	63.3953
2.40340938	63.368
2.402295634	63.3914
2.401182919	63.3719
2.400071234	63.3368
2.398960578	63.3602
2.39785095	63.3446
2.396742348	63.328
2.39563477	63.4022
2.394528216	63.4032
2.393422683	63.2479
2.392318171	63.1698
2.391214677	63.0662
2.390112201	63.0018
2.389010742	62.8416
2.387910297	62.7928
2.386810865	62.7479
2.385712445	62.7635
2.384615036	62.7752
2.383519204	62.7508
2.382423811	62.7274
2.381329425	62.7977
2.380236043	62.8866
2.379143665	62.8914
2.37805229	62.8407
2.376961915	62.9061
2.375872539	62.8729
2.374784162	62.8553
2.373696781	62.8045
2.372610396	62.7909
2.371525004	62.742
2.370440606	62.6952
2.369357198	62.6502
2.368274781	62.6287
2.367193351	62.6385
2.366112909	62.7127
2.365033453	62.6297
2.363954982	62.5409
2.362877493	62.5203
2.361800987	62.45
2.36072546	62.4139
2.359650913	62.4657
2.358577344	62.4578
2.357505307	62.3436
2.356433688	62.285
2.355363044	62.3514
2.354293372	62.2674
2.353224671	62.2938
2.35215694	62.3827
2.351090177	62.367
2.350024382	62.3485
2.348959552	62.3914
2.347895687	62.3319
2.346832785	62.158
2.345770845	62.0897
2.344709866	62.0789
2.343649846	62.0428
2.342590784	62.0633
2.341532678	62.0799
2.340476076	62.0477
2.33941988	62.0526
2.338364637	62.0682
2.337310345	62.0409
2.336257003	61.9276
2.335204611	61.8866
2.334153166	61.867
2.333102667	61.7811
2.332053114	61.7694
2.331004504	61.8358
2.329956838	61.7791
2.328910112	61.7088
2.327864326	61.743
2.32681948	61.661
2.325775571	61.6532
2.324732598	61.662
2.32369056	61.7235
2.322649456	61.7303
2.321609284	61.7469
2.320570043	61.7743
2.319531733	61.7479
2.318494351	61.7703
2.317457897	61.8787
2.316422369	61.8289
2.315388302	61.7518
2.314354623	61.6883
2.313321865	61.6571
2.31229003	61.5985
2.311259114	61.4696
2.310229117	61.4647
2.309200038	61.537
2.308171875	61.4686
2.307144627	61.492
2.306118293	61.6102
2.305092872	61.6883
2.304068363	61.6952
2.303044763	61.6952
2.302022073	61.6844
2.301000291	61.6209
2.299979415	61.6737
2.298959445	61.6414
2.297940379	61.6483
2.296922216	61.5829
2.295904955	61.4959
2.294888595	61.4852
2.293873134	61.4032
2.292858571	61.3602
2.291844905	61.367
2.29083266	61.3719
2.289820785	61.2821
2.288809803	61.2772
2.287799713	61.3485
2.286790515	61.3758
2.285782206	61.3993
2.284774786	61.3026
2.283768254	61.2498
2.282762608	61.242
2.281757848	61.118
2.280753972	61.0936
2.279750978	61.1102
2.278748867	61.0897
2.277747636	61.1795
2.276747284	61.2186
2.275747811	61.203
2.274749215	61.203
2.273751494	61.1952
2.272754649	61.1815
2.271758677	61.1522
2.270763578	61.1327
2.269769351	61.1297
2.268775993	61.0282
2.267783505	60.9979
2.266792398	61.0125
2.265801644	60.9354
2.264811756	60.9686
2.263822732	61.0125
2.262834571	60.9569
2.261847273	60.8836
2.260860836	60.825
2.259875259	60.8602
2.258890541	60.8407
2.257906681	60.9413
2.256923678	60.9803
2.25594153	60.9696
2.254960236	60.9735
2.253979796	60.9608
2.253000208	60.9413
2.252021471	60.8983
2.251043584	60.8329
2.250066546	60.785
2.249090355	60.8123
2.248115012	60.6922
2.247140514	60.742
2.24616686	60.825
2.24519405	60.7381
2.244222082	60.7694
2.243251458	60.6991
2.242281171	60.6522
2.241311723	60.6922
2.240343113	60.6913
2.23937534	60.5936
2.238408402	60.5955
2.237442299	60.6385
2.23647703	60.6688
2.235512593	60.6053
2.234548988	60.6493
2.233586213	60.6053
2.232624267	60.6737
2.231663149	60.7157
2.230702859	60.5438
2.229743394	60.4452
2.228784755	60.3905
2.227827436	60.3084
2.226870443	60.4217
2.225914272	60.4344
2.224958922	60.3514
2.224004391	60.2313
2.223050679	60.2655
2.222097785	60.1688
2.221145707	60.1717
2.220194445	60.3016
2.219243997	60.3485
2.218294362	60.4061
2.21734554	60.3885
2.21639753	60.41
2.215450329	60.3241
2.214503938	60.3563
2.213558355	60.3954
2.212613579	60.3407
2.211669609	60.2664
2.210726445	60.242
2.209784084	60.2743
2.208842527	60.3006
2.207901771	60.3485
2.206961817	60.2821
2.206022662	60.2079
2.205084793	60.1297
2.204147235	60.1952
2.203210474	60.0868
2.202274509	60.0477
2.201339339	60.0077
2.200404963	59.9266
2.199471379	59.9149
2.198538587	59.9266
2.197606587	60.0008
2.196675376	59.9344
2.195744954	59.9881
2.194815319	60.1014
2.193886472	60.0633
2.192958411	60.0985
2.192031134	60.1805
2.191104641	60.1805
2.190178931	60.0672
2.189254003	60.1248
2.188329856	60.1483
2.187406488	60.1131
2.1864839	60.0672
2.185562089	59.8397
2.184641056	59.6024
2.183720798	59.6092
2.182801792	59.661
2.181883083	59.5038
2.180965147	59.5584
2.180047983	59.6639
2.17913159	59.8045
2.178215967	59.7704
2.177301113	59.7381
2.176387028	59.7899
2.175473709	59.8944
2.174561157	59.8524
2.17364937	59.9491
2.172738348	59.9334
2.171828089	60.0155
2.170918592	60.078
2.170009856	59.9608
2.169101881	59.8719
2.168194666	59.8758
2.167288209	59.91
2.166382509	59.8202
2.165477567	59.7127
2.16457338	59.7186
2.163669948	59.8026
2.162767269	59.6815
2.161865344	59.5858
2.160964637	59.5428
2.160064214	59.4784
2.159164542	59.4901
2.158265618	59.3924
2.157367442	59.2498
2.156470014	59.3612
2.155573332	59.4569
2.154677395	59.3065
2.153782203	59.3241
2.152887754	59.2616
2.151994048	59.2245
2.151101084	59.2577
2.150208861	59.3397
2.149317377	59.2459
2.148426632	59.2987
2.147536625	59.3612
2.146647355	59.4998
2.145758822	59.41
2.144871024	59.41
2.14398396	59.41
2.143097629	59.3338
2.142212031	59.412
2.141327165	59.4256
2.140443029	59.2928
2.139560081	59.3182
2.138677403	59.3299
2.137795454	59.3084
2.136914232	59.1581
2.136033736	59.0096
2.135153965	59.0741
2.134274919	59.1092
2.133396596	59.0018
2.132518995	59.0721
2.131642117	59.1737
2.130765959	59.1112
2.129890521	59.1131
2.129015803	59.1444
2.128141802	59.1307
2.127268519	59.1288
2.126395952	59.0506
2.125524553	59.0936
2.124653416	59.2264
2.123782993	59.2791
2.122913282	59.3163
2.122044284	59.2518
2.121175997	59.1795
2.12030842	59.2577
2.119441553	59.2206
2.118575394	59.0721
2.117709942	59.0428
2.116845198	59.0916
2.115981159	59.1014
2.115117826	59.1131
2.114255197	58.9549
2.113393271	58.8221
2.112532047	58.7342
2.111671525	58.7206
2.110811704	58.7147
2.109952583	58.6834
2.109094161	58.6659
2.108236437	58.7147
2.10737941	58.6112
2.10652308	58.617
2.105667446	58.7772
2.104812949	58.8123
2.103958703	58.8338
2.103105151	59.0233
2.10225229	58.9803
2.101400121	58.9959
2.100548642	59.1053
2.099697853	59.1756
2.098847754	59.1346
2.097998342	59.0487
2.097149617	59.0565
2.096301579	58.7616
2.095454226	58.8143
2.094607559	58.8006
2.093761575	58.8123
2.092916274	58.8612
2.092071655	58.8963
2.091227718	58.9061
2.090384461	58.9256
2.089541885	58.9061
2.088699987	58.9373
2.087858767	59.0057
2.087018225	59.0272
2.086178359	58.9725
2.085339169	58.7538
2.084501088	58.7538
2.083663247	58.6307
2.082826078	58.4569
2.081989583	58.4901
2.081153758	58.5799
2.080318605	58.7303
2.079484122	58.7831
