Name: Ilmenite Fe+2TiO3
Type:  Mineral
Class:  Oxides
Subclass:  (Hematite Group)
Particle Size:  Coarse  (74-250  micrometers)
Sample No: Ilmenite.1
Owner:  JHU
Wavelength Range:  IR
Origin: Ilmen Mountains, Urals, USSR via the Smithsonian (sample no. 
NMNH 96189)
Description:  The sample consisted of two large and several smaller 
fragments.  Each large piece was about 1 cm x 3 cm, with a total 
weight of 19 g. Many surfaces of this black mineral had a yellow-
brown alteration coating, which was difficult to remove completely.  
Under the microscope the sample appeared pure.

Measurement:  Bidirectional reflectance 
First Column:  X
Second Column:  Y  
X Units:  Wavelength (micrometers)
Y Units:  Reflectance (percent)
First X Value:  25.0442
Last X Value:  2.079
Number of X Values:  2287
Additional Information: ilmeni1a.txt 

25.04420302	10.1552
24.9237955	10.623
24.80454022	10.4785
24.68642074	10.4218
24.5694209	10.5427
24.45358465	10.9568
24.3387763	11.4199
24.22504094	11.5644
24.11236361	11.6333
24.00072962	11.8232
23.89012454	11.8303
23.78053421	11.9831
23.67194472	12.1279
23.56434244	12.3069
23.45771395	12.4826
23.35204611	12.562
23.24732598	12.6386
23.14354087	12.7446
23.04067832	12.7282
22.93872607	12.8242
22.83767211	12.9262
22.7375046	12.8523
22.63821194	12.8276
22.53978272	12.7839
22.44220571	12.7924
22.3454699	12.8161
22.24956446	12.7468
22.15447875	12.6894
22.06020229	12.6125
21.96677306	12.5285
21.87408402	12.469
21.7821739	12.4121
21.69103293	12.4262
21.60065148	12.3332
21.5110201	12.257
21.42212949	12.1841
21.33397051	12.1093
21.24653416	12.1814
21.15981159	12.2749
21.0737941	12.2544
20.98847313	12.2746
20.90384024	12.3943
20.81988716	12.4067
20.73660571	12.4624
20.65398787	12.5732
20.57202575	12.6665
20.49071156	12.7715
20.41003766	12.9035
20.3299965	13.0312
20.25058069	13.1526
20.1717829	13.2946
20.09359597	13.4253
20.01601281	13.5349
19.93906621	13.6599
19.8626695	13.8173
19.78685599	13.9409
19.71161901	14.0918
19.63695203	14.3098
19.56284859	14.4509
19.48930232	14.4995
19.41630698	14.6342
19.34385639	14.7985
19.27194448	14.8462
19.20056526	14.924
19.12971284	15.0398
19.05938141	15.0944
18.98956523	15.1001
18.92025868	15.1198
18.85145618	15.1384
18.78315226	15.1247
18.71534153	15.1692
18.64801865	15.218
18.58117838	15.2439
18.51481556	15.268
18.44892507	15.2373
18.38350191	15.2131
18.31854111	15.2131
18.25407111	15.2194
18.19002023	15.1877
18.12641726	15.143
18.06325753	15.1228
18.00053642	15.0732
17.93824937	15.0178
17.8763919	14.957
17.81495958	14.8903
17.75394803	14.8164
17.69335296	14.7661
17.63317011	14.6211
17.57339529	14.4802
17.51402436	14.4148
17.45505324	14.2834
17.39647791	14.0642
17.3382944	13.9148
17.28049878	13.78
17.2230872	13.583
17.16605584	13.3237
17.10940093	13.1606
17.05311876	12.9721
16.99720566	12.6911
16.94165801	12.459
16.88647225	12.3174
16.83167317	12.1101
16.77720046	11.8315
16.72307919	11.6838
16.66930597	11.5083
16.61587747	11.2622
16.56279037	11.1325
16.51004141	11.0498
16.45762737	10.9092
16.40554507	10.7671
16.35379138	10.7229
16.30236319	10.6875
16.25125744	10.6235
16.20047111	10.5896
16.15000121	10.583
16.0998448	10.5532
16.04999896	10.5276
16.00048641	10.5468
15.95125297	10.5481
15.90232158	10.5422
15.85368947	10.5852
15.80535391	10.6115
15.75731218	10.6445
15.70956162	10.6599
15.6620996	10.6904
15.61492349	10.7429
15.56803074	10.7773
15.52141878	10.8022
15.47508511	10.8655
15.42902725	10.9216
15.38324273	10.9416
15.33772913	10.9453
15.29248405	11.0154
15.24750513	11.0905
15.20279002	11.0971
15.1583364	11.1743
15.114142	11.2583
15.07020455	11.2602
15.02652181	11.3071
14.98309158	11.4001
14.93991168	11.4289
14.89700213	11.4341
14.85431629	11.4421
14.81187438	11.4643
14.76967431	11.4455
14.72771402	11.4192
14.68599147	11.4428
14.64450465	11.4104
14.60325156	11.3281
14.56223023	11.3161
14.52143873	11.2895
14.48087511	11.1699
14.44053748	11.0717
14.40042395	11.0329
14.36053266	10.928
14.32086177	10.8103
14.28140946	10.7168
14.24217393	10.6128
14.20315338	10.4905
14.16434607	10.3781
14.12575025	10.2561
14.0873642	10.1167
14.0491862	9.966
14.01121458	9.8293
13.97344765	9.6701
13.93590321	9.4941
13.89854065	9.2954
13.8613779	9.1084
13.82441336	8.9455
13.78764544	8.7217
13.75107258	8.4516
13.71469324	8.1924
13.67850587	7.9636
13.64250897	7.6848
13.60670103	7.3821
13.57108057	7.113
13.53564612	6.8193
13.50039624	6.4375
13.46532947	6.0903
13.4304444	5.78
13.39573962	5.4131
13.36121373	5.0408
13.32686536	4.7309
13.29269314	4.4167
13.25869572	4.0879
13.22487175	3.7771
13.19121992	3.4871
13.15773892	3.2234
13.12442745	2.9924
13.09130135	2.7908
13.05832501	2.603
13.02551438	2.4319
12.99286821	2.3069
12.96038529	2.1829
12.92806437	2.0666
12.89590426	1.967
12.86390376	1.9153
12.83206168	1.8652
12.80037684	1.7873
12.7688481	1.7356
12.73747429	1.7329
12.70625427	1.7109
12.67518693	1.6914
12.64427113	1.6826
12.61350579	1.6599
12.58290562	1.6643
12.55243781	1.6692
12.52211719	1.6633
12.4919427	1.7041
12.46191328	1.7375
12.43202789	1.741
12.40228549	1.77
12.37268507	1.8103
12.34322561	1.821
12.31390609	1.8389
12.28472554	1.8733
12.25568296	1.8816
12.22677738	1.8882
12.19800782	1.9338
12.16937334	1.9612
12.14087298	1.9646
12.1125058	1.9902
12.08427087	2.0222
12.05616727	2.0369
12.02819409	2.0691
12.00035041	2.1248
11.97263534	2.1431
11.945048	2.1543
11.9175875	2.1663
11.8902671	2.1887
11.86305761	2.207
11.83597236	2.2368
11.80901051	2.2629
11.78217122	2.2854
11.75545365	2.3005
11.72885698	2.3249
11.70238038	2.3572
11.67602305	2.3621
11.64978419	2.4099
11.62366299	2.4519
11.59765866	2.4487
11.57177043	2.478
11.54599752	2.5144
11.52033916	2.522
11.49479458	2.52
11.46936304	2.5496
11.44404378	2.5786
11.41883606	2.5913
11.39373914	2.6138
11.3687523	2.6177
11.34387482	2.634
11.31910597	2.6584
11.29444505	2.6872
11.26990406	2.707
11.24545684	2.7175
11.22111545	2.7266
11.19687921	2.73
11.17274743	2.7656
11.14871946	2.78
11.12479461	2.7839
11.10097222	2.7934
11.07725165	2.8122
11.05363222	2.8403
11.03011331	2.8491
11.00669427	2.8691
10.98337447	2.9028
10.96015327	2.9055
10.93703005	2.9084
10.9140042	2.9228
10.89107509	2.9285
10.86824213	2.9365
10.8455047	2.9707
10.82286221	2.9927
10.80031407	2.9922
10.77785969	3.0059
10.75549848	3.0286
10.73322986	3.043
10.71106474	3.0486
10.68897956	3.0547
10.66698525	3.0554
10.64508128	3.0547
10.62326708	3.0796
10.6015421	3.1052
10.5799058	3.1208
10.55835763	3.1223
10.53689705	3.1243
10.51552354	3.1328
10.49423657	3.1509
10.4730356	3.1638
10.45192012	3.1816
10.43088962	3.1992
10.40994358	3.2109
10.38908149	3.2173
10.36830285	3.2129
10.34760717	3.2327
10.32699394	3.2573
10.30646267	3.2693
10.28601287	3.2756
10.26564407	3.2639
10.24535578	3.2671
10.22514752	3.283
10.20502924	3.2954
10.1849796	3.2969
10.16500858	3.3054
10.14511574	3.314
10.12530059	3.3179
10.10556271	3.3083
10.08590162	3.3188
10.0663169	3.3371
10.04680808	3.345
10.02737473	3.3464
10.00801642	3.3596
9.98873271	3.3769
9.969523168	3.3818
9.950387369	3.3821
9.931324888	3.3948
9.912335307	3.4045
9.893427994	3.405
9.874582922	3.4104
9.855809507	3.4231
9.83710734	3.426
9.818476015	3.4314
9.799915133	3.4412
9.781424293	3.4446
9.7630031	3.4443
9.744651161	3.4592
9.726368087	3.4785
9.70815349	3.4927
9.690006986	3.4934
9.671928196	3.4858
9.653916739	3.5029
9.635972241	3.5278
9.618094328	3.5203
9.600282632	3.5163
9.582536785	3.5237
9.564856422	3.5264
9.547241181	3.5166
9.529690704	3.5264
9.512204634	3.5527
9.494782617	3.5593
9.477424301	3.5574
9.460138288	3.5806
9.4429063	3.5906
9.425736975	3.5764
9.408629972	3.5727
9.391584952	3.5781
9.374601579	3.5867
9.35767952	3.6001
9.340818443	3.6196
9.324018018	3.6221
9.307277919	3.6218
9.290597822	3.6267
9.273977405	3.6211
9.257416348	3.6221
9.240914333	3.6467
9.224471046	3.6601
9.208086173	3.657
9.191759404	3.6633
9.17549043	3.666
9.159278945	3.6636
9.143124645	3.665
9.127027227	3.689
9.110986392	3.7114
9.095001842	3.708
9.079073281	3.7019
9.06320863	3.7075
9.04739114	3.7202
9.031628764	3.7378
9.015921215	3.738
9.000268208	3.7253
8.984669459	3.7156
8.969124685	3.7217
8.953633608	3.7346
8.93819595	3.7319
8.922811435	3.7392
8.907479789	3.7436
8.89220074	3.739
8.876974017	3.738
8.861799353	3.7353
8.846676481	3.7226
8.831605135	3.7327
8.816585054	3.7502
8.801615977	3.7507
8.786697643	3.7583
8.771829795	3.7566
8.757012178	3.761
8.742244536	3.7705
8.727526619	3.7805
8.712858175	3.7793
8.69824652	3.7722
8.683676252	3.7683
8.669154714	3.7893
8.654681663	3.8
8.640256858	3.7971
8.625880055	3.8025
8.611551018	3.8081
8.597269507	3.8047
8.583035287	3.812
8.568848124	3.8162
8.554707784	3.8088
8.540614036	3.811
8.52656665	3.8237
8.512565398	3.8274
8.498610052	3.8264
8.484700388	3.8364
8.470836182	3.8442
8.45701721	3.8381
8.443243252	3.8279
8.429514089	3.834
8.415829502	3.8452
8.402189274	3.8457
8.388593191	3.8533
8.375041038	3.8628
8.361539594	3.8708
8.348074642	3.873
8.334652987	3.8686
8.32127442	3.8713
8.307938734	3.885
8.294645723	3.8892
8.281395183	3.874
8.268186911	3.8667
8.255020704	3.8889
8.241896361	3.9023
8.228813685	3.8979
8.215772476	3.9023
8.202772537	3.9128
8.189813674	3.9119
8.176895691	3.9155
8.164018395	3.9187
8.151188239	3.9153
8.138391724	3.9192
8.125635323	3.9289
8.11291885	3.9375
8.100242116	3.9372
8.087604937	3.9375
8.075007126	3.935
8.062448501	3.9255
8.049928879	3.9372
8.037448078	3.9477
8.025005918	3.946
8.012602221	3.9482
8.000236807	3.9512
7.9879095	3.9485
7.975620124	3.9473
7.963368505	3.9543
7.951154468	3.9695
7.938977841	3.9729
7.926838452	3.9775
7.914736131	3.9758
7.902670708	3.9724
7.890642014	3.9873
7.878649883	3.9932
7.866694148	3.9814
7.854780812	3.9775
7.842897355	3.9868
7.831049799	3.9924
7.819237984	3.9858
7.807461747	3.9902
7.795720929	4.0034
7.784015369	4.0019
7.772344909	4.0024
7.760709391	4.0102
7.749108659	4.0073
7.737542556	3.9968
7.726010929	4.0022
7.714513623	4.0129
7.703050485	4.0134
7.691621363	4.0168
7.680226106	4.022
7.668864563	4.0149
7.657536586	4.0085
7.646242025	4.0098
7.634980733	4.0117
7.623752563	4.0225
7.61255737	4.0305
7.601395008	4.0276
7.590265333	4.0234
7.579173946	4.0317
7.568109199	4.041
7.557076711	4.0398
7.546076342	4.0354
7.535107952	4.0415
7.524171401	4.0486
7.51326655	4.0466
7.502393263	4.0474
7.491551403	4.052
7.480740833	4.052
7.469961418	4.0574
7.459213023	4.0554
7.448495516	4.0476
7.437808762	4.0571
7.42715263	4.0615
7.416526989	4.0549
7.405931707	4.0493
7.395366655	4.0566
7.384831703	4.0598
7.374326724	4.0557
7.363851589	4.0669
7.353406171	4.0745
7.342990345	4.0732
7.332603984	4.0723
7.322252325	4.0745
7.311924506	4.0683
7.30162578	4.0681
7.291356025	4.0752
7.281115117	4.073
7.270902937	4.0708
7.260719363	4.0723
7.250564275	4.0732
7.240437554	4.0681
7.230339081	4.0715
7.220268738	4.0808
7.210226408	4.0764
7.200211974	4.0757
7.19022532	4.0828
7.18026633	4.0791
7.17033489	4.073
7.160436013	4.0793
7.150559317	4.082
7.140709829	4.0842
7.130887439	4.0867
7.121092034	4.0908
7.111323503	4.095
7.101581735	4.0925
7.091866622	4.093
7.082178053	4.0957
7.07251592	4.0913
7.062880115	4.093
7.053270531	4.093
7.04368706	4.0942
7.034129597	4.0998
7.024598035	4.1059
7.01509227	4.1086
7.005612196	4.1064
6.99615771	4.1081
6.986728709	4.1055
6.977325089	4.0972
6.967946748	4.0964
6.958593585	4.0959
6.949265497	4.1013
6.939962385	4.1113
6.930688952	4.1162
6.921435478	4.1069
6.912206681	4.1037
6.903002461	4.1121
6.893822721	4.1191
6.884667364	4.1179
6.875536292	4.1184
6.866429409	4.1125
6.857346618	4.116
6.848287825	4.1284
6.839252935	4.1318
6.830241852	4.1233
6.821254483	4.1279
6.812290735	4.1465
6.803350514	4.1406
6.794433728	4.124
6.785540285	4.1326
6.776670093	4.1528
6.767823062	4.1538
6.7589991	4.1475
6.750198118	4.1496
6.741420026	4.1487
6.732664735	4.1494
6.723932156	4.1536
6.715226709	4.1531
6.706539278	4.1455
6.697874296	4.1528
6.689231675	4.1533
6.680611329	4.1421
6.672013173	4.1543
6.663437121	4.1667
6.654883087	4.1594
6.646350987	4.1494
6.637840737	4.1489
6.629352253	4.1584
6.620885451	4.1623
6.612440248	4.1633
6.604016563	4.1658
6.595614312	4.1623
6.587233415	4.1628
6.578873789	4.167
6.570535354	4.1633
6.56221803	4.1665
6.553921736	4.1745
6.545646392	4.1745
6.537391921	4.1726
6.529158241	4.1758
6.520945276	4.1748
6.512757189	4.1753
6.504585407	4.1753
6.496434107	4.1653
6.488303211	4.1653
6.480192643	4.1763
6.472102327	4.1885
6.464032186	4.1987
6.455982145	4.1946
6.44795213	4.1997
6.439942066	4.2012
6.431951879	4.1868
6.423981494	4.1807
6.416030838	4.1811
6.408099838	4.1836
6.400188422	4.1897
6.392296516	4.2029
6.384424048	4.2085
6.376570948	4.2036
6.368737143	4.2092
6.360922563	4.2185
6.353127136	4.2075
6.345350793	4.1995
6.337593464	4.218
6.329855078	4.2207
6.322139564	4.2114
6.314438848	4.218
6.30675687	4.2256
6.29909356	4.2244
6.291448851	4.2336
6.283822676	4.24
6.276214965	4.2341
6.268625654	4.23
6.261054675	4.2339
6.253501961	4.2329
6.245967447	4.229
6.238451067	4.2322
6.230952756	4.2356
6.223472449	4.2317
6.21601008	4.2324
6.208565585	4.2319
6.201142747	4.2322
6.1937338	4.2385
6.186342535	4.2388
6.178968891	4.2419
6.171612803	4.249
6.164274209	4.2461
6.156953047	4.2366
6.149649255	4.238
6.14236277	4.2466
6.135093533	4.2429
6.12784148	4.2375
6.120606552	4.2312
6.113388688	4.2309
6.106187828	4.2366
6.099003911	4.2366
6.091836878	4.2439
6.084686669	4.24
6.077553226	4.2295
6.070436489	4.2358
6.063336399	4.2471
6.056252899	4.2339
6.049185931	4.2178
6.042135436	4.2331
6.035101357	4.2414
6.02808727	4.2378
6.021085843	4.2422
6.01410066	4.2395
6.007131667	4.2385
6.000178805	4.2449
5.99324202	4.2461
5.986321256	4.2419
5.979416457	4.2414
5.972527568	4.2502
5.965654534	4.2471
5.9587973	4.2451
5.951955813	4.2541
5.945130017	4.2466
5.938319859	4.2253
5.931525286	4.2385
5.924746243	4.2561
5.917982678	4.2512
5.911234538	4.2505
5.904501769	4.2507
5.89778432	4.2351
5.891082139	4.2395
5.884395172	4.2419
5.87772337	4.2432
5.871066679	4.2507
5.864428488	4.2534
5.85780186	4.2571
5.851190191	4.2532
5.84459343	4.2529
5.838011527	4.2629
5.831444431	4.2632
5.824892094	4.2471
5.818354465	4.2502
5.811831494	4.2693
5.805323133	4.2676
5.798829332	4.2641
5.792350043	4.2661
5.785885217	4.2634
5.779434806	4.2593
5.772998761	4.2546
5.766577035	4.2397
5.760169579	4.2412
5.753776347	4.2524
5.747397291	4.2556
5.741032364	4.2563
5.734681519	4.2622
5.728344709	4.2617
5.722021888	4.2471
5.715713009	4.2436
5.709421287	4.251
5.703140149	4.2583
5.696872816	4.2607
5.690619242	4.2661
5.684379382	4.2634
5.678153192	4.2458
5.671940626	4.2458
5.66574164	4.2532
5.659556189	4.2561
5.653384229	4.259
5.647225716	4.2556
5.641080605	4.2475
5.634948854	4.2505
5.628830419	4.2632
5.622725256	4.2671
5.616633323	4.2705
5.610557723	4.2729
5.604492113	4.2698
5.598439603	4.2661
5.592400152	4.2685
5.586373717	4.2727
5.580360257	4.2678
5.574359729	4.2624
5.568372092	4.271
5.562397304	4.2742
5.556435324	4.2712
5.550486112	4.2768
5.544549625	4.2793
5.538625823	4.281
5.532714665	4.2795
5.526816112	4.2876
5.520930122	4.2861
5.515056656	4.2766
5.509195674	4.2793
5.503347136	4.2866
5.497511002	4.2839
5.491687233	4.2822
5.48587579	4.2776
5.480076633	4.2707
5.474289725	4.2781
5.468518015	4.2854
5.462755479	4.2834
5.457005076	4.2851
5.451266765	4.2937
5.445540511	4.2873
5.439826274	4.2854
5.434124016	4.2927
5.428433701	4.2895
5.422755291	4.2849
5.417088748	4.2888
5.411434035	4.2939
5.405791116	4.2974
5.400159953	4.2947
5.394540509	4.2952
5.388932749	4.2844
5.383336635	4.2886
5.377752132	4.303
5.372179203	4.3032
5.366617813	4.2927
5.361067925	4.2937
5.355529504	4.3
5.350002515	4.2939
5.344486921	4.2915
5.338982689	4.292
5.333492627	4.2922
5.328011006	4.2942
5.32254064	4.3066
5.317081497	4.3098
5.31163354	4.2986
5.306196736	4.3013
5.30077105	4.3049
5.295356449	4.2986
5.289952898	4.303
5.284560364	4.3132
5.279178813	4.3166
5.273808212	4.3113
5.268448526	4.3096
5.263099724	4.3081
5.257761771	4.3081
5.252434635	4.3074
5.247118283	4.3083
5.241812682	4.3083
5.236517799	4.3064
5.231233603	4.3166
5.225960061	4.3208
5.220697141	4.3137
5.21544481	4.312
5.210203036	4.3115
5.204974498	4.3122
5.19975374	4.3174
5.194543444	4.3227
5.189343579	4.3257
5.184154115	4.3215
5.178975019	4.3162
5.173806261	4.3186
5.168647809	4.3144
5.163499634	4.3152
5.158361704	4.3225
5.153233989	4.321
5.148116459	4.3245
5.143009082	4.3242
5.137911829	4.3205
5.13282467	4.313
5.127747575	4.3122
5.122680514	4.3235
5.117623458	4.3286
5.112576376	4.3237
5.107539239	4.321
5.102512018	4.322
5.097494683	4.3203
5.092487206	4.3164
5.087489558	4.3147
5.082504292	4.3176
5.077526209	4.3232
5.072557868	4.3198
5.06759924	4.3157
5.062650297	4.3183
5.057711011	4.3235
5.052781354	4.3132
5.047861297	4.3159
5.042950812	4.3186
5.038049872	4.3147
5.033158448	4.3225
5.028276513	4.3196
5.023404039	4.3083
5.018541	4.3074
5.013687367	4.3137
5.008843113	4.3113
5.004010715	4.3052
4.999185133	4.3042
4.994368849	4.3064
4.989561837	4.3052
4.984764069	4.3059
4.979975518	4.3098
4.97519616	4.3017
4.970425966	4.2971
4.96566491	4.3042
4.960912967	4.3049
4.95617011	4.2983
4.951436313	4.3015
4.94671155	4.3115
4.941995795	4.3079
4.937289023	4.3008
4.932591209	4.3013
4.927902325	4.3047
4.923222347	4.3079
4.918551251	4.3088
4.913889009	4.3118
4.909235598	4.3057
4.904590991	4.3039
4.899955165	4.313
4.895328095	4.3137
4.890712146	4.3122
4.886102507	4.3149
4.88150155	4.312
4.876909249	4.3105
4.87232558	4.3108
4.86775052	4.3076
4.863184043	4.3
4.858626126	4.3025
4.854076745	4.3125
4.849535875	4.3147
4.845003493	4.3193
4.840479575	4.3262
4.835964098	4.3191
4.831457037	4.3122
4.826958369	4.3147
4.822468072	4.3127
4.81798612	4.3183
4.813512492	4.3247
4.809047164	4.314
4.804590113	4.3027
4.800141316	4.31
4.79570075	4.3191
4.791268392	4.3166
4.78684422	4.3208
4.782430498	4.3276
4.778022625	4.3291
4.773622869	4.3227
4.769231209	4.3203
4.764847623	4.3279
4.760472086	4.3288
4.756104579	4.3171
4.751745078	4.3198
4.747393562	4.3264
4.743050009	4.3262
4.738714396	4.3276
4.734386703	4.3308
4.730066907	4.331
4.725754987	4.3306
4.721450921	4.3306
4.717154688	4.3271
4.712866266	4.331
4.708585635	4.3337
4.704312773	4.3274
4.700047658	4.3223
4.695790271	4.3259
4.691540589	4.332
4.687298593	4.3301
4.68306426	4.3303
4.67883976	4.3357
4.67462069	4.3315
4.670409221	4.3308
4.666205334	4.3352
4.662009009	4.3281
4.657820224	4.3227
4.65363896	4.3276
4.649465195	4.3303
4.645298911	4.3349
4.641140087	4.3328
4.636988702	4.3318
4.632844738	4.3335
4.628708174	4.3313
4.62457899	4.3315
4.620457167	4.3345
4.616342684	4.3328
4.612235523	4.334
4.608135664	4.3374
4.604043086	4.334
4.599957772	4.3357
4.595879702	4.3467
4.591808856	4.352
4.587745215	4.3428
4.58368876	4.3369
4.57964157	4.3357
4.575599426	4.3364
4.571564412	4.3364
4.567536508	4.3342
4.563515696	4.332
4.559501956	4.3325
4.555495271	4.3406
4.551495621	4.3367
4.547502989	4.3301
4.543517355	4.3376
4.539538701	4.345
4.535567009	4.3345
4.531602261	4.334
4.527644439	4.3352
4.523693523	4.3371
4.519749497	4.3357
4.515814382	4.3423
4.511884077	4.3391
4.507960608	4.3342
4.504043956	4.3401
4.500134104	4.3489
4.496231034	4.3423
4.492334729	4.3445
4.488445171	4.3489
4.484562343	4.345
4.480686226	4.3389
4.476816804	4.3386
4.47295406	4.3462
4.469097975	4.3511
4.465248534	4.3437
4.461405718	4.3369
4.45756951	4.3379
4.453739894	4.3501
4.449916853	4.3513
4.44610037	4.3442
4.442290427	4.3367
4.438487009	4.331
4.434690097	4.3376
4.430899676	4.3491
4.42711573	4.3491
4.423340197	4.3435
4.419569145	4.3423
4.415804518	4.3508
4.412046298	4.3494
4.408294471	4.3391
4.404549018	4.3406
4.400809925	4.3396
4.397077175	4.3435
4.393350752	4.3411
4.389630639	4.3406
4.385916821	4.3433
4.382209282	4.3481
4.378508006	4.3469
4.374812977	4.3391
4.371124179	4.3389
4.367441596	4.3486
4.363765214	4.3533
4.360095015	4.342
4.356430985	4.3342
4.352773108	4.3415
4.349121369	4.3494
4.345475751	4.3476
4.341836241	4.3462
4.338202821	4.3476
4.334577357	4.3464
4.330956072	4.3486
4.327340832	4.3491
4.323731623	4.3454
4.320128429	4.3398
4.316531235	4.3452
4.312940028	4.3462
4.30935479	4.3472
4.305775509	4.3528
4.302202168	4.3562
4.298634754	4.3503
4.29507325	4.3486
4.291517644	4.3506
4.287967919	4.343
4.284424062	4.3384
4.280886058	4.3474
4.277353892	4.3489
4.27382755	4.3418
4.270307018	4.3503
4.266792281	4.3557
4.263283325	4.3479
4.259780136	4.3516
4.256282699	4.3608
4.252791	4.3555
4.249306832	4.3486
4.245826565	4.3425
4.242351994	4.3386
4.238883105	4.3357
4.235419885	4.3379
4.231962319	4.3452
4.228510393	4.3496
4.225064094	4.3528
4.221623408	4.3523
4.218188322	4.352
4.214758821	4.3496
4.211334892	4.3476
4.207916522	4.3442
4.204503696	4.3452
4.201096402	4.3511
4.197694626	4.3513
4.194300114	4.3411
4.190909331	4.353
4.187524026	4.3669
4.184144186	4.3594
4.180769797	4.3496
4.177400846	4.3591
4.174037321	4.3625
4.170679208	4.3635
4.167326493	4.3691
4.163979165	4.3567
4.16063721	4.3506
4.157300615	4.3569
4.153969367	4.362
4.150643454	4.3577
4.147322862	4.3511
4.144007579	4.3523
4.140697592	4.354
4.137392888	4.3567
4.134093455	4.363
4.130799281	4.3645
4.127510352	4.3689
4.124226656	4.3625
4.120948181	4.3596
4.117674914	4.3674
4.114408535	4.3657
4.111145645	4.3613
4.107887925	4.3574
4.104635365	4.3606
4.101387951	4.3642
4.098145671	4.365
4.094908514	4.363
4.091676466	4.3638
4.088449517	4.3694
4.085227653	4.3721
4.082010864	4.3623
4.078799136	4.3569
4.075592459	4.3589
4.072390819	4.3581
4.069194206	4.3623
4.066002607	4.365
4.062816011	4.3589
4.059634406	4.3569
4.056457779	4.3606
4.053286121	4.3581
4.050119418	4.3613
4.046957659	4.3623
4.043800833	4.3657
4.040648928	4.3704
4.037503563	4.3777
4.034361463	4.3765
4.031224251	4.3694
4.028091913	4.375
4.024964439	4.373
4.021841819	4.3713
4.018724039	4.3708
4.01561109	4.3696
4.012502959	4.3691
4.009399637	4.3625
4.00630111	4.3642
4.00320737	4.3699
4.000118404	4.3625
3.997034201	4.3647
3.99395475	4.3638
3.990880041	4.362
3.987810062	4.364
3.984744803	4.3735
3.981684252	4.3772
3.9786284	4.3728
3.975577234	4.3684
3.972530744	4.3667
3.96948892	4.3684
3.966451751	4.3689
3.963420797	4.3645
3.960392903	4.3635
3.957369631	4.3723
3.954350972	4.3738
3.951336915	4.3706
3.948327449	4.3679
3.945322564	4.3625
3.942322249	4.3672
3.939326493	4.3667
3.936335288	4.3706
3.933348621	4.374
3.930366483	4.3706
3.927388864	4.375
3.924415753	4.3838
3.921447139	4.3835
3.918483014	4.3821
3.915523366	4.3787
3.912568186	4.3718
3.909617463	4.3679
3.906671188	4.3723
3.90372935	4.3743
3.900791939	4.3721
3.897858945	4.3789
3.894930359	4.3718
3.892007684	4.3679
3.889087881	4.3743
3.886172454	4.3765
3.883261396	4.3813
3.880354695	4.3774
3.877452343	4.3716
3.874554329	4.3738
3.871660644	4.376
3.868771278	4.3769
3.865886222	4.3801
3.863005465	4.3823
3.860128998	4.3806
3.857256812	4.3828
3.854388896	4.3891
3.851525243	4.3852
3.848665841	4.3818
3.845812161	4.3828
3.842961232	4.3906
3.840114528	4.3906
3.837272037	4.385
3.834433752	4.384
3.831599662	4.3818
3.828769759	4.3852
3.825944033	4.3887
3.823122474	4.3872
3.820305074	4.3806
3.817491824	4.3872
3.814682714	4.3872
3.811877735	4.384
3.809076878	4.3899
3.806280134	4.3794
3.803487494	4.3733
3.800698949	4.3762
3.797914489	4.3828
3.795134107	4.384
3.792357792	4.3774
3.789585537	4.3811
3.786817332	4.3806
3.784053167	4.375
3.781293036	4.3784
3.778538356	4.3765
3.77578626	4.3755
3.773038171	4.3779
3.770294079	4.3896
3.767553976	4.3948
3.764817852	4.3909
3.7620857	4.3799
3.759357511	4.383
3.756633275	4.3891
3.753912985	4.3874
3.751196632	4.3826
3.748484207	4.3772
3.745775701	4.3826
3.743071107	4.3884
3.740370416	4.3894
3.73767362	4.3955
3.734980709	4.3904
3.732291676	4.3826
3.729606512	4.3806
3.726925208	4.385
3.724247758	4.3877
3.721574151	4.383
3.718904381	4.3828
3.716238438	4.3921
3.713577694	4.3962
3.71091938	4.3838
3.708264869	4.3865
3.705614154	4.3882
3.702967225	4.3867
3.700324074	4.3916
3.697684695	4.3911
3.695049078	4.3828
3.692417215	4.3818
3.689789099	4.3811
3.687164722	4.3801
3.684544075	4.3818
3.68192715	4.3762
3.67931394	4.3877
3.676704437	4.3974
3.674098633	4.3943
3.67149652	4.3926
3.66889809	4.3838
3.666303336	4.3828
3.663712249	4.3962
3.661124822	4.395
3.658541047	4.3901
3.655960916	4.3906
3.653384422	4.3909
3.65081289	4.3801
3.648243644	4.3806
3.645678012	4.3889
3.643115986	4.3833
3.640557559	4.3804
3.638002722	4.3821
3.635451469	4.3879
3.632903791	4.3909
3.630359682	4.3918
3.627819133	4.3896
3.625282138	4.3913
3.622748688	4.3899
3.620218777	4.3938
3.617692397	4.3879
3.615169541	4.3855
3.6126502	4.3867
3.610135673	4.3931
3.607623341	4.397
3.605114504	4.3911
3.602609154	4.3789
3.600107283	4.3845
3.597608885	4.3874
3.595113953	4.3838
3.592622478	4.383
3.590134454	4.3855
3.587649874	4.3882
3.585168731	4.3789
3.582691017	4.3801
3.580216725	4.3857
3.577745848	4.3896
3.57527838	4.3884
3.572814313	4.3962
3.57035364	4.4036
3.567896354	4.4001
3.565442448	4.3938
3.562991916	4.3894
3.560544749	4.3808
3.558100942	4.3826
3.555660487	4.3913
3.553223378	4.3982
3.550790868	4.3945
3.548360427	4.396
3.545933311	4.3933
3.543509513	4.4036
3.541089027	4.4111
3.538671844	4.4001
3.53625796	4.3921
3.533847367	4.3935
3.531440058	4.3984
3.529036026	4.3989
3.526635266	4.3906
3.524237769	4.3879
3.52184353	4.3955
3.519452542	4.3938
3.517064798	4.4031
3.514680292	4.4133
3.512299017	4.4077
3.509920967	4.3982
3.507546135	4.3955
3.505174514	4.4067
3.502806098	4.4075
3.500440881	4.4094
3.498078855	4.4043
3.495720015	4.4082
3.493365575	4.4123
3.491013085	4.4036
3.488663762	4.3982
3.486317598	4.4038
3.483974588	4.4043
3.481634725	4.4101
3.479298003	4.4177
3.476964415	4.4177
3.474633956	4.4162
3.472306619	4.4177
3.469982397	4.416
3.467661284	4.4158
3.465343275	4.4067
3.463028363	4.4055
3.460716541	4.4111
3.458407804	4.4143
3.456102146	4.4119
3.453799559	4.4148
3.451500039	4.4121
3.449203579	4.4177
3.446910172	4.415
3.444619814	4.4123
3.442332497	4.4162
3.440048216	4.4182
3.437768146	4.4119
3.435489916	4.415
3.433214704	4.4221
3.430942504	4.4182
3.428673309	4.4177
3.426407114	4.4206
3.424143913	4.4206
3.421883699	4.4275
3.419626467	4.4341
3.417372212	4.4331
3.415120926	4.4248
3.412872605	4.4236
3.410627242	4.4265
3.408384831	4.427
3.406145367	4.4194
3.403908845	4.4226
3.401675257	4.4206
3.399444599	4.4165
3.397216864	4.4202
3.394992047	4.4119
3.392770143	4.4033
3.390551144	4.4109
3.388335047	4.4182
3.386121844	4.4148
3.383912676	4.4119
3.381705245	4.4143
3.379500692	4.4065
3.377299012	4.4082
3.375100198	4.4089
3.372904246	4.4155
3.370711149	4.4289
3.368520903	4.4177
3.366333501	4.4114
3.364148938	4.4058
3.361967208	4.4038
3.359788306	4.4094
3.357612227	4.4099
3.355438965	4.4099
3.353268515	4.4021
3.35110087	4.397
3.348937148	4.3996
3.346775098	4.4001
3.344615837	4.3928
3.342459362	4.4021
3.340305665	4.4055
3.338154741	4.3965
3.336006587	4.3974
3.333861195	4.407
3.33171856	4.4055
3.329578678	4.3994
3.327441544	4.4001
3.32530715	4.4055
3.323175494	4.4062
3.321046568	4.4123
3.318920368	4.4133
3.31679689	4.4097
3.314676126	4.4148
3.312558073	4.4119
3.310442725	4.4133
3.308330077	4.4043
3.306220124	4.4011
3.304112861	4.4023
3.302008281	4.4065
3.299906382	4.418
3.297808244	4.4133
3.295711686	4.4065
3.293617792	4.4087
3.291526557	4.4036
3.289437976	4.4094
3.287352045	4.4197
3.285268756	4.4177
3.283188107	4.4189
3.281110091	4.4106
3.279034705	4.4148
3.276961942	4.4153
3.274891798	4.416
3.272824267	4.4243
3.270759346	4.415
3.268697029	4.4077
3.26663731	4.4138
3.264580186	4.415
3.262525652	4.4197
3.260473701	4.4177
3.25842433	4.4165
3.256377534	4.404
3.254333308	4.3977
3.252291646	4.4131
3.250252545	4.4211
3.248217054	4.4182
3.246183057	4.4228
3.244151606	4.4153
3.242122696	4.4099
3.240096322	4.4138
3.238072479	4.4189
3.236051163	4.4285
3.234032369	4.4248
3.232016093	4.4145
3.230002329	4.4158
3.227991073	4.4128
3.22598232	4.4072
3.223976065	4.4167
3.221972305	4.4192
3.219971033	4.4116
3.217972246	4.4094
3.215975939	4.4072
3.213982108	4.4006
3.211990747	4.4011
3.210001852	4.4099
3.208015419	4.4104
3.206031443	4.4233
3.204049919	4.4263
3.202070843	4.4233
3.200095235	4.4182
3.19812104	4.4101
3.196149279	4.4167
3.194179949	4.4224
3.192213043	4.4187
3.190248559	4.4211
3.18828649	4.4202
3.186326834	4.426
3.184369586	4.4243
3.18241474	4.4202
3.180462293	4.4167
3.17851224	4.4101
3.176564577	4.4255
3.1746193	4.4184
3.172676403	4.4006
3.170735883	4.3972
3.168797736	4.4087
3.166861956	4.4263
3.164928541	4.4258
3.162997484	4.4145
3.161068783	4.4226
3.159142432	4.4282
3.157218427	4.4216
3.155296765	4.417
3.153378435	4.4219
3.151461443	4.4133
3.14954678	4.4048
3.147634443	4.4104
3.145724426	4.4165
3.143816726	4.4204
3.141911338	4.4277
3.140008258	4.4243
3.138107483	4.4148
3.136209007	4.4055
3.134312827	4.3996
3.132418938	4.4072
3.130527337	4.4167
3.128638019	4.415
3.126750981	4.4121
3.124866217	4.4172
3.122984699	4.4155
3.121104471	4.4153
3.119226507	4.4214
3.1173508	4.4189
3.115477349	4.4148
3.113606148	4.4199
3.111737193	4.4177
3.10987048	4.4316
3.108006006	4.4363
3.106143766	4.4236
3.104283756	4.415
3.102425973	4.4153
3.100570412	4.4226
3.098717069	4.4233
3.096865941	4.418
3.095017023	4.4119
3.093170311	4.4238
3.091325802	4.4324
3.089483491	4.4243
3.087643375	4.4199
3.085805449	4.4336
3.08396971	4.4387
3.082136155	4.4365
3.080304778	4.4319
3.078476524	4.4238
3.076649492	4.4119
3.074824627	4.4119
3.073001926	4.4238
3.071181385	4.4265
3.069363	4.4199
3.067546766	4.4224
3.065732681	4.4353
3.06392074	4.4297
3.06211094	4.4138
3.060303276	4.4162
3.058497745	4.427
3.056694344	4.4245
3.054893068	4.4253
3.053093914	4.4294
3.051296877	4.4197
3.049501955	4.4075
3.047709144	4.4243
3.045918439	4.4358
3.044129837	4.4338
3.042343335	4.4299
3.040558928	4.4355
3.038776613	4.4346
3.036996386	4.4292
3.035219166	4.4314
3.033443104	4.4331
3.031669119	4.4407
3.029897208	4.4287
3.028127367	4.4292
3.026359592	4.4502
3.02459388	4.437
3.022830228	4.4199
3.021068631	4.425
3.019309085	4.4397
3.017551589	4.4531
3.015796137	4.4424
3.014042726	4.4228
3.012291354	4.4231
3.010542015	4.426
3.008794707	4.4285
3.007049426	4.4311
3.005306169	4.4311
3.003564931	4.4358
3.00182571	4.4307
3.000088503	4.4331
2.998353304	4.4319
2.996620112	4.4258
2.994888923	4.4421
2.993160628	4.4487
2.991433432	4.4338
2.989708228	4.4343
2.987985013	4.4453
2.986263784	4.4387
2.984544536	4.4497
2.982827267	4.4534
2.981111973	4.4438
2.97939865	4.4287
2.977687296	4.4372
2.975977906	4.4507
2.974270478	4.4534
2.972565009	4.4531
2.970861493	4.4424
2.96915993	4.436
2.967460314	4.4309
2.965763522	4.4241
2.964067792	4.4348
2.962373999	4.4487
2.960682141	4.4524
2.958992215	4.4453
2.957304216	4.4277
2.955618142	4.4197
2.95393399	4.4243
2.952251756	4.4248
2.950571437	4.437
2.94889303	4.4441
2.947216531	4.4436
2.945541937	4.4412
2.943869245	4.4365
2.942198452	4.4343
2.940529554	4.4277
2.938862549	4.4299
2.937197432	4.438
2.935534201	4.4458
2.933872853	4.4409
2.932213384	4.4412
2.930555792	4.4324
2.928900072	4.4216
2.927246222	4.4333
2.925595095	4.4336
2.923944975	4.4321
2.922296715	4.4433
2.920650312	4.4473
2.919005763	4.4289
2.917363066	4.4126
2.915722216	4.4255
2.91408321	4.4365
2.912446047	4.4372
2.910810722	4.4407
2.909177232	4.4377
2.907545575	4.4267
2.905915747	4.4304
2.904287745	4.4302
2.902661566	4.4248
2.901037208	4.435
2.899414666	4.4307
2.897793938	4.4165
2.896175022	4.425
2.894557913	4.4302
2.892942609	4.4314
2.891329106	4.4331
2.889717403	4.4258
2.888107495	4.4204
2.886500214	4.4233
2.884893888	4.4202
2.883289349	4.4143
2.881686594	4.4236
2.880085619	4.4409
2.878486423	4.4397
2.876889001	4.439
2.875293352	4.4409
2.873699471	4.4326
2.872107357	4.4263
2.870517006	4.4211
2.868928415	4.4133
2.867341582	4.4119
2.865756502	4.4226
2.864173175	4.4321
2.862591596	4.4311
2.861011762	4.4253
2.859433672	4.4316
2.857857321	4.4424
2.856282708	4.4336
2.854709829	4.4216
2.853138681	4.4136
2.851569261	4.4009
2.850001568	4.407
2.848436408	4.4214
2.846872156	4.4282
2.845309621	4.4277
2.8437488	4.4231
2.842189691	4.4162
2.840632291	4.4075
2.839076596	4.4089
2.837522604	4.4221
2.835970313	4.4214
2.834419719	4.4065
2.83287082	4.4011
2.831323613	4.404
2.829778094	4.3992
2.828234263	4.407
2.826692114	4.4184
2.825151647	4.4109
2.823612858	4.3999
2.822075744	4.4004
2.820540303	4.3953
2.819006531	4.3933
2.817474427	4.3953
2.815943987	4.3987
2.81441521	4.4079
2.812888091	4.4006
2.811363418	4.4016
2.809839609	4.407
2.80831745	4.4009
2.806796939	4.4062
2.805278075	4.4128
2.803760853	4.4204
2.802245271	4.4065
2.800731327	4.3994
2.799219018	4.4009
2.797708341	4.404
2.796199294	4.4111
2.794691874	4.4065
2.793186078	4.4101
2.791681905	4.415
2.79017935	4.4043
2.788678412	4.405
2.787179865	4.417
2.785682151	4.4141
2.784186046	4.4094
2.782691547	4.4128
2.781198652	4.3962
2.779707358	4.3938
2.778217662	4.3992
2.776729562	4.397
2.775243056	4.4001
2.77375814	4.4097
2.772274812	4.404
2.77079307	4.3999
2.769312911	4.4021
2.767834333	4.396
2.766357333	4.4031
2.764881908	4.406
2.763408056	4.397
2.761935774	4.3913
2.760465061	4.3874
2.758995913	4.3894
2.757528328	4.4067
2.756062304	4.4067
2.754597837	4.4089
2.753134926	4.4092
2.751674325	4.4036
2.750214517	4.4067
2.748756257	4.3931
2.747299542	4.3826
2.74584437	4.3855
2.74439074	4.3911
2.742938647	4.3935
2.741488091	4.4009
2.740039067	4.3962
2.738591575	4.3862
2.737145611	4.3865
2.735701174	4.3999
2.73425826	4.3962
2.732816867	4.3901
2.731376994	4.383
2.729938636	4.397
2.728501793	4.3992
2.727066462	4.3901
2.72563264	4.3808
2.724200325	4.3791
2.722769514	4.3899
2.721340206	4.3911
2.719912397	4.3894
2.718486086	4.3994
2.717062008	4.4084
2.715638684	4.4104
2.714216851	4.3901
2.712796505	4.3728
2.711377646	4.3664
2.709960269	4.363
2.708544374	4.3738
2.707129958	4.3848
2.705717018	4.3672
2.704305552	4.3679
2.702895558	4.3711
2.701487034	4.3918
2.700079976	4.397
2.698674384	4.3784
2.697270255	4.3591
2.695867585	4.3533
2.694466374	4.3467
2.693066619	4.3545
2.691668318	4.3796
2.690271467	4.3811
2.688876066	4.3767
2.687482111	4.3657
2.686089602	4.3518
2.684698534	4.3721
2.683309626	4.3811
2.681921436	4.3699
2.680534681	4.3696
2.679149359	4.3708
2.677765469	4.3733
2.676383008	4.3652
2.675001973	4.3635
2.673622363	4.3589
2.672244175	4.3635
2.670867407	4.3618
2.669492057	4.3479
2.668118123	4.3523
2.666745602	4.3633
2.665374493	4.3642
2.664004793	4.3667
2.6626365	4.3677
2.66127032	4.3606
2.659904834	4.3559
2.658540748	4.3638
2.657178061	4.3657
2.65581677	4.3513
2.654456873	4.3579
2.653098368	4.3523
2.651741253	4.3381
2.650385525	4.3328
2.649031183	4.3489
2.647678224	4.365
2.646326647	4.365
2.644976449	4.3528
2.643627628	4.3452
2.642280182	4.345
2.640934109	4.3574
2.639589407	4.3547
2.638246073	4.3188
2.636904106	4.3027
2.635563503	4.3386
2.634224263	4.3513
2.632886383	4.3396
2.631549862	4.3342
2.630214697	4.3393
2.628881577	4.3442
2.627549117	4.3205
2.626218007	4.3054
2.624888245	4.3296
2.62355983	4.3381
2.622232758	4.3335
2.620907028	4.3286
2.619582638	4.334
2.618259585	4.3196
2.616937869	4.3091
2.615617486	4.321
2.614298435	4.3157
2.612980713	4.3017
2.61166432	4.3042
2.610349252	4.3108
2.609035507	4.3125
2.607723085	4.3227
2.606411982	4.3452
2.605102197	4.3579
2.603793727	4.3511
2.602486572	4.3332
2.601180728	4.3205
2.599876194	4.3137
2.598572968	4.3332
2.597271722	4.3445
2.595971105	4.332
2.59467179	4.3088
2.593373774	4.3198
2.592077057	4.3364
2.590781636	4.3484
2.589487509	4.3567
2.588194675	4.3472
2.58690313	4.3227
2.585612874	4.3235
2.584323905	4.3247
2.58303622	4.3293
2.581749817	4.3345
2.580464695	4.3186
2.579180852	4.3201
2.577898286	4.3181
2.576616995	4.3203
2.575336976	4.3147
2.574058229	4.2983
2.572780751	4.3179
2.571504541	4.3364
2.570229596	4.3301
2.568955915	4.3196
2.567683495	4.3105
2.566412994	4.3137
2.565143091	4.3298
2.563874445	4.3306
2.562607053	4.3213
2.561340913	4.3232
2.560076024	4.3352
2.558812384	4.3271
2.55754999	4.31
2.556288841	4.3203
2.555028936	4.3296
2.553770272	4.3091
2.552512847	4.301
2.55125666	4.3005
2.550001709	4.3142
2.548747991	4.3313
2.547495506	4.3269
2.546244252	4.3093
2.544994225	4.3154
2.543745426	4.3379
2.542497852	4.3271
2.5412515	4.3183
2.54000637	4.3125
2.53876246	4.2981
2.537519767	4.301
2.536278934	4.3074
2.535038671	4.2995
2.53379962	4.3064
2.53256178	4.3154
2.531325149	4.3071
2.530089725	4.3174
2.528855506	4.3144
2.52762249	4.313
2.526390677	4.3098
2.525160064	4.2991
2.523930648	4.2881
2.52270243	4.3186
2.521475406	4.3462
2.520249575	4.3274
2.519024936	4.3039
2.517801486	4.3113
2.516579857	4.3081
2.515358781	4.312
2.514138889	4.3118
2.512920179	4.2805
2.511702651	4.2756
2.510486301	4.3015
2.50927113	4.2988
2.508057134	4.2827
2.506844312	4.2888
2.505632662	4.3025
2.504422183	4.3083
2.503212874	4.3276
2.502004731	4.3135
2.500797754	4.293
2.499591942	4.3074
2.498387291	4.3125
2.497183801	4.2986
2.49598147	4.2685
2.494780296	4.27
2.493580278	4.2905
2.492381413	4.2922
2.491183701	4.2876
2.489987139	4.2925
2.488791726	4.3096
2.48759808	4.2893
2.486404959	4.2739
2.485212983	4.2742
2.484022149	4.2578
2.482832455	4.2663
2.4816439	4.2849
2.480456483	4.2934
2.479270202	4.2886
2.478085055	4.2986
2.47690104	4.2837
2.475718156	4.2361
2.474536402	4.2385
2.473355775	4.2532
2.472176274	4.2519
2.470997898	4.25
2.469820644	4.2468
2.468644512	4.2458
2.467469499	4.2549
2.466295604	4.259
2.465122826	4.2705
2.463951163	4.2715
2.462780612	4.2556
2.461611174	4.2388
2.460442845	4.2214
2.45927623	4.2336
2.458110116	4.2541
2.456945108	4.2295
2.455781204	4.238
2.454618401	4.2666
2.4534567	4.2515
2.452296097	4.229
2.451136592	4.218
2.449978183	4.2285
2.448820868	4.2532
2.447664646	4.2439
2.446509516	4.2287
2.445355475	4.2363
2.444202523	4.2602
2.443050657	4.2512
2.441899876	4.2229
2.440750179	4.2256
2.439601564	4.241
2.43845403	4.2451
2.437307575	4.2475
2.436162197	4.2395
2.435017895	4.2214
2.433874668	4.2168
2.432732513	4.2392
2.431592022	4.2478
2.430452008	4.2475
2.429313063	4.2297
2.428175185	4.2178
2.427038372	4.2412
2.425902624	4.2434
2.424767938	4.2229
2.423634312	4.2251
2.422501747	4.2231
2.421370239	4.2165
2.420239788	4.2109
2.419110392	4.2153
2.417982049	4.2305
2.416854758	4.2463
2.415728518	4.2224
2.414603328	4.1897
2.413479185	4.2151
2.412356088	4.2576
2.411234036	4.2585
2.410113027	4.2241
2.40899306	4.2165
2.407874134	4.2095
2.406756246	4.2148
2.405639396	4.206
2.40452416	4.219
2.40340938	4.2317
2.402295634	4.2078
2.401182919	4.1953
2.400071234	4.1982
2.398960578	4.1887
2.39785095	4.1926
2.396742348	4.2058
2.39563477	4.1772
2.394528216	4.1748
2.393422683	4.1968
2.392318171	4.2112
2.391214677	4.2068
2.390112201	4.175
2.389010742	4.1811
2.387910297	4.2007
2.386811435	4.188
2.385713014	4.1848
2.384615605	4.2102
2.383519204	4.2051
2.382423811	4.1848
2.381329425	4.1833
2.380236043	4.1887
2.379143665	4.2046
2.37805229	4.2002
2.376961915	4.1887
2.375872539	4.1955
2.374784162	4.2012
2.373696781	4.2024
2.372610396	4.1838
2.371525004	4.1794
2.370440606	4.1963
2.369357198	4.2112
2.368274781	4.2109
2.367193351	4.1838
2.366112909	4.1704
2.365033453	4.2031
2.363954982	4.2114
2.362877493	4.1843
2.361800987	4.177
2.360726018	4.1797
2.35965147	4.1638
2.3585779	4.1562
2.357505307	4.1682
2.356433688	4.1807
2.355363044	4.1975
2.354293372	4.177
2.353224671	4.1553
2.35215694	4.1543
2.351090177	4.1614
2.350024382	4.1775
2.348959552	4.1816
2.347895687	4.1804
2.346832785	4.1909
2.345770845	4.1748
2.344709866	4.1504
2.343649846	4.1396
2.342590784	4.1587
2.341532678	4.1562
2.340475528	4.133
2.339419333	4.1348
2.33836409	4.1477
2.337309798	4.1487
2.336256457	4.1304
2.335204611	4.147
2.334153166	4.1579
2.333102667	4.1255
2.332053114	4.1448
2.331004504	4.1643
2.329956838	4.1509
2.328910112	4.1121
2.327864326	4.1172
2.32681948	4.1453
2.325775571	4.1455
2.324732598	4.1401
2.32369056	4.1328
2.322649456	4.1304
2.321609284	4.1636
2.320570043	4.1758
2.319531733	4.1501
2.318494351	4.1142
2.317457897	4.1326
2.316422369	4.1711
2.315387766	4.1511
2.314354087	4.135
2.31332133	4.1394
2.312289495	4.1291
2.31125858	4.0976
2.310229117	4.1003
2.309200038	4.1216
2.308171875	4.126
2.307144627	4.1296
2.306118293	4.1318
2.305092872	4.1352
2.304068363	4.1204
2.303044763	4.1308
2.302022073	4.1255
2.301000291	4.1304
2.299979415	4.1484
2.298959445	4.1121
2.297940379	4.0969
2.296922216	4.1064
2.295904955	4.1362
2.294888595	4.1404
2.29387366	4.1431
2.292859097	4.137
2.291845431	4.1123
2.29083266	4.1213
2.289820785	4.1626
2.288809803	4.1477
2.287799713	4.1265
2.286790515	4.1255
2.285782206	4.1318
2.284774786	4.1123
2.283768254	4.1028
2.282762608	4.1255
2.281757848	4.1074
2.280753972	4.105
2.279750978	4.1328
2.278748867	4.1543
2.277747636	4.1306
2.276747284	4.1277
2.275747811	4.1453
2.274749215	4.1277
2.273751494	4.1255
2.272754649	4.1628
2.271758677	4.1592
2.270763578	4.1267
2.269769866	4.1299
2.268776508	4.1416
2.267784019	4.1079
2.266792398	4.0942
2.265801644	4.0952
2.264811756	4.1064
2.263822732	4.1182
2.262834571	4.1118
2.261847273	4.1072
2.260860836	4.1223
2.259875259	4.1475
2.258890541	4.1601
2.257906681	4.1186
2.256923678	4.1147
2.25594153	4.1265
2.254960236	4.0915
2.253979796	4.0747
2.253000208	4.0801
2.252021471	4.0842
2.251043584	4.1182
2.250066546	4.1133
2.249090355	4.0788
2.248115012	4.0749
2.247140514	4.1006
2.246167365	4.1108
2.245194554	4.1142
2.244222586	4.082
2.243251458	4.0681
2.242281171	4.0974
2.241311723	4.0857
2.240343113	4.0762
2.23937534	4.1074
2.238408402	4.0947
2.237442299	4.0835
2.23647703	4.0806
2.235512593	4.1057
2.234548988	4.1455
2.233586213	4.1155
2.232624267	4.085
2.231663149	4.0947
2.230702859	4.0967
2.229743394	4.0889
2.228784755	4.1035
2.22782694	4.0869
2.226869947	4.0662
2.225913777	4.0769
2.224958427	4.0635
2.224003896	4.0723
2.223050679	4.0935
2.222097785	4.0889
2.221145707	4.1094
2.220194445	4.1128
2.219243997	4.0889
2.218294362	4.1225
2.21734554	4.1372
2.21639753	4.1279
2.215450329	4.0908
2.214503938	4.0625
2.213558355	4.0803
2.212613579	4.0857
2.211669609	4.0942
2.210726445	4.1055
2.209784084	4.0713
2.208842527	4.0737
2.207901771	4.0776
2.206961817	4.0862
2.206022662	4.0608
2.205084307	4.0107
2.204146749	4.0234
2.203209989	4.0781
2.202274024	4.092
2.201338854	4.0945
2.200404963	4.083
2.199471379	4.0664
2.198538587	4.0703
2.197606587	4.0947
2.196675376	4.1045
2.195744954	4.0815
2.194815319	4.0771
2.193886472	4.1169
2.192958411	4.1069
2.192031134	4.0683
2.191104641	4.0808
2.190178931	4.115
2.189254003	4.102
2.188329856	4.0718
2.187406488	4.0586
2.1864839	4.0303
2.185562567	4.0493
2.184641533	4.0933
2.183721275	4.0954
2.182801792	4.0674
2.181883083	4.0527
2.180965147	4.0547
2.180047983	4.0466
2.17913159	4.0391
2.178215967	4.0527
2.177301113	4.0469
2.176387028	4.0637
2.175473709	4.0996
2.174561157	4.0735
2.17364937	4.064
2.172738348	4.0698
2.171828089	4.0923
2.170918592	4.0659
2.170009856	4.0332
2.169101881	4.0278
2.168194666	4.06
2.167288209	4.0859
2.166382509	4.063
2.165477567	4.0298
2.16457338	4.0649
2.163670416	4.0986
2.162767737	4.0869
2.161865811	4.0474
2.160964637	4.0405
2.160064214	4.052
2.159164542	4.085
2.158265618	4.1011
2.157367442	4.0781
2.156470014	4.0176
2.155573332	4.0063
2.154677395	4.0686
2.153782203	4.0823
2.152887754	4.0273
2.151994048	4.0332
2.151101084	4.0644
2.150208861	4.0539
2.149317377	4.0488
2.148426632	4.0664
2.147536625	4.0762
2.146647355	4.0557
2.145758822	4.0727
2.144871024	4.0869
2.14398396	4.0762
2.143097629	4.0654
2.14221249	4.0815
2.141327623	4.1157
2.140443487	4.1001
2.139560081	4.0649
2.138677403	4.0683
2.137795454	4.0766
2.136914232	4.085
2.136033736	4.043
2.135153965	4.0308
2.134274919	4.0642
2.133396596	4.0713
2.132518995	4.0847
2.131642117	4.0869
2.130765959	4.0542
2.129890521	4.0386
2.129015803	4.0517
2.128141802	4.082
2.127268519	4.0818
2.126395952	4.0703
2.125524101	4.0522
2.124652964	4.06
2.123782542	4.0889
2.122912832	4.0859
2.122043834	4.063
2.121175997	4.0696
2.12030842	4.0647
2.119441553	4.0571
2.118575394	4.0898
2.117709942	4.0972
2.116845198	4.0801
2.115981159	4.0786
2.115117826	4.0898
2.114255197	4.0815
2.113393271	4.0701
2.112532047	4.0947
2.111671525	4.0635
2.110811704	4.0474
2.109952583	4.0705
2.109094161	4.0747
2.108236437	4.0781
2.107379855	4.0503
2.106523524	4.0437
2.105667889	4.063
2.104812949	4.0742
2.103958703	4.1089
2.103105151	4.125
2.10225229	4.0986
2.101400121	4.0845
2.100548642	4.103
2.099697853	4.0923
2.098847754	4.1101
2.097998342	4.1387
2.097149617	4.103
2.096301579	4.1025
2.095454226	4.1201
2.094607559	4.0913
2.093761575	4.081
2.092916274	4.0991
2.092071655	4.1455
2.091227718	4.1567
2.090384461	4.1179
2.089541885	4.0664
2.088699987	4.0625
2.087858767	4.0962
2.08701866	4.1201
2.086178794	4.125
2.085339604	4.1059
2.084501088	4.0913
2.083663247	4.1069
2.082826078	4.0967
2.081989583	4.0896
2.081153758	4.0854
2.080318605	4.0742
2.079484122	4.081
