Name: Alluvial sand
Type:  Soils
Class: Entisol
Subclass: 
Particle Size:  see additional information
Sample No.: fgg027
Owner:  University of NSW
Wavelength range:  All
Origin: Fowlers Gap, western New South Wales, Australia
Hewson(1998) PhD thesis 
Description: Parent material consists of quartz-rich sandstone 

Physiography: Floodplain outwash along ephemeral watercourse.



Measurement: Directional hemispherical reflectance 
First Column:  X
Second Column:  Y
X Units:  Wavelength (micrometers)
Y Units:  Reflectance (percent)
First X Value:  14.0131
Last X Value:  2.00032
Number of X Values:  2223
Additional information:  fgg027a.txt
	
14.0131	2.27764
13.9753	2.33842
13.9377	2.44449
13.9004	2.36782
13.8632	2.37128
13.8262	2.53736
13.7895	2.64819
13.7529	2.71913
13.7165	2.63291
13.6803	2.56594
13.6443	2.80331
13.6085	3.07261
13.5729	3.13224
13.5374	2.91463
13.5022	2.89966
13.4671	3.06207
13.4322	3.16618
13.3975	3.18051
13.3630	3.18857
13.3286	3.35486
13.2944	3.46424
13.2604	3.49649
13.2266	3.58710
13.1930	3.59608
13.1595	3.57028
13.1262	3.78567
13.0930	4.10602
13.0600	4.35857
13.0272	4.40321
12.9946	4.60436
12.9621	5.05755
12.9298	5.57313
12.8976	6.02412
12.8656	6.40838
12.8337	6.65937
12.8021	6.66508
12.7705	6.61020
12.7391	6.27315
12.7079	5.46571
12.6769	4.69764
12.6459	4.28176
12.6152	4.44485
12.5845	4.98012
12.5541	5.34331
12.5238	5.47014
12.4936	5.34778
12.4635	5.03432
12.4337	4.50187
12.4039	3.48953
12.3743	2.25960
12.3448	1.62147
12.3155	1.33804
12.2863	1.16022
12.2573	1.21502
12.2284	1.40052
12.1996	1.74035
12.1710	1.79047
12.1425	1.70523
12.1141	1.77069
12.0859	1.86024
12.0578	1.95499
12.0298	2.08001
12.0019	2.14314
11.9742	2.15007
11.9466	2.12051
11.9192	2.35053
11.8918	2.46746
11.8646	2.36402
11.8375	2.27701
11.8106	2.40424
11.7837	2.51550
11.7570	2.51819
11.7304	2.59380
11.7039	2.70936
11.6776	2.79409
11.6513	2.80124
11.6252	2.76639
11.5992	2.82220
11.5733	2.89077
11.5475	2.95774
11.5219	3.11344
11.4963	3.31279
11.4709	3.36580
11.4455	3.28822
11.4203	3.27023
11.3952	3.26372
11.3702	3.36655
11.3454	3.42129
11.3206	3.38465
11.2959	3.48575
11.2714	3.60437
11.2469	3.71493
11.2226	3.68738
11.1983	3.65901
11.1742	3.68832
11.1502	3.79756
11.1263	3.98129
11.1024	4.03207
11.0787	3.97837
11.0551	3.98984
11.0316	4.13673
11.0081	4.36296
10.9848	4.51543
10.9616	4.55513
10.9385	4.54159
10.9154	4.42489
10.8925	4.31838
10.8697	4.26723
10.8469	4.13756
10.8243	4.00207
10.8017	4.06539
10.7793	4.06819
10.7569	4.15334
10.7346	4.29273
10.7125	4.32685
10.6904	4.32518
10.6684	4.24974
10.6465	4.33830
10.6247	4.47886
10.6029	4.48711
10.5813	4.53645
10.5597	4.53667
10.5383	4.50253
10.5169	4.49788
10.4956	4.56820
10.4744	4.65516
10.4533	4.70765
10.4323	4.78624
10.4113	4.89883
10.3904	5.08587
10.3697	5.23207
10.3490	5.30074
10.3284	5.39334
10.3078	5.40627
10.2874	5.53481
10.2670	5.75985
10.2467	5.96741
10.2265	6.17438
10.2064	6.34780
10.1863	6.45742
10.1663	6.65832
10.1464	7.00811
10.1266	7.31028
10.1069	7.43816
10.0872	7.53812
10.0676	7.72074
10.0481	7.91009
10.0287	8.24457
10.0093	8.56262
9.9901	8.85782
9.9708	9.13357
9.9517	9.42453
9.9326	9.65683
9.9136	9.71933
9.8947	9.79524
9.8759	9.83285
9.8571	9.93856
9.8384	10.04770
9.8198	10.12490
9.8012	10.39890
9.7827	10.76330
9.7643	10.99670
9.7459	11.31610
9.7276	11.74440
9.7094	12.11470
9.6913	12.51930
9.6732	12.88210
9.6552	13.12500
9.6372	13.36690
9.6194	13.72380
9.6016	13.92640
9.5838	14.25490
9.5661	14.75910
9.5485	15.06820
9.5309	15.30720
9.5135	15.71110
9.4960	16.30500
9.4787	16.90310
9.4614	17.57360
9.4441	18.35520
9.4270	19.10330
9.4099	19.99540
9.3928	21.20570
9.3758	22.45540
9.3589	23.55670
9.3420	24.51940
9.3252	25.32300
9.3085	25.77860
9.2918	26.07710
9.2752	26.45740
9.2586	26.63170
9.2421	26.42710
9.2257	26.33490
9.2093	26.26410
9.1930	26.15050
9.1767	26.10080
9.1605	26.02640
9.1443	26.01620
9.1282	25.84470
9.1122	25.62880
9.0962	25.52610
9.0803	25.37460
9.0644	25.05600
9.0486	24.75190
9.0328	24.38000
9.0171	24.12730
9.0015	23.92150
8.9859	23.93300
8.9703	24.02840
8.9548	24.06920
8.9394	24.34270
8.9240	24.74460
8.9087	25.07040
8.8934	25.23130
8.8781	25.35170
8.8630	25.35020
8.8478	25.19540
8.8328	25.06900
8.8177	24.89380
8.8028	24.68330
8.7879	24.54550
8.7730	24.35320
8.7582	24.08100
8.7434	23.78600
8.7287	23.55290
8.7140	23.21390
8.6994	22.73010
8.6848	21.99390
8.6703	20.95700
8.6558	19.52620
8.6414	18.00380
8.6270	17.38860
8.6127	18.13920
8.5984	19.76940
8.5842	21.44060
8.5700	22.54820
8.5558	23.17040
8.5417	23.70480
8.5277	24.04510
8.5137	24.34910
8.4997	24.53310
8.4858	24.70730
8.4720	24.94510
8.4581	25.05600
8.4444	25.15860
8.4306	25.40750
8.4169	25.64600
8.4033	25.86460
8.3897	26.10690
8.3761	26.35600
8.3626	26.56390
8.3492	26.79410
8.3357	27.13560
8.3224	27.40960
8.3090	27.65000
8.2957	27.93310
8.2825	28.10310
8.2693	28.35030
8.2561	28.55770
8.2430	28.74770
8.2299	28.81980
8.2169	28.69860
8.2039	28.48220
8.1909	28.11270
8.1780	27.59320
8.1651	26.84860
8.1523	25.73660
8.1395	24.42920
8.1267	23.00190
8.1140	21.52840
8.1013	19.97930
8.0887	18.63880
8.0761	17.42250
8.0635	16.17730
8.0510	15.05120
8.0385	14.04340
8.0261	13.07010
8.0137	12.24860
8.0013	11.43610
7.9890	10.55810
7.9767	9.70749
7.9644	9.02346
7.9522	8.31907
7.9400	7.47138
7.9279	6.76342
7.9158	6.23112
7.9037	5.61769
7.8917	5.10839
7.8797	4.69022
7.8677	4.33736
7.8558	4.01922
7.8439	3.67252
7.8321	3.43244
7.8203	3.24913
7.8085	3.06116
7.7967	2.86475
7.7850	2.74834
7.7734	2.66635
7.7617	2.51187
7.7501	2.38863
7.7386	2.25174
7.7270	2.11934
7.7155	1.94425
7.7041	1.83141
7.6926	1.75625
7.6812	1.59420
7.6699	1.51268
7.6586	1.51827
7.6473	1.47530
7.6360	1.29223
7.6248	1.23345
7.6136	1.23762
7.6024	1.14753
7.5913	1.12745
7.5802	1.11280
7.5691	1.05574
7.5581	0.91096
7.5471	0.78876
7.5361	0.77891
7.5252	0.86546
7.5143	0.91479
7.5034	0.93506
7.4925	0.94736
7.4817	0.85572
7.4709	0.74634
7.4602	0.75908
7.4495	0.84068
7.4388	0.85637
7.4281	0.75632
7.4175	0.66977
7.4069	0.67007
7.3963	0.68853
7.3858	0.69385
7.3753	0.69292
7.3648	0.67059
7.3544	0.66375
7.3440	0.62512
7.3336	0.63284
7.3232	0.66448
7.3129	0.69142
7.3026	0.68099
7.2923	0.69902
7.2821	0.72080
7.2719	0.68487
7.2617	0.64576
7.2515	0.67293
7.2414	0.69789
7.2313	0.69846
7.2212	0.66008
7.2112	0.70457
7.2012	0.81846
7.1912	0.77275
7.1812	0.75250
7.1713	0.70531
7.1614	0.53160
7.1515	0.50452
7.1416	0.62627
7.1318	0.72927
7.1220	0.82991
7.1123	0.84442
7.1025	0.77492
7.0928	0.70346
7.0831	0.61582
7.0734	0.61973
7.0638	0.67865
7.0542	0.75298
7.0446	0.78835
7.0351	0.82167
7.0255	0.83502
7.0160	0.82909
7.0065	0.83965
6.9971	0.85831
6.9877	0.87305
6.9782	0.82270
6.9689	0.79781
6.9595	0.81065
6.9502	0.82856
6.9409	0.84950
6.9316	0.87157
6.9223	0.85620
6.9131	0.82602
6.9039	0.82395
6.8947	0.93655
6.8856	0.92330
6.8764	0.79166
6.8673	0.82690
6.8582	0.87740
6.8492	0.89155
6.8402	0.91530
6.8311	0.86757
6.8222	0.84299
6.8132	0.83102
6.8042	0.73666
6.7953	0.74701
6.7864	0.80664
6.7776	0.86050
6.7687	0.81672
6.7599	0.82767
6.7511	0.85444
6.7423	0.79791
6.7336	0.82415
6.7248	0.92436
6.7161	0.88817
6.7074	0.77412
6.6988	0.78665
6.6901	0.84847
6.6815	0.92471
6.6729	1.00692
6.6643	1.01546
6.6558	0.93345
6.6472	0.84365
6.6387	0.82784
6.6302	0.84540
6.6218	0.89667
6.6133	0.87855
6.6049	0.81491
6.5965	0.90135
6.5881	0.94397
6.5797	0.98435
6.5714	0.97893
6.5631	0.96449
6.5548	1.03953
6.5465	1.04297
6.5383	0.99034
6.5300	1.02967
6.5218	0.96336
6.5136	0.90881
6.5054	0.99398
6.4973	1.11364
6.4892	1.20607
6.4810	1.26555
6.4730	1.27152
6.4649	1.29985
6.4568	1.27841
6.4488	1.26518
6.4408	1.31217
6.4328	1.35780
6.4248	1.32560
6.4169	1.29325
6.4089	1.32569
6.4010	1.29680
6.3931	1.25586
6.3853	1.20477
6.3774	1.16525
6.3696	1.11857
6.3618	1.13335
6.3540	1.17601
6.3462	1.11048
6.3384	1.08884
6.3307	1.10913
6.3230	1.13077
6.3153	1.13162
6.3076	1.07059
6.2999	1.02042
6.2923	1.03080
6.2847	1.11049
6.2770	1.12848
6.2695	1.08892
6.2619	1.13318
6.2543	1.12839
6.2468	1.06572
6.2393	1.04887
6.2318	1.05390
6.2243	1.05259
6.2168	1.03786
6.2094	0.97911
6.2020	0.97319
6.1945	1.00985
6.1872	0.96856
6.1798	0.96720
6.1724	1.00177
6.1651	0.99245
6.1578	0.95042
6.1505	0.93801
6.1432	0.92809
6.1359	0.98240
6.1286	1.06849
6.1214	1.13852
6.1142	1.08990
6.1070	1.03815
6.0998	1.03014
6.0926	0.98777
6.0855	0.98493
6.0784	1.06919
6.0712	1.12710
6.0641	1.07792
6.0571	1.09299
6.0500	1.19398
6.0429	1.18803
6.0359	1.06564
6.0289	1.06892
6.0219	1.11238
6.0149	1.10017
6.0079	1.09750
6.0010	1.09911
5.9940	1.08074
5.9871	1.02227
5.9802	1.01212
5.9733	1.02053
5.9664	1.03755
5.9596	1.07699
5.9527	1.15270
5.9459	1.18517
5.9391	1.14785
5.9323	1.08091
5.9255	1.04443
5.9188	1.00136
5.9120	1.01086
5.9053	1.03671
5.8986	1.13888
5.8919	1.20734
5.8852	1.20084
5.8785	1.18203
5.8718	1.20260
5.8652	1.30626
5.8586	1.40031
5.8520	1.43872
5.8454	1.49055
5.8388	1.51602
5.8322	1.59036
5.8257	1.65032
5.8191	1.61806
5.8126	1.62135
5.8061	1.62663
5.7996	1.71120
5.7931	1.84048
5.7867	1.89194
5.7802	1.91581
5.7738	2.04897
5.7673	2.16161
5.7609	2.09330
5.7545	2.07147
5.7482	2.16730
5.7418	2.21594
5.7354	2.25607
5.7291	2.30881
5.7228	2.31884
5.7165	2.33907
5.7102	2.33743
5.7039	2.38465
5.6976	2.37053
5.6914	2.22078
5.6851	2.13526
5.6789	2.05831
5.6727	1.97417
5.6665	1.90396
5.6603	1.86439
5.6541	1.77113
5.6480	1.67008
5.6418	1.59163
5.6357	1.49509
5.6296	1.40768
5.6235	1.38005
5.6174	1.44028
5.6113	1.45212
5.6052	1.45708
5.5992	1.47320
5.5931	1.42857
5.5871	1.38154
5.5811	1.36059
5.5751	1.40413
5.5691	1.45424
5.5631	1.43560
5.5572	1.43676
5.5512	1.51694
5.5453	1.44269
5.5394	1.40485
5.5334	1.49860
5.5275	1.57782
5.5217	1.62312
5.5158	1.64244
5.5099	1.61172
5.5041	1.56459
5.4982	1.58140
5.4924	1.63410
5.4866	1.69038
5.4808	1.81770
5.4750	1.87216
5.4692	1.81965
5.4635	1.76362
5.4577	1.81670
5.4520	1.85263
5.4463	1.78309
5.4405	1.75141
5.4348	1.78689
5.4291	1.74311
5.4235	1.68937
5.4178	1.67007
5.4121	1.62702
5.4065	1.58745
5.4009	1.54884
5.3953	1.49618
5.3896	1.41151
5.3840	1.39634
5.3785	1.43364
5.3729	1.41738
5.3673	1.34514
5.3618	1.35883
5.3562	1.44622
5.3507	1.46909
5.3452	1.44632
5.3397	1.50258
5.3342	1.43618
5.3287	1.31988
5.3232	1.37007
5.3178	1.41574
5.3123	1.37201
5.3069	1.34342
5.3015	1.45096
5.2961	1.59160
5.2907	1.52856
5.2853	1.46802
5.2799	1.49161
5.2745	1.50959
5.2691	1.49458
5.2638	1.48717
5.2585	1.53457
5.2531	1.52425
5.2478	1.48792
5.2425	1.56535
5.2372	1.68004
5.2319	1.75797
5.2267	1.74331
5.2214	1.75228
5.2161	1.84029
5.2109	1.94613
5.2057	1.90436
5.2004	1.92477
5.1952	1.93790
5.1900	1.91544
5.1848	1.93966
5.1797	1.95289
5.1745	1.99858
5.1693	1.95045
5.1642	1.90563
5.1590	1.95975
5.1539	1.96471
5.1488	1.94589
5.1437	1.90950
5.1386	1.88966
5.1335	1.94849
5.1284	1.95682
5.1234	1.86844
5.1183	1.81134
5.1133	1.90941
5.1082	1.98463
5.1032	1.96154
5.0982	1.96713
5.0932	1.91250
5.0882	1.81999
5.0832	1.80948
5.0782	1.83598
5.0732	1.85133
5.0683	1.87673
5.0633	1.86983
5.0584	1.83638
5.0534	1.79965
5.0485	1.80129
5.0436	1.82325
5.0387	1.85612
5.0338	1.89263
5.0289	1.87205
5.0241	1.84965
5.0192	1.83798
5.0144	1.77627
5.0095	1.74634
5.0047	1.85099
4.9998	1.87513
4.9950	1.84586
4.9902	1.88408
4.9854	1.95491
4.9806	1.95211
4.9759	1.95270
4.9711	2.01867
4.9663	2.12683
4.9616	2.13040
4.9568	2.24760
4.9521	2.36843
4.9474	2.32287
4.9426	2.37494
4.9379	2.49164
4.9332	2.57486
4.9286	2.71560
4.9239	2.87951
4.9192	2.96893
4.9145	3.11504
4.9099	3.33109
4.9052	3.70122
4.9006	4.12767
4.8960	4.67665
4.8914	5.22852
4.8867	5.82603
4.8821	6.43032
4.8776	7.03187
4.8730	7.68020
4.8684	8.14266
4.8638	8.59624
4.8593	9.16179
4.8547	9.69103
4.8502	10.13510
4.8456	10.60690
4.8411	11.00770
4.8366	11.35160
4.8321	11.82510
4.8276	12.24780
4.8231	12.47860
4.8186	12.78080
4.8142	13.04670
4.8097	13.37520
4.8052	13.74620
4.8008	14.03950
4.7963	14.35650
4.7919	14.67090
4.7875	14.93040
4.7831	15.13350
4.7787	15.33630
4.7743	15.62670
4.7699	15.92830
4.7655	16.20480
4.7611	16.43220
4.7567	16.62850
4.7524	16.81110
4.7480	16.92960
4.7437	17.05910
4.7393	17.17580
4.7350	17.30660
4.7307	17.42100
4.7264	17.44050
4.7221	17.39050
4.7178	17.34870
4.7135	17.17030
4.7092	16.84880
4.7049	16.46180
4.7007	16.03400
4.6964	15.49280
4.6922	14.89530
4.6879	14.47730
4.6837	14.27420
4.6795	14.34070
4.6752	14.62410
4.6710	15.09830
4.6668	15.63320
4.6626	16.19960
4.6584	16.70450
4.6543	17.19670
4.6501	17.73540
4.6459	18.29450
4.6418	18.88540
4.6376	19.49260
4.6335	19.92480
4.6293	20.31700
4.6252	20.67750
4.6211	21.02800
4.6170	21.39500
4.6128	21.58110
4.6087	21.79090
4.6047	22.05620
4.6006	22.27360
4.5965	22.42770
4.5924	22.47900
4.5884	22.59290
4.5843	22.70730
4.5802	22.70670
4.5762	22.59650
4.5722	22.56200
4.5681	22.54770
4.5641	22.36080
4.5601	22.10820
4.5561	21.87720
4.5521	21.59050
4.5481	21.25970
4.5441	20.82150
4.5401	20.29510
4.5362	19.64030
4.5322	19.04460
4.5282	18.43340
4.5243	17.78890
4.5203	17.09460
4.5164	16.35530
4.5125	15.63710
4.5086	14.91840
4.5046	14.26740
4.5007	13.70730
4.4968	13.20950
4.4929	12.90990
4.4890	12.73280
4.4852	12.54750
4.4813	12.36810
4.4774	12.25780
4.4735	12.11980
4.4697	12.01500
4.4658	11.99310
4.4620	12.12700
4.4582	12.36050
4.4543	12.66440
4.4505	12.97340
4.4467	13.28030
4.4429	13.51080
4.4391	13.66500
4.4353	13.76540
4.4315	13.90890
4.4277	14.20040
4.4239	14.55160
4.4202	14.79990
4.4164	15.08220
4.4126	15.41540
4.4089	15.74610
4.4051	16.00830
4.4014	16.43080
4.3977	16.88550
4.3939	17.23550
4.3902	17.62330
4.3865	18.08760
4.3828	18.54230
4.3791	19.01230
4.3754	19.49200
4.3717	20.01150
4.3680	20.50230
4.3643	20.95100
4.3607	21.34780
4.3570	21.80350
4.3534	22.19680
4.3497	22.47060
4.3461	22.70450
4.3424	22.98790
4.3388	23.28340
4.3351	23.42590
4.3315	23.51870
4.3279	23.61310
4.3243	23.72890
4.3207	23.78090
4.3171	23.71300
4.3135	23.61240
4.3099	23.51170
4.3063	23.45460
4.3028	23.31220
4.2992	23.19540
4.2956	23.21320
4.2921	23.22610
4.2885	23.25850
4.2850	23.25450
4.2815	23.24610
4.2779	23.32710
4.2744	23.46330
4.2709	23.65770
4.2674	23.89650
4.2638	24.11590
4.2603	24.35010
4.2568	24.59570
4.2534	24.77600
4.2499	24.86440
4.2464	24.95270
4.2429	24.95610
4.2394	24.92320
4.2360	24.97610
4.2325	25.04480
4.2291	25.09000
4.2256	25.25020
4.2222	25.33540
4.2187	25.28040
4.2153	25.30270
4.2119	25.38820
4.2085	25.44370
4.2051	25.42920
4.2017	25.37850
4.1983	25.35430
4.1949	25.39310
4.1915	25.59350
4.1881	25.82120
4.1847	26.02360
4.1813	26.23250
4.1780	26.48620
4.1746	26.68890
4.1712	26.76240
4.1679	26.91170
4.1645	27.12540
4.1612	27.26060
4.1579	27.44990
4.1545	27.59190
4.1512	27.69210
4.1479	27.88290
4.1446	28.07340
4.1412	28.16780
4.1379	28.33500
4.1346	28.55740
4.1313	28.75610
4.1281	28.97010
4.1248	29.17360
4.1215	29.35730
4.1182	29.56420
4.1150	29.77980
4.1117	29.99000
4.1084	30.22410
4.1052	30.48560
4.1019	30.67570
4.0987	30.88150
4.0955	31.13730
4.0922	31.35260
4.0890	31.55600
4.0858	31.72550
4.0826	31.94270
4.0793	32.11520
4.0761	32.21900
4.0729	32.33210
4.0697	32.43230
4.0665	32.58980
4.0634	32.70540
4.0602	32.73250
4.0570	32.81200
4.0538	32.84010
4.0507	32.81370
4.0475	32.79900
4.0443	32.73980
4.0412	32.71050
4.0380	32.73170
4.0349	32.76540
4.0318	32.80150
4.0286	32.74870
4.0255	32.64770
4.0224	32.55820
4.0193	32.56740
4.0161	32.59870
4.0130	32.61720
4.0099	32.58850
4.0068	32.64220
4.0037	32.67330
4.0006	32.72090
3.9976	32.77830
3.9945	32.82840
3.9914	32.91850
3.9883	32.94850
3.9853	32.98290
3.9822	33.07620
3.9792	33.21040
3.9761	33.38360
3.9731	33.52990
3.9700	33.58630
3.9670	33.67980
3.9639	33.83660
3.9609	34.02890
3.9579	34.26010
3.9549	34.39350
3.9519	34.50820
3.9489	34.71850
3.9458	34.90280
3.9428	34.96160
3.9398	34.99680
3.9369	35.06140
3.9339	35.11970
3.9309	35.25130
3.9279	35.33180
3.9249	35.32850
3.9220	35.38140
3.9190	35.36890
3.9160	35.34080
3.9131	35.35620
3.9101	35.29830
3.9072	35.22500
3.9042	35.25210
3.9013	35.27490
3.8984	35.09380
3.8954	34.84480
3.8925	34.71260
3.8896	34.67690
3.8867	34.63700
3.8838	34.51420
3.8809	34.33160
3.8780	34.20350
3.8751	34.05690
3.8722	33.95620
3.8693	33.79360
3.8664	33.68200
3.8635	33.65810
3.8606	33.63680
3.8578	33.55500
3.8549	33.51620
3.8520	33.53770
3.8492	33.60600
3.8463	33.64260
3.8435	33.56800
3.8406	33.52400
3.8378	33.55080
3.8349	33.54900
3.8321	33.58970
3.8293	33.70100
3.8264	33.75590
3.8236	33.67740
3.8208	33.67000
3.8180	33.79450
3.8152	33.85070
3.8124	33.81370
3.8096	33.78560
3.8068	33.80000
3.8040	33.77880
3.8012	33.71140
3.7984	33.69440
3.7956	33.63330
3.7929	33.47660
3.7901	33.35280
3.7873	33.36150
3.7846	33.35430
3.7818	33.25050
3.7790	33.15950
3.7763	33.02930
3.7735	32.89870
3.7708	32.68170
3.7681	32.49680
3.7653	32.43240
3.7626	32.27510
3.7599	32.11400
3.7571	32.02400
3.7544	31.90990
3.7517	31.72320
3.7490	31.65520
3.7463	31.56460
3.7436	31.54370
3.7409	31.55710
3.7382	31.47160
3.7355	31.37110
3.7328	31.34180
3.7301	31.38810
3.7274	31.46960
3.7247	31.46200
3.7221	31.34930
3.7194	31.38420
3.7167	31.57280
3.7141	31.66390
3.7114	31.65210
3.7088	31.68610
3.7061	31.80660
3.7035	31.86650
3.7008	31.90020
3.6982	31.99820
3.6955	32.08540
3.6929	32.09180
3.6903	32.11660
3.6877	32.22200
3.6850	32.32410
3.6824	32.39500
3.6798	32.50960
3.6772	32.53650
3.6746	32.48670
3.6720	32.51360
3.6694	32.63480
3.6668	32.66580
3.6642	32.60770
3.6616	32.56390
3.6590	32.56870
3.6564	32.59410
3.6539	32.56160
3.6513	32.55600
3.6487	32.47880
3.6462	32.43130
3.6436	32.38240
3.6410	32.26660
3.6385	32.11200
3.6359	32.09470
3.6334	31.97780
3.6308	31.92940
3.6283	31.95740
3.6258	31.94260
3.6232	31.83470
3.6207	31.68090
3.6182	31.58200
3.6156	31.46400
3.6131	31.36160
3.6106	31.29670
3.6081	31.22680
3.6056	31.15470
3.6031	31.04870
3.6006	30.92160
3.5981	30.86550
3.5956	30.86550
3.5931	30.77750
3.5906	30.64850
3.5881	30.50760
3.5856	30.39970
3.5832	30.37100
3.5807	30.34720
3.5782	30.23930
3.5758	30.10100
3.5733	30.06340
3.5708	29.99270
3.5684	29.89020
3.5659	29.82090
3.5635	29.77100
3.5610	29.72480
3.5586	29.61190
3.5561	29.48660
3.5537	29.39450
3.5513	29.30240
3.5488	29.18750
3.5464	29.16090
3.5440	29.08870
3.5416	28.98680
3.5391	28.90010
3.5367	28.89640
3.5343	28.84770
3.5319	28.68840
3.5295	28.48650
3.5271	28.35170
3.5247	28.24770
3.5223	28.10810
3.5199	27.89790
3.5175	27.71870
3.5151	27.51950
3.5128	27.30200
3.5104	27.19680
3.5080	26.95630
3.5056	26.81420
3.5033	26.77790
3.5009	26.68140
3.4985	26.62640
3.4962	26.60990
3.4938	26.60660
3.4915	26.60190
3.4891	26.63770
3.4868	26.59000
3.4844	26.38140
3.4821	26.16930
3.4798	26.04330
3.4774	25.98370
3.4751	25.90710
3.4728	25.87070
3.4704	25.90650
3.4681	25.85320
3.4658	25.65100
3.4635	25.46560
3.4612	25.36640
3.4589	25.17410
3.4566	24.99290
3.4543	24.91470
3.4520	24.87220
3.4497	24.72460
3.4474	24.56100
3.4451	24.45610
3.4428	24.27510
3.4405	24.10180
3.4382	23.95940
3.4359	23.82690
3.4337	23.65370
3.4314	23.39840
3.4291	23.17740
3.4269	22.94270
3.4246	22.63790
3.4223	22.36050
3.4201	22.27440
3.4178	22.19520
3.4156	22.08740
3.4133	22.01360
3.4111	21.89830
3.4088	21.75860
3.4066	21.62810
3.4044	21.60070
3.4021	21.58270
3.3999	21.53620
3.3977	21.59660
3.3954	21.53320
3.3932	21.35960
3.3910	21.21660
3.3888	21.12100
3.3866	21.02960
3.3844	20.90710
3.3822	20.75850
3.3799	20.60200
3.3777	20.52470
3.3755	20.47510
3.3734	20.40220
3.3712	20.25530
3.3690	20.11500
3.3668	20.10990
3.3646	20.10020
3.3624	19.98190
3.3602	19.72930
3.3581	19.58980
3.3559	19.57150
3.3537	19.50000
3.3515	19.33260
3.3494	19.23870
3.3472	19.21550
3.3451	19.11080
3.3429	18.93690
3.3407	18.84010
3.3386	18.70350
3.3364	18.58200
3.3343	18.46740
3.3322	18.32420
3.3300	18.19420
3.3279	17.90420
3.3257	17.78780
3.3236	17.79950
3.3215	17.71040
3.3194	17.56800
3.3172	17.43420
3.3151	17.28010
3.3130	17.11650
3.3109	17.00470
3.3088	16.88550
3.3067	16.76350
3.3046	16.70250
3.3024	16.57560
3.3003	16.46320
3.2982	16.40290
3.2961	16.21600
3.2941	16.08250
3.2920	15.97540
3.2899	15.92840
3.2878	15.79840
3.2857	15.64810
3.2836	15.52890
3.2815	15.42730
3.2795	15.29700
3.2774	15.17530
3.2753	15.09260
3.2733	14.86770
3.2712	14.74080
3.2691	14.73330
3.2671	14.68350
3.2650	14.57800
3.2630	14.42780
3.2609	14.26940
3.2589	14.11190
3.2568	13.97820
3.2548	13.83900
3.2527	13.81440
3.2507	13.79980
3.2486	13.66690
3.2466	13.49670
3.2446	13.36940
3.2426	13.28390
3.2405	13.18180
3.2385	13.10260
3.2365	12.98600
3.2345	12.88300
3.2324	12.74160
3.2304	12.66210
3.2284	12.65770
3.2264	12.49050
3.2244	12.26130
3.2224	12.19480
3.2204	12.21130
3.2184	12.13950
3.2164	12.02220
3.2144	11.86140
3.2124	11.66280
3.2104	11.58780
3.2084	11.52950
3.2065	11.48940
3.2045	11.35070
3.2025	11.26810
3.2005	11.24210
3.1985	11.13250
3.1966	11.04060
3.1946	10.96090
3.1926	10.87150
3.1907	10.72010
3.1887	10.64400
3.1867	10.61230
3.1848	10.58330
3.1828	10.46700
3.1809	10.33350
3.1789	10.23140
3.1770	10.14840
3.1750	10.05480
3.1731	9.90821
3.1712	9.80136
3.1692	9.75033
3.1673	9.73566
3.1653	9.74539
3.1634	9.69171
3.1615	9.56039
3.1596	9.42134
3.1576	9.34183
3.1557	9.24865
3.1538	9.14917
3.1519	9.13075
3.1500	9.06923
3.1481	8.78281
3.1461	8.65932
3.1442	8.69527
3.1423	8.69927
3.1404	8.66055
3.1385	8.65665
3.1366	8.64878
3.1347	8.55224
3.1328	8.37495
3.1309	8.20779
3.1291	8.14959
3.1272	8.16292
3.1253	8.09266
3.1234	8.06145
3.1215	7.99242
3.1196	7.89601
3.1178	7.90304
3.1159	7.88912
3.1140	7.79242
3.1121	7.72881
3.1103	7.69628
3.1084	7.72112
3.1066	7.64932
3.1047	7.53770
3.1028	7.48661
3.1010	7.42394
3.0991	7.29621
3.0973	7.36912
3.0954	7.38398
3.0936	7.28465
3.0917	7.20980
3.0899	7.28271
3.0881	7.25640
3.0862	7.11284
3.0844	7.09013
3.0825	7.06165
3.0807	7.07670
3.0789	7.05305
3.0771	6.99121
3.0752	7.03099
3.0734	7.05713
3.0716	7.00924
3.0698	7.02496
3.0680	6.98119
3.0661	6.84402
3.0643	6.82001
3.0625	6.93849
3.0607	6.96816
3.0589	6.86319
3.0571	6.75680
3.0553	6.69119
3.0535	6.66619
3.0517	6.62719
3.0499	6.59815
3.0481	6.64136
3.0463	6.65793
3.0445	6.64247
3.0427	6.61543
3.0410	6.47812
3.0392	6.40877
3.0374	6.47615
3.0356	6.53211
3.0338	6.47464
3.0321	6.29992
3.0303	6.24673
3.0285	6.28229
3.0268	6.28583
3.0250	6.34374
3.0232	6.32586
3.0215	6.25001
3.0197	6.24934
3.0180	6.32488
3.0162	6.12675
3.0144	6.03126
3.0127	6.08996
3.0109	6.13382
3.0092	6.16294
3.0074	6.08102
3.0057	6.06172
3.0040	5.99931
3.0022	5.96379
3.0005	5.98094
2.9988	5.86343
2.9970	5.78193
2.9953	5.77652
2.9936	5.75599
2.9918	5.84895
2.9901	5.90369
2.9884	5.80391
2.9867	5.68295
2.9849	5.77223
2.9832	5.86001
2.9815	5.72091
2.9798	5.63229
2.9781	5.71179
2.9764	5.67586
2.9747	5.53177
2.9730	5.42189
2.9713	5.38374
2.9696	5.41457
2.9679	5.36209
2.9662	5.30473
2.9645	5.27162
2.9628	5.25001
2.9611	5.19270
2.9594	5.07946
2.9577	5.07449
2.9560	5.12680
2.9543	5.13162
2.9526	5.10249
2.9510	5.15594
2.9493	5.28685
2.9476	5.33442
2.9459	5.31823
2.9443	5.26229
2.9426	5.36225
2.9409	5.50754
2.9393	5.42876
2.9376	5.30840
2.9359	5.39816
2.9343	5.53226
2.9326	5.40522
2.9309	5.23927
2.9293	5.28886
2.9276	5.41160
2.9260	5.43301
2.9243	5.34280
2.9227	5.28581
2.9210	5.23223
2.9194	5.29623
2.9178	5.36073
2.9161	5.31568
2.9145	5.21995
2.9128	5.24604
2.9112	5.23363
2.9096	5.24706
2.9079	5.29995
2.9063	5.36468
2.9047	5.43631
2.9030	5.40356
2.9014	5.31121
2.8998	5.37808
2.8982	5.52022
2.8966	5.55655
2.8949	5.68806
2.8933	5.67813
2.8917	5.80029
2.8901	5.83178
2.8885	5.74964
2.8869	5.69065
2.8853	5.69656
2.8837	5.68273
2.8821	5.71527
2.8805	5.62960
2.8789	5.60376
2.8773	5.67509
2.8757	5.62020
2.8741	5.63843
2.8725	5.66895
2.8709	5.70767
2.8693	5.87585
2.8677	5.93391
2.8661	5.92510
2.8646	6.02075
2.8630	6.09290
2.8614	5.85864
2.8598	5.56933
2.8582	5.50142
2.8567	5.64223
2.8551	5.93902
2.8535	6.12421
2.8519	6.23774
2.8504	6.38728
2.8488	6.31963
2.8472	6.17002
2.8457	6.09690
2.8441	6.11618
2.8426	6.10963
2.8410	6.06401
2.8395	6.11855
2.8379	6.10377
2.8363	6.13190
2.8348	6.11075
2.8332	6.10714
2.8317	6.07880
2.8302	6.11572
2.8286	6.25041
2.8271	6.28090
2.8255	6.20140
2.8240	6.19307
2.8225	6.34203
2.8209	6.32404
2.8194	6.20537
2.8178	6.17123
2.8163	6.10011
2.8148	6.09865
2.8133	6.24404
2.8117	6.23015
2.8102	5.92755
2.8087	5.78875
2.8072	5.83344
2.8057	5.80395
2.8041	5.93714
2.8026	5.89581
2.8011	5.72650
2.7996	5.85687
2.7981	5.92251
2.7966	5.83060
2.7951	5.75213
2.7936	5.68975
2.7921	5.54666
2.7906	5.44123
2.7890	5.56663
2.7875	5.61341
2.7861	5.39834
2.7846	5.36993
2.7831	5.48894
2.7816	5.28705
2.7801	5.12251
2.7786	5.12641
2.7771	5.10157
2.7756	4.99283
2.7741	4.84885
2.7726	4.77917
2.7712	4.74802
2.7697	4.74454
2.7682	4.60095
2.7667	4.40892
2.7652	4.20568
2.7638	3.92103
2.7623	3.67416
2.7608	3.75303
2.7594	3.88487
2.7579	4.02043
2.7564	4.06216
2.7550	4.28026
2.7535	4.51110
2.7520	4.58263
2.7506	4.55219
2.7491	4.70225
2.7477	4.78147
2.7462	4.70790
2.7448	4.79811
2.7433	4.89997
2.7419	4.86120
2.7404	4.90545
2.7390	5.02535
2.7375	5.05217
2.7361	4.97236
2.7346	5.17278
2.7332	5.39764
2.7317	5.66433
2.7303	5.90438
2.7289	5.86860
2.7274	5.89813
2.7260	6.12055
2.7246	6.31381
2.7231	6.57109
2.7217	6.96627
2.7203	7.17690
2.7188	7.31548
2.7174	7.50210
2.7160	7.55527
2.7146	7.51290
2.7132	7.30784
2.7117	7.10989
2.7103	6.79115
2.7089	6.33490
2.7075	5.93618
2.7061	5.63010
2.7047	5.48656
2.7033	5.92104
2.7018	6.68650
2.7004	7.66258
2.6990	8.75631
2.6976	9.83509
2.6962	11.03930
2.6948	12.33310
2.6934	13.61160
2.6920	15.09070
2.6906	16.72400
2.6892	18.26380
2.6878	19.84740
2.6864	21.37820
2.6851	22.72000
2.6837	23.97750
2.6823	25.20860
2.6809	26.35920
2.6795	27.29000
2.6781	28.14290
2.6767	29.04530
2.6754	29.84620
2.6740	30.33410
2.6726	30.92680
2.6712	31.80310
2.6698	32.52420
2.6685	32.96230
2.6671	33.50940
2.6657	33.90340
2.6644	34.17700
2.6630	34.57220
2.6616	35.07520
2.6603	35.49910
2.6589	35.87160
2.6575	36.19840
2.6562	36.59880
2.6548	36.83710
2.6535	37.07330
2.6521	37.39960
2.6507	37.65040
2.6494	37.81360
2.6480	38.05340
2.6467	38.40290
2.6453	38.57320
2.6440	38.73790
2.6426	38.98340
2.6413	39.19800
2.6399	39.36840
2.6386	39.39520
2.6373	39.48450
2.6359	39.66330
2.6346	39.97710
2.6332	40.15570
2.6319	40.32660
2.6306	40.60610
2.6292	40.80990
2.6279	40.87580
2.6266	40.94960
2.6252	40.96080
2.6239	41.01120
2.6226	41.17310
2.6213	41.51320
2.6199	41.68850
2.6186	41.73700
2.6173	41.79960
2.6160	41.83800
2.6146	41.80870
2.6133	41.96430
2.6120	42.11080
2.6107	42.11530
2.6094	42.11020
2.6081	42.20520
2.6068	42.37860
2.6054	42.52290
2.6041	42.51530
2.6028	42.51120
2.6015	42.59170
2.6002	42.68290
2.5989	42.71720
2.5976	42.73300
2.5963	42.93120
2.5950	43.27310
2.5937	43.12560
2.5924	42.90990
2.5911	43.01090
2.5898	43.11470
2.5885	43.22080
2.5872	43.32220
2.5860	43.22930
2.5847	43.28330
2.5834	43.36960
2.5821	43.44020
2.5808	43.50680
2.5795	43.50380
2.5782	43.56500
2.5770	43.72110
2.5757	43.67360
2.5744	43.78780
2.5731	43.85100
2.5718	43.74460
2.5706	43.80970
2.5693	43.87930
2.5680	43.93260
2.5668	43.94640
2.5655	44.16680
2.5642	44.46300
2.5629	44.48610
2.5617	44.39820
2.5604	44.34630
2.5592	44.48800
2.5579	44.59930
2.5566	44.52770
2.5554	44.46520
2.5541	44.53930
2.5529	44.64700
2.5516	44.75050
2.5503	44.82980
2.5491	44.79430
2.5478	44.77690
2.5466	44.79580
2.5453	44.80850
2.5441	44.85840
2.5428	44.89330
2.5416	44.93600
2.5403	44.91960
2.5391	44.90750
2.5379	45.01440
2.5366	45.09470
2.5354	45.20630
2.5341	45.17330
2.5329	45.18110
2.5317	45.24180
2.5304	45.31390
2.5292	45.39990
2.5280	45.38500
2.5267	45.35330
2.5255	45.39750
2.5243	45.53220
2.5230	45.46280
2.5218	45.46670
2.5206	45.58530
2.5194	45.64660
2.5181	45.67300
2.5169	45.68350
2.5157	45.62290
2.5145	45.64660
2.5133	45.77790
2.5120	45.80650
2.5108	45.67940
2.5096	45.75100
2.5084	45.92010
2.5072	45.97720
2.5060	46.01040
2.5048	46.06060
2.5035	46.17790
2.5023	46.22860
2.5011	46.17600
2.4999	46.21640
2.4987	46.38370
2.4975	46.48050
2.4963	46.55320
2.4951	46.58770
2.4939	46.52150
2.4927	46.45700
2.4915	46.44750
2.4903	46.54260
2.4891	46.61930
2.4879	46.70610
2.4867	46.85860
2.4855	46.95450
2.4844	46.94650
2.4832	46.98910
2.4820	47.11020
2.4808	47.20960
2.4796	47.34180
2.4784	47.39690
2.4772	47.46790
2.4760	47.51610
2.4749	47.48980
2.4737	47.58690
2.4725	47.73140
2.4713	47.81220
2.4701	47.81400
2.4690	47.72700
2.4678	47.81220
2.4666	47.93490
2.4655	48.02400
2.4643	48.11080
2.4631	48.06730
2.4619	48.03750
2.4608	48.07730
2.4596	48.22990
2.4584	48.35400
2.4573	48.33240
2.4561	48.33780
2.4549	48.35330
2.4538	48.38330
2.4526	48.54240
2.4515	48.63160
2.4503	48.63130
2.4491	48.59080
2.4480	48.61730
2.4468	48.64760
2.4457	48.73160
2.4445	48.88130
2.4434	48.97340
2.4422	48.99400
2.4411	49.05870
2.4399	49.07850
2.4388	49.23000
2.4376	49.39530
2.4365	49.51970
2.4353	49.50430
2.4342	49.68540
2.4331	49.95090
2.4319	50.14790
2.4308	50.15020
2.4296	50.15930
2.4285	50.34590
2.4274	50.34820
2.4262	50.41880
2.4251	50.55040
2.4240	50.57300
2.4228	50.64330
2.4217	50.82790
2.4206	50.99080
2.4194	51.06130
2.4183	51.10870
2.4172	51.21460
2.4161	51.37170
2.4149	51.48750
2.4138	51.58280
2.4127	51.54400
2.4116	51.46900
2.4104	51.53500
2.4093	51.65900
2.4082	51.87560
2.4071	52.02030
2.4060	51.94340
2.4048	52.00490
2.4037	51.97590
2.4026	51.95760
2.4015	51.88640
2.4004	51.83530
2.3993	51.90170
2.3982	52.00060
2.3971	51.93220
2.3960	51.93780
2.3948	51.98460
2.3937	51.85280
2.3926	51.84940
2.3915	52.00560
2.3904	51.98670
2.3893	51.93020
2.3882	52.03480
2.3871	52.11850
2.3860	52.13540
2.3849	52.09460
2.3838	51.96440
2.3827	51.97990
2.3816	52.05450
2.3806	52.10000
2.3795	52.06620
2.3784	52.18260
2.3773	52.43830
2.3762	52.57300
2.3751	52.61500
2.3740	52.77540
2.3729	52.82550
2.3718	52.83810
2.3708	52.84280
2.3697	52.98350
2.3686	53.12870
2.3675	53.15030
2.3664	53.13050
2.3653	53.22750
2.3643	53.30280
2.3632	53.28910
2.3621	53.36990
2.3610	53.52180
2.3600	53.58380
2.3589	53.43440
2.3578	53.35230
2.3567	53.37330
2.3557	53.58800
2.3546	53.78460
2.3535	53.83430
2.3525	53.71530
2.3514	53.68540
2.3503	53.86210
2.3493	54.00530
2.3482	53.95710
2.3471	54.03730
2.3461	54.24030
2.3450	54.44900
2.3440	54.50960
2.3429	54.58030
2.3418	54.63000
2.3408	54.61810
2.3397	54.69420
2.3387	54.75950
2.3376	54.80480
2.3366	54.87460
2.3355	55.08550
2.3345	55.36580
2.3334	55.36210
2.3324	55.26530
2.3313	55.47270
2.3303	55.58930
2.3292	55.54900
2.3282	55.56400
2.3271	55.73690
2.3261	55.80600
2.3250	55.79980
2.3240	55.82390
2.3230	55.95180
2.3219	56.05230
2.3209	56.14450
2.3198	56.22270
2.3188	56.28310
2.3178	56.41420
2.3167	56.33490
2.3157	56.25560
2.3147	56.53020
2.3136	56.63650
2.3126	56.58000
2.3116	56.62650
2.3105	56.68980
2.3095	56.76790
2.3085	56.77600
2.3075	56.85660
2.3064	57.03280
2.3054	57.15150
2.3044	57.24180
2.3034	57.23450
2.3023	57.20850
2.3013	57.17140
2.3003	57.25830
2.2993	57.42400
2.2982	57.46790
2.2972	57.47400
2.2962	57.60130
2.2952	57.65670
2.2942	57.70980
2.2932	57.77400
2.2922	57.80510
2.2911	57.83060
2.2901	57.84040
2.2891	57.87470
2.2881	57.86930
2.2871	57.89900
2.2861	57.82510
2.2851	57.90110
2.2841	58.13400
2.2831	58.24350
2.2821	58.18520
2.2811	58.13260
2.2801	58.25840
2.2791	58.36790
2.2781	58.21860
2.2771	58.25220
2.2761	58.50230
2.2751	58.56000
2.2741	58.38010
2.2731	58.25980
2.2721	58.37190
2.2711	58.50040
2.2701	58.49540
2.2691	58.45190
2.2681	58.48460
2.2671	58.50690
2.2661	58.51450
2.2651	58.34830
2.2641	58.31650
2.2631	58.28870
2.2621	58.34530
2.2612	58.35470
2.2602	58.19240
2.2592	58.22840
2.2582	58.22860
2.2572	58.06700
2.2562	58.00140
2.2553	58.00820
2.2543	58.00090
2.2533	57.98750
2.2523	57.89150
2.2513	57.84370
2.2504	57.68860
2.2494	57.65520
2.2484	57.69430
2.2474	57.52180
2.2465	57.46210
2.2455	57.53870
2.2445	57.46280
2.2436	57.32030
2.2426	57.15950
2.2416	57.14480
2.2406	57.24100
2.2397	57.26280
2.2387	57.18330
2.2377	57.18850
2.2368	57.24960
2.2358	57.20090
2.2348	57.13810
2.2339	57.27710
2.2329	57.31790
2.2320	57.18540
2.2310	57.10210
2.2300	57.01790
2.2291	56.93380
2.2281	56.82470
2.2272	56.72990
2.2262	56.61070
2.2253	56.57230
2.2243	56.57020
2.2233	56.52980
2.2224	56.40320
2.2214	56.24120
2.2205	56.11120
2.2195	55.90210
2.2186	55.64040
2.2176	55.48520
2.2167	55.32230
2.2157	54.97500
2.2148	54.65760
2.2139	54.27690
2.2129	53.70870
2.2120	53.12160
2.2110	52.52200
2.2101	51.84620
2.2091	51.39800
2.2082	51.43550
2.2073	51.75130
2.2063	52.24470
2.2054	52.79600
2.2044	53.15810
2.2035	53.53010
2.2026	53.88120
2.2016	54.23570
2.2007	54.55770
2.1998	54.75360
2.1988	54.83310
2.1979	54.88820
2.1970	55.20550
2.1960	55.33540
2.1951	55.41240
2.1942	55.59860
2.1933	55.72090
2.1923	55.68070
2.1914	55.80810
2.1905	56.05140
2.1895	56.17260
2.1886	56.22320
2.1877	56.32630
2.1868	56.43610
2.1859	56.60960
2.1849	56.88100
2.1840	57.08710
2.1831	57.18770
2.1822	57.21390
2.1813	57.20220
2.1803	57.27940
2.1794	57.49500
2.1785	57.56610
2.1776	57.52630
2.1767	57.61240
2.1758	57.71710
2.1749	57.76940
2.1739	57.71040
2.1730	57.89030
2.1721	58.10480
2.1712	58.20450
2.1703	58.13600
2.1694	58.15550
2.1685	58.17670
2.1676	58.30170
2.1667	58.47110
2.1658	58.43810
2.1649	58.34210
2.1640	58.36310
2.1631	58.56720
2.1622	58.56310
2.1613	58.60830
2.1604	58.78990
2.1595	58.90880
2.1586	59.03280
2.1577	59.12510
2.1568	59.23310
2.1559	59.23710
2.1550	59.26440
2.1541	59.48310
2.1532	59.64250
2.1523	59.82860
2.1514	60.00400
2.1505	60.08180
2.1496	60.29880
2.1487	60.58220
2.1478	60.62320
2.1469	60.58940
2.1460	60.70280
2.1452	60.82030
2.1443	60.98150
2.1434	61.11290
2.1425	61.34140
2.1416	61.52770
2.1407	61.54240
2.1398	61.50070
2.1390	61.65330
2.1381	61.63690
2.1372	61.52120
2.1363	61.58340
2.1354	61.69230
2.1346	61.82990
2.1337	61.98770
2.1328	61.87320
2.1319	61.70500
2.1311	61.72660
2.1302	61.82670
2.1293	61.88570
2.1284	61.79900
2.1276	61.68510
2.1267	61.90270
2.1258	62.07190
2.1249	61.96360
2.1241	61.91820
2.1232	62.05630
2.1223	62.24100
2.1215	62.16240
2.1206	62.15660
2.1197	62.02290
2.1189	61.92460
2.1180	61.91790
2.1171	61.84510
2.1163	61.94070
2.1154	62.12560
2.1145	62.15000
2.1137	62.00970
2.1128	62.01090
2.1120	61.90940
2.1111	61.89530
2.1102	62.13040
2.1094	61.98890
2.1085	61.82930
2.1077	61.97160
2.1068	62.03020
2.1059	61.84570
2.1051	61.85850
2.1042	62.08570
2.1034	62.27970
2.1025	62.36670
2.1017	62.29840
2.1008	62.25790
2.1000	62.23370
2.0991	62.27490
2.0983	62.18100
2.0974	62.01450
2.0966	61.97500
2.0957	62.07380
2.0949	62.18390
2.0940	62.14250
2.0932	62.20140
2.0924	62.26400
2.0915	62.24130
2.0907	62.32130
2.0898	62.17250
2.0890	62.13760
2.0881	62.21660
2.0873	62.11460
2.0865	62.09590
2.0856	62.02320
2.0848	62.04330
2.0839	62.10930
2.0831	62.04250
2.0823	62.16000
2.0814	61.97710
2.0806	62.01720
2.0798	62.26560
2.0789	62.25660
2.0781	61.97450
2.0773	61.98490
2.0764	62.07440
2.0756	62.03970
2.0748	62.09030
2.0739	62.06620
2.0731	62.27520
2.0723	62.36500
2.0715	62.19670
2.0706	62.13040
2.0698	62.16840
2.0690	62.40070
2.0681	62.40940
2.0673	62.45760
2.0665	62.26850
2.0657	61.75550
2.0649	61.84640
2.0640	62.16090
2.0632	62.09660
2.0624	61.79310
2.0616	61.95770
2.0607	62.23250
2.0599	62.12810
2.0591	62.02130
2.0583	61.91970
2.0575	61.93600
2.0567	61.75010
2.0558	61.43810
2.0550	61.60960
2.0542	61.84340
2.0534	61.80530
2.0526	61.97640
2.0518	61.97160
2.0510	61.79020
2.0502	61.86820
2.0493	61.91350
2.0485	61.84760
2.0477	61.97950
2.0469	61.93610
2.0461	61.83910
2.0453	61.84590
2.0445	61.73540
2.0437	61.52180
2.0429	61.39610
2.0421	61.59800
2.0413	61.79970
2.0405	61.70890
2.0397	61.65880
2.0389	61.56640
2.0381	61.30410
2.0373	61.30420
2.0365	61.28540
2.0357	61.38680
2.0349	61.47980
2.0341	61.52230
2.0333	61.44130
2.0325	61.38600
2.0317	61.29580
2.0309	61.20140
2.0301	61.14040
2.0293	61.08960
2.0285	61.16520
2.0277	61.12840
2.0269	61.15860
2.0261	61.19970
2.0253	61.10790
2.0245	60.89650
2.0237	60.79480
2.0230	60.86380
2.0222	60.85910
2.0214	60.72100
2.0206	60.69910
2.0198	60.79130
2.0190	60.77670
2.0182	60.54700
2.0174	60.40300
2.0167	60.57160
2.0159	60.67150
2.0151	60.52130
2.0143	60.65700
2.0135	60.73800
2.0128	60.56930
2.0120	60.39770
2.0112	60.14350
2.0104	60.09710
2.0096	60.08430
2.0089	60.01430
2.0081	60.12470
2.0073	60.01600
2.0065	59.75520
2.0057	59.84880
2.0050	59.84950
2.0042	59.82270
2.0034	59.88990
2.0026	59.83330
2.0019	59.66560
2.0011	59.56170
2.0003	59.61400
