Name:  Calcite CaCO3
Type:  Mineral
Class:  Carbonates
Subclass:   
Particle Size:  Fine  (less than 2 Micrometers)
Sample No.:  calcite.2
Owner:  JHU
Wavelength Range:  IR
Origin: Hunt and Salisbury Collection #48B; Sample from Cherokee 
Co., Kansas.
Description:  No solid sample is available for the specimen.  
Microscopic examination of the white powder fraction indicated pure 
calcite.



Measurement:  Transmission 
First Column:  X
Second Column:  Y  
X Units:  Wavelength (micrometers)
Y Units:  Transmittance (percent)
First X Value:  25.0442
Last X Value:  2.079
Number of X Values:  2287
Additional Information:  calcit2a.txt

25.04420302	84.4842
24.9237955	85.031
24.80454022	85.6873
24.68642074	85.9217
24.5694209	86.406
24.45358465	86.7654
24.3387763	87.1873
24.22504094	87.8396
24.11236361	88.0388
24.00072962	88.2654
23.89012454	88.6131
23.78053421	89.0076
23.67194472	89.2752
23.56434244	89.5857
23.45771395	89.7595
23.35204611	89.9841
23.24732598	90.3513
23.14354087	90.406
23.04067832	90.5955
22.93872607	90.9627
22.83767211	91.3142
22.7375046	91.5623
22.63821194	91.7732
22.53978272	92.1287
22.44220571	92.3064
22.3454699	92.4392
22.24956446	92.7127
22.15447875	93.0252
22.06020229	93.0623
21.96677306	93.3709
21.87408402	93.5896
21.7821739	93.6052
21.69103293	93.7146
21.60065148	94.0564
21.5110201	94.199
21.42212949	94.1345
21.33397051	94.2439
21.24653416	94.4724
21.15981159	94.6853
21.0737941	94.8201
20.98847313	94.9255
20.90384024	95.1892
20.81988716	95.3279
20.73660571	95.5427
20.65398787	95.7126
20.57202575	95.9587
20.49071156	96.1228
20.41003766	96.2576
20.3299965	96.2859
20.25058069	96.3992
20.1717829	96.5476
20.09359597	96.7429
20.01601281	96.8015
19.93906621	96.9304
19.8626695	97.0115
19.78685599	97.2039
19.71161901	97.3757
19.63695203	97.4548
19.56284859	97.5085
19.48930232	97.5554
19.41630698	97.6765
19.34385639	97.6951
19.27194448	97.8122
19.20056526	97.9031
19.12971284	97.9724
19.05938141	98.1453
18.98956523	98.2693
18.92025868	98.3054
18.85145618	98.3601
18.78315226	98.4197
18.71534153	98.4861
18.64801865	98.5505
18.58117838	98.6853
18.51481556	98.7244
18.44892507	98.699
18.38350191	98.8708
18.31854111	99.0076
18.25407111	98.9861
18.19002023	99.029
18.12641726	99.1062
18.06325753	99.1687
18.00053642	99.2507
17.93824937	99.3747
17.8763919	99.446
17.81495958	99.4822
17.75394803	99.5007
17.69335296	99.487
17.63317011	99.488
17.57339529	99.4441
17.51402436	99.4617
17.45505324	99.4372
17.39647791	99.4704
17.3382944	99.487
17.28049878	99.4509
17.2230872	99.4441
17.16605584	99.4724
17.10940093	99.4412
17.05311876	99.4382
16.99720566	99.4372
16.94165801	99.4773
16.88647225	99.5203
16.83167317	99.5847
16.77720046	99.5915
16.72307919	99.615
16.66930597	99.6482
16.61587747	99.7488
16.56279037	99.7283
16.51004141	99.7712
16.45762737	99.8044
16.40554507	99.8855
16.35379138	99.9294
16.30236319	99.9382
16.25125744	99.8718
16.20047111	99.8767
16.15000121	99.9079
16.0998448	100.0095
16.04999896	99.9744
16.00048641	99.9529
15.95125297	99.9226
15.90232158	99.9265
15.85368947	99.823
15.80535391	99.8923
15.75731218	99.823
15.70956162	99.7888
15.6620996	99.7888
15.61492349	99.8288
15.56803074	99.7429
15.52141878	99.699
15.47508511	99.6853
15.42902725	99.6579
15.38324273	99.5769
15.33772913	99.6091
15.29248405	99.5847
15.24750513	99.5256
15.20279002	99.4397
15.1583364	99.4392
15.114142	99.3552
15.07020455	99.2952
15.02652181	99.2849
14.98309158	99.1916
14.93991168	99.0759
14.89700213	99.0217
14.85431629	98.9475
14.81187438	98.8323
14.76967431	98.678
14.72771402	98.5901
14.68599147	98.4299
14.64450465	98.2639
14.60325156	98.1155
14.56223023	97.9358
14.52143873	97.74
14.48087511	97.5564
14.44053748	97.3005
14.40042395	97.0164
14.36053266	96.7126
14.32086177	96.1975
14.28140946	95.5037
14.24217393	94.6584
14.20315338	93.3342
14.16434607	91.2976
14.12575025	87.8889
14.0873642	82.0999
14.0491862	76.0252
14.01121458	76.5359
13.97344765	84.031
13.93590321	91.7791
13.89854065	96.6228
13.8613779	98.8357
13.82441336	99.6565
13.78764544	99.9499
13.75107258	100.0134
13.71469324	99.9495
13.67850587	99.8225
13.64250897	99.6843
13.60670103	99.5452
13.57108057	99.467
13.53564612	99.3518
13.50039624	99.2561
13.46532947	99.1951
13.4304444	99.116
13.39573962	99.0281
13.36121373	98.9138
13.32686536	98.8435
13.29269314	98.739
13.25869572	98.6389
13.22487175	98.5334
13.19121992	98.449
13.15773892	98.3474
13.12442745	98.2405
13.09130135	98.094
13.05832501	97.9997
13.02551438	97.8948
12.99286821	97.7795
12.96038529	97.6716
12.92806437	97.5784
12.89590426	97.4656
12.86390376	97.4392
12.83206168	97.3206
12.80037684	97.197
12.7688481	97.1526
12.73747429	97.1233
12.70625427	97.0388
12.67518693	96.9324
12.64427113	96.8601
12.61350579	96.7937
12.58290562	96.6995
12.55243781	96.6404
12.52211719	96.5452
12.4919427	96.4314
12.46191328	96.3132
12.43202789	96.2136
12.40228549	96.0574
12.37268507	95.9597
12.34322561	95.8054
12.31390609	95.6267
12.28472554	95.469
12.25568296	95.3416
12.22677738	95.1663
12.19800782	95.0276
12.16937334	94.8186
12.14087298	94.5671
12.1125058	94.3064
12.08427087	94.0847
12.05616727	93.7996
12.02819409	93.5061
12.00035041	93.1443
11.97263534	92.7932
11.945048	92.3401
11.9175875	91.9099
11.8902671	91.3499
11.86305761	90.6658
11.83597236	89.5828
11.80901051	88.0882
11.78217122	87.8201
11.75545365	88.6018
11.72885698	88.1565
11.70238038	87.1941
11.67602305	85.9788
11.64978419	84.6736
11.62366299	83.1062
11.59765866	81.2566
11.57177043	78.823
11.54599752	75.7254
11.52033916	71.3323
11.49479458	65.1795
11.46936304	58.1444
11.44404378	52.6625
11.41883606	50.4867
11.39373914	52.3807
11.3687523	57.3417
11.34387482	62.7894
11.31910597	67.8519
11.29444505	74.3084
11.26990406	80.7322
11.24545684	84.7322
11.22111545	86.5349
11.19687921	87.572
11.17274743	88.2561
11.14871946	88.8299
11.12479461	89.2366
11.10097222	89.5901
11.07725165	89.8289
11.05363222	90.0686
11.03011331	90.2107
11.00669427	90.405
10.98337447	90.5291
10.96015327	90.6814
10.93703005	90.7249
10.9140042	90.7898
10.89107509	90.8601
10.86824213	90.8772
10.8455047	90.888
10.82286221	90.8948
10.80031407	90.8552
10.77785969	90.8181
10.75549848	90.8123
10.73322986	90.8342
10.71106474	90.8001
10.68897956	90.7522
10.66698525	90.7537
10.64508128	90.7454
10.62326708	90.697
10.6015421	90.7019
10.5799058	90.6663
10.55835763	90.5867
10.53689705	90.5452
10.51552354	90.5144
10.49423657	90.47
10.4730356	90.4075
10.45192012	90.3582
10.43088962	90.2991
10.40994358	90.197
10.38908149	90.1248
10.36830285	90.0637
10.34760717	89.9461
10.32699394	89.8533
10.30646267	89.7664
10.28601287	89.6716
10.26564407	89.5232
10.24535578	89.4226
10.22514752	89.3264
10.20502924	89.2298
10.1849796	89.1223
10.16500858	89.0325
10.14511574	88.8757
10.12530059	88.76
10.10556271	88.6091
10.08590162	88.4549
10.0663169	88.3093
10.04680808	88.218
10.02737473	88.0657
10.00801642	87.9519
9.98873271	87.8045
9.969523168	87.6946
9.950387369	87.5261
9.931324888	87.4309
9.912335307	87.2947
9.893427994	87.1785
9.874582922	87.0335
9.855809507	86.9622
9.83710734	86.8343
9.818476015	86.7801
9.799915133	86.7171
9.781424293	86.6731
9.7630031	86.5633
9.744651161	86.5154
9.726368087	86.447
9.70815349	86.3841
9.690006986	86.2615
9.671928196	86.201
9.653916739	86.0882
9.635972241	86.0154
9.618094328	85.9129
9.600282632	85.8318
9.582536785	85.7312
9.564856422	85.7005
9.547241181	85.6761
9.529690704	85.6077
9.512204634	85.5388
9.494782617	85.4832
9.477424301	85.4129
9.460138288	85.3333
9.4429063	85.283
9.425736975	85.1995
9.408629972	85.095
9.391584952	85.0345
9.374601579	84.9617
9.35767952	84.8797
9.340818443	84.8079
9.324018018	84.7405
9.307277919	84.6775
9.290597822	84.5667
9.273977405	84.4656
9.257416348	84.3323
9.240914333	84.1971
9.224471046	84.1355
9.208086173	84.0999
9.191759404	84.0403
9.17549043	84.0515
9.159278945	84.0291
9.143124645	84.0071
9.127027227	83.9353
9.110986392	83.9163
9.095001842	83.8455
9.079073281	83.7693
9.06320863	83.7078
9.04739114	83.6477
9.031628764	83.5515
9.015921215	83.4627
9.000268208	83.3943
8.984669459	83.2732
8.969124685	83.1453
8.953633608	83.0491
8.93819595	82.8948
8.922811435	82.7625
8.907479789	82.6936
8.89220074	82.6702
8.876974017	82.575
8.861799353	82.5027
8.846676481	82.4109
8.831605135	82.3011
8.816585054	82.1795
8.801615977	82.0808
8.786697643	81.9383
8.771829795	81.7986
8.757012178	81.6751
8.742244536	81.5713
8.727526619	81.4187
8.712858175	81.3064
8.69824652	81.1834
8.683676252	81.0313
8.669154714	80.8741
8.654681663	80.7654
8.640256858	80.6241
8.625880055	80.4676
8.611551018	80.3592
8.597269507	80.2893
8.583035287	80.1748
8.568848124	80.0889
8.554707784	79.993
8.540614036	79.8965
8.52656665	79.7684
8.512565398	79.6707
8.498610052	79.5323
8.484700388	79.3968
8.470836182	79.2889
8.45701721	79.2019
8.443243252	79.0877
8.429514089	79.0047
8.415829502	78.9102
8.402189274	78.7742
8.388593191	78.6678
8.375041038	78.574
8.361539594	78.4434
8.348074642	78.2813
8.334652987	78.1436
8.32127442	78.0232
8.307938734	77.8575
8.294645723	77.7068
8.281395183	77.5555
8.268186911	77.3782
8.255020704	77.2078
8.241896361	77.055
8.228813685	76.8738
8.215772476	76.6971
8.202772537	76.5179
8.189813674	76.3309
8.176895691	76.1238
8.164018395	75.9207
8.151188239	75.7217
8.138391724	75.5232
8.125635323	75.2879
8.11291885	75.0801
8.100242116	74.8672
8.087604937	74.6426
8.075007126	74.4239
8.062448501	74.2295
8.049928879	74.0284
8.037448078	73.827
8.025005918	73.6141
8.012602221	73.378
8.000236807	73.1453
7.9879095	72.9261
7.975620124	72.678
7.963368505	72.4109
7.951154468	72.1634
7.938977841	71.9041
7.926838452	71.6346
7.914736131	71.3633
7.902670708	71.1172
7.890642014	70.8475
7.878649883	70.5926
7.866694148	70.3409
7.854780812	70.0528
7.842897355	69.7454
7.831049799	69.4551
7.819237984	69.159
7.807461747	68.8406
7.795720929	68.5401
7.784015369	68.2364
7.772344909	67.9119
7.760709391	67.5987
7.749108659	67.2618
7.737542556	66.9266
7.726010929	66.5736
7.714513623	66.2218
7.703050485	65.8597
7.691621363	65.4749
7.680226106	65.0899
7.668864563	64.7364
7.657536586	64.3328
7.646242025	63.93
7.634980733	63.5404
7.623752563	63.1497
7.61255737	62.754
7.601395008	62.37
7.590265333	61.9647
7.579173946	61.5604
7.568109199	61.1488
7.557076711	60.7315
7.546076342	60.2928
7.535107952	59.8448
7.524171401	59.389
7.51326655	58.9161
7.502393263	58.4122
7.491551403	57.8905
7.480740833	57.3612
7.469961418	56.8036
7.459213023	56.2489
7.448495516	55.6678
7.437808762	55.0809
7.42715263	54.4798
7.416526989	53.8793
7.405931707	53.2499
7.395366655	52.5929
7.384831703	51.9288
7.374326724	51.2352
7.363851589	50.5048
7.353406171	49.7667
7.342990345	49.0187
7.332603984	48.2328
7.322252325	47.424
7.311924506	46.6117
7.30162578	45.7797
7.291356025	44.9337
7.281115117	44.0839
7.270902937	43.2023
7.260719363	42.289
7.250564275	41.3417
7.240437554	40.3583
7.230339081	39.3241
7.220268738	38.2365
7.210226408	37.1251
7.200211974	35.9494
7.19022532	34.7355
7.18026633	33.5363
7.17033489	32.4191
7.160436013	31.384
7.150559317	30.5334
7.140709829	29.7948
7.130887439	29.0239
7.121092034	28.12
7.111323503	27.1008
7.101581735	26.0639
7.091866622	25.0722
7.082178053	24.1669
7.07251592	23.3996
7.062880115	22.812
7.053270531	22.4064
7.04368706	22.1523
7.034129597	22.006
7.024598035	21.9709
7.01509227	22.0393
7.005612196	22.1652
6.99615771	22.373
6.986728709	22.6259
6.977325089	22.9462
6.967946748	23.3117
6.958593585	23.6933
6.949265497	24.0234
6.939962385	24.371
6.930688952	24.7426
6.921435478	25.1288
6.912206681	25.5092
6.903002461	25.9328
6.893822721	26.3661
6.884667364	26.8469
6.875536292	27.3625
6.866429409	27.9433
6.857346618	28.4887
6.848287825	28.9924
6.839252935	29.5248
6.830241852	30.09
6.821254483	30.6571
6.812290735	31.2265
6.803350514	31.8332
6.794433728	32.4833
6.785540285	33.1567
6.776670093	33.8388
6.767823062	34.5695
6.7589991	35.3351
6.750198118	36.1532
6.741420026	37.0031
6.732664735	37.881
6.723932156	38.7716
6.715226709	39.6718
6.706539278	40.5587
6.697874296	41.4467
6.689231675	42.3456
6.680611329	43.2902
6.672013173	44.1942
6.663437121	45.078
6.654883087	45.9513
6.646350987	46.8578
6.637840737	47.7816
6.629352253	48.6044
6.620885451	49.3583
6.612440248	50.1554
6.604016563	50.9474
6.595614312	51.7333
6.587233415	52.4955
6.578873789	53.254
6.570535354	54.0033
6.56221803	54.6808
6.553921736	55.3807
6.545646392	56.0714
6.537391921	56.7245
6.529158241	57.4122
6.520945276	58.1183
6.512757189	58.7772
6.504585407	59.4373
6.496434107	60.2169
6.488303211	60.8917
6.480192643	61.4603
6.472102327	62.0567
6.464032186	62.6893
6.455982145	63.3153
6.44795213	63.9696
6.439942066	64.6038
6.431951879	65.2303
6.423981494	65.7948
6.416030838	66.4246
6.408099838	66.8807
6.400188422	67.1834
6.392296516	67.5643
6.384424048	67.9857
6.376570948	68.3826
6.368737143	68.786
6.360922563	69.1112
6.353127136	69.4608
6.345350793	69.8526
6.337593464	70.117
6.329855078	70.3065
6.322139564	70.5574
6.314438848	70.8206
6.30675687	71.1068
6.29909356	71.3624
6.291448851	71.6212
6.283822676	71.9112
6.276214965	72.2361
6.268625654	72.5457
6.261054675	72.8475
6.253501961	73.1358
6.245967447	73.4219
6.238451067	73.6993
6.230952756	73.9695
6.223472449	74.2122
6.21601008	74.4454
6.208565585	74.6797
6.201142747	74.8934
6.1937338	75.1258
6.186342535	75.4161
6.178968891	75.6063
6.171612803	75.7244
6.164274209	75.9461
6.156953047	76.1585
6.149649255	76.3389
6.14236277	76.535
6.135093533	76.7601
6.12784148	76.9832
6.120606552	77.2618
6.113388688	77.5545
6.106187828	77.7225
6.099003911	77.8445
6.091836878	78.0352
6.084686669	78.2137
6.077553226	78.4717
6.070436489	78.66
6.063336399	78.7742
6.056252899	79.0098
6.049185931	79.3782
6.042135436	79.4483
6.035101357	79.5284
6.02808727	79.7259
6.021085843	79.8767
6.01410066	80.0047
6.007131667	80.1267
6.000178805	80.2366
5.99324202	80.4336
5.986321256	80.5928
5.979416457	80.7051
5.972527568	80.8553
5.965654534	81.0254
5.9587973	81.1211
5.951955813	81.2703
5.945130017	81.4485
5.938319859	81.7078
5.931525286	81.8533
5.924746243	81.8738
5.917982678	82.0169
5.911234538	82.138
5.904501769	82.3057
5.89778432	82.5818
5.891082139	82.7141
5.884395172	82.8411
5.87772337	83.0257
5.871066679	83.0108
5.864428488	83.1375
5.85780186	83.2381
5.851190191	83.3753
5.84459343	83.4783
5.838011527	83.6397
5.831444431	83.8018
5.824892094	84.0257
5.818354465	84.1377
5.811831494	84.1787
5.805323133	84.2532
5.798829332	84.387
5.792350043	84.4763
5.785885217	84.6192
5.779434806	84.7322
5.772998761	84.9163
5.766577035	85.1228
5.760169579	85.169
5.753776347	85.178
5.747397291	85.3174
5.741032364	85.4014
5.734681519	85.5052
5.728344709	85.6192
5.722021888	85.7744
5.715713009	85.9324
5.709421287	86.0869
5.703140149	86.1707
5.696872816	86.2891
5.690619242	86.4395
5.684379382	86.5706
5.678153192	86.7376
5.671940626	86.8826
5.66574164	87.0105
5.659556189	87.2071
5.653384229	87.377
5.647225716	87.5447
5.641080605	87.7674
5.634948854	87.8997
5.628830419	88.03
5.622725256	88.1853
5.616633323	88.3611
5.610557723	88.4822
5.604492113	88.5635
5.598439603	88.53
5.592400152	88.2322
5.586373717	87.419
5.580360257	86.0545
5.574359729	84.6697
5.568372092	83.8318
5.562397304	83.3377
5.556435324	83.1355
5.550486112	83.5515
5.544549625	84.4639
5.538625823	85.4544
5.532714665	86.2859
5.526816112	86.8968
5.520930122	87.3467
5.515056656	87.6973
5.509195674	87.9724
5.503347136	88.2293
5.497511002	88.4531
5.491687233	88.6521
5.48587579	88.8252
5.480076633	89.0007
5.474289725	89.1524
5.468518015	89.3098
5.462755479	89.4668
5.457005076	89.5779
5.451266765	89.6926
5.445540511	89.8154
5.439826274	89.9492
5.434124016	90.0547
5.428433701	90.1826
5.422755291	90.3535
5.417088748	90.4522
5.411434035	90.5176
5.405791116	90.6301
5.400159953	90.7256
5.394540509	90.8406
5.388932749	90.9378
5.383336635	91.0354
5.377752132	91.127
5.372179203	91.2324
5.366617813	91.3262
5.361067925	91.4207
5.355529504	91.5276
5.350002515	91.6472
5.344486921	91.7256
5.338982689	91.7937
5.333492627	91.8809
5.328011006	91.9592
5.32254064	92.0393
5.317081497	92.125
5.31163354	92.22
5.306196736	92.2908
5.30077105	92.3738
5.295356449	92.4629
5.289952898	92.552
5.284560364	92.6309
5.279178813	92.7129
5.273808212	92.7913
5.268448526	92.864
5.263099724	92.9463
5.257761771	93.0261
5.252434635	93.0986
5.247118283	93.1777
5.241812682	93.2647
5.236517799	93.3408
5.231233603	93.4023
5.225960061	93.4795
5.220697141	93.542
5.21544481	93.6453
5.210203036	93.7156
5.204974498	93.7693
5.19975374	93.8308
5.194543444	93.9014
5.189343579	93.9675
5.184154115	94.0547
5.178975019	94.1094
5.173806261	94.1707
5.168647809	94.2224
5.163499634	94.2783
5.158361704	94.3555
5.153233989	94.4168
5.148116459	94.4793
5.143009082	94.54
5.137911829	94.5996
5.13282467	94.6709
5.127747575	94.7383
5.122680514	94.7998
5.117623458	94.8572
5.112576376	94.8955
5.107539239	94.9509
5.102512018	95.0051
5.097494683	95.0439
5.092487206	95.0994
5.087489558	95.1677
5.082504292	95.2539
5.077526209	95.321
5.072557868	95.3972
5.06759924	95.4636
5.062650297	95.5029
5.057711011	95.5481
5.052781354	95.5947
5.047861297	95.6555
5.042950812	95.7136
5.038049872	95.7766
5.033158448	95.8342
5.028276513	95.8682
5.023404039	95.9329
5.018541	95.9939
5.013687367	96.0576
5.008843113	96.1082
5.004010715	96.1589
4.999185133	96.21
4.994368849	96.2549
4.989561837	96.3108
4.984764069	96.364
4.979975518	96.4004
4.97519616	96.4558
4.970425966	96.5039
4.96566491	96.5625
4.960912967	96.614
4.95617011	96.6633
4.951436313	96.7002
4.94671155	96.74
4.941995795	96.7986
4.937289023	96.8486
4.932591209	96.8835
4.927902325	96.9355
4.923222347	96.9893
4.918551251	97.0273
4.913889009	97.074
4.909235598	97.1257
4.904590991	97.1794
4.899955165	97.2195
4.895328095	97.2556
4.890712146	97.3044
4.886102507	97.3369
4.88150155	97.373
4.876909249	97.4102
4.87232558	97.4617
4.86775052	97.4941
4.863184043	97.5173
4.858626126	97.5676
4.854076745	97.6006
4.849535875	97.6435
4.845003493	97.697
4.840479575	97.7253
4.835964098	97.7685
4.831457037	97.8184
4.826958369	97.8425
4.822468072	97.8826
4.81798612	97.9158
4.813512492	97.9521
4.809047164	97.9758
4.804590113	98.0164
4.800141316	98.0525
4.79570075	98.1025
4.791268392	98.1238
4.78684422	98.1809
4.782430498	98.2087
4.778022625	98.2429
4.773622869	98.2705
4.769231209	98.3184
4.764847623	98.3391
4.760472086	98.3594
4.756104579	98.3877
4.751745078	98.4099
4.747393562	98.4365
4.743050009	98.4421
4.738714396	98.4734
4.734386703	98.5076
4.730066907	98.5332
4.725754987	98.5586
4.721450921	98.5889
4.717154688	98.5857
4.712866266	98.5945
4.708585635	98.6081
4.704312773	98.6052
4.700047658	98.6123
4.695790271	98.6042
4.691540589	98.5937
4.687298593	98.5886
4.68306426	98.6081
4.67883976	98.6338
4.67462069	98.6453
4.670409221	98.6706
4.666205334	98.6533
4.662009009	98.6892
4.657820224	98.7195
4.65363896	98.7676
4.649465195	98.7568
4.645298911	98.8184
4.641140087	98.8662
4.636988702	98.9248
4.632844738	98.9451
4.628708174	99.0027
4.62457899	99.0361
4.620457167	99.0681
4.616342684	99.1064
4.612235523	99.1511
4.608135664	99.157
4.604043086	99.1941
4.599957772	99.2197
4.595879702	99.2578
4.591808856	99.2871
4.587745215	99.3037
4.58368876	99.332
4.57964157	99.3601
4.575599426	99.3562
4.571564412	99.3848
4.567536508	99.4031
4.563515696	99.4324
4.559501956	99.4714
4.555495271	99.4883
4.551495621	99.49
4.547502989	99.5232
4.543517355	99.5469
4.539538701	99.5769
4.535567009	99.5896
4.531602261	99.6081
4.527644439	99.6287
4.523693523	99.6484
4.519749497	99.6523
4.515814382	99.6765
4.511884077	99.698
4.507960608	99.7185
4.504043956	99.751
4.500134104	99.7539
4.496231034	99.7781
4.492334729	99.791
4.488445171	99.8
4.484562343	99.8135
4.480686226	99.8406
4.476816804	99.864
4.47295406	99.9004
4.469097975	99.9101
4.465248534	99.9245
4.461405718	99.9314
4.45756951	99.9617
4.453739894	99.9697
4.449916853	99.9892
4.44610037	99.9997
4.442290427	100.0244
4.438487009	100.0439
4.434690097	100.0525
4.430899676	100.0693
4.42711573	100.1113
4.423340197	100.1023
4.419569145	100.1123
4.415804518	100.1355
4.412046298	100.1394
4.408294471	100.1584
4.404549018	100.1877
4.400809925	100.2024
4.397077175	100.2048
4.393350752	100.2087
4.389630639	100.2268
4.385916821	100.2644
4.382209282	100.2742
4.378508006	100.3049
4.374812977	100.3113
4.371124179	100.3215
4.367441596	100.3127
4.363765214	100.3098
4.360095015	100.3171
4.356430985	100.3264
4.352773108	100.3415
4.349121369	100.3743
4.345475751	100.3933
4.341836241	100.3992
4.338202821	100.3884
4.334577357	100.405
4.330956072	100.4328
4.327340832	100.4363
4.323731623	100.4514
4.320128429	100.449
4.316531235	100.4578
4.312940028	100.489
4.30935479	100.5012
4.305775509	100.5119
4.302202168	100.5027
4.298634754	100.5339
4.29507325	100.5583
4.291517644	100.5691
4.287967919	100.5627
4.284424062	100.5906
4.280886058	100.6013
4.277353892	100.6067
4.27382755	100.6086
4.270307018	100.6008
4.266792281	100.6072
4.263283325	100.6003
4.259780136	100.6086
4.256282699	100.6394
4.252791	100.6457
4.249306832	100.6448
4.245826565	100.6521
4.242351994	100.6706
4.238883105	100.7121
4.235419885	100.6946
4.231962319	100.7024
4.228510393	100.6892
4.225064094	100.7029
4.221623408	100.7068
4.218188322	100.6828
4.214758821	100.6921
4.211334892	100.6853
4.207916522	100.6785
4.204503696	100.6755
4.201096402	100.6911
4.197694626	100.6765
4.194300114	100.6882
4.190909331	100.6936
4.187524026	100.7034
4.184144186	100.7048
4.180769797	100.7102
4.177400846	100.7229
4.174037321	100.7322
4.170679208	100.7312
4.167326493	100.7239
4.163979165	100.7219
4.16063721	100.7224
4.157300615	100.7395
4.153969367	100.7483
4.150643454	100.7327
4.147322862	100.7156
4.144007579	100.7087
4.140697592	100.7224
4.137392888	100.7097
4.134093455	100.7019
4.130799281	100.6926
4.127510352	100.6785
4.124226656	100.675
4.120948181	100.6575
4.117674914	100.6506
4.114408535	100.6472
4.111145645	100.6511
4.107887925	100.6487
4.104635365	100.6433
4.101387951	100.635
4.098145671	100.6423
4.094908514	100.6428
4.091676466	100.6409
4.088449517	100.6116
4.085227653	100.5793
4.082010864	100.5613
4.078799136	100.5647
4.075592459	100.529
4.072390819	100.4714
4.069194206	100.4582
4.066002607	100.4236
4.062816011	100.4084
4.059634406	100.3816
4.056457779	100.3411
4.053286121	100.2815
4.050119418	100.2248
4.046957659	100.1384
4.043800833	100.0344
4.040648928	99.8894
4.037503563	99.7434
4.034361463	99.5764
4.031224251	99.4148
4.028091913	99.2204
4.024964439	99.0212
4.021841819	98.7927
4.018724039	98.5735
4.01561109	98.343
4.012502959	98.0198
4.009399637	97.6384
4.00630111	97.1785
4.00320737	96.6633
4.000118404	96.1013
3.997034201	95.5276
3.99395475	94.9192
3.990880041	94.3543
3.987810062	93.865
3.984744803	93.4973
3.981684252	93.2693
3.9786284	93.2039
3.975577234	93.2273
3.972530744	93.3318
3.96948892	93.4846
3.966451751	93.6951
3.963420797	93.9612
3.960392903	94.2756
3.957369631	94.6858
3.954350972	95.1418
3.951336915	95.636
3.948327449	96.1487
3.945322564	96.6204
3.942322249	97.0715
3.939326493	97.4929
3.936335288	97.8088
3.933348621	97.991
3.930366483	98.0608
3.927388864	98.1409
3.924415753	98.2146
3.921447139	98.3108
3.918483014	98.3894
3.915523366	98.4211
3.912568186	98.4617
3.909617463	98.5237
3.906671188	98.5422
3.90372935	98.572
3.900791939	98.5788
3.897858945	98.6179
3.894930359	98.6316
3.892007684	98.6555
3.889087881	98.6892
3.886172454	98.7087
3.883261396	98.7009
3.880354695	98.7258
3.877452343	98.7502
3.874554329	98.7551
3.871660644	98.7776
3.868771278	98.7893
3.865886222	98.8171
3.863005465	98.8074
3.860128998	98.8298
3.857256812	98.8699
3.854388896	98.8928
3.851525243	98.9148
3.848665841	98.9631
3.845812161	98.9871
3.842961232	99.031
3.840114528	99.0925
3.837272037	99.1438
3.834433752	99.2405
3.831599662	99.343
3.828769759	99.4558
3.825944033	99.5603
3.823122474	99.6545
3.820305074	99.7449
3.817491824	99.8323
3.814682714	99.907
3.811877735	99.988
3.809076878	100.0725
3.806280134	100.1462
3.803487494	100.2346
3.800698949	100.3147
3.797914489	100.3562
3.795134107	100.4353
3.792357792	100.51
3.789585537	100.5456
3.786817332	100.5862
3.784053167	100.6169
3.781293036	100.6374
3.778538356	100.6438
3.77578626	100.6609
3.773038171	100.6682
3.770294079	100.676
3.767553976	100.6755
3.764817852	100.6765
3.7620857	100.677
3.759357511	100.6999
3.756633275	100.7014
3.753912985	100.6814
3.751196632	100.6697
3.748484207	100.6819
3.745775701	100.676
3.743071107	100.676
3.740370416	100.6638
3.73767362	100.657
3.734980709	100.6658
3.732291676	100.6619
3.729606512	100.6682
3.726925208	100.6799
3.724247758	100.6819
3.721574151	100.6736
3.718904381	100.6741
3.716238438	100.6814
3.713577694	100.6765
3.71091938	100.6745
3.708264869	100.6555
3.705614154	100.6428
3.702967225	100.6389
3.700324074	100.6579
3.697684695	100.6389
3.695049078	100.6394
3.692417215	100.6374
3.689789099	100.6448
3.687164722	100.6272
3.684544075	100.6257
3.68192715	100.6296
3.67931394	100.616
3.676704437	100.6023
3.674098633	100.6091
3.67149652	100.6155
3.66889809	100.6096
3.666303336	100.6189
3.663712249	100.6233
3.661124822	100.6052
3.658541047	100.5837
3.655960916	100.5759
3.653384422	100.5627
3.65081289	100.5876
3.648243644	100.5876
3.645678012	100.5744
3.643115986	100.5554
3.640557559	100.5378
3.638002722	100.53
3.635451469	100.5261
3.632903791	100.4997
3.630359682	100.4885
3.627819133	100.4968
3.625282138	100.4768
3.622748688	100.47
3.620218777	100.4499
3.617692397	100.4333
3.615169541	100.428
3.6126502	100.4343
3.610135673	100.4377
3.607623341	100.4226
3.605114504	100.4006
3.602609154	100.3791
3.600107283	100.4065
3.597608885	100.3865
3.595113953	100.3845
3.592622478	100.3537
3.590134454	100.3503
3.587649874	100.3269
3.585168731	100.2888
3.582691017	100.2737
3.580216725	100.2717
3.577745848	100.2048
3.57527838	100.1785
3.572814313	100.1741
3.57035364	100.1443
3.567896354	100.1062
3.565442448	100.1062
3.562991916	100.1037
3.560544749	100.0745
3.558100942	100.0373
3.555660487	100.0349
3.553223378	99.9851
3.550790868	99.9783
3.548360427	99.9636
3.545933311	99.8948
3.543509513	99.8611
3.541089027	99.8191
3.538671844	99.7659
3.53625796	99.6726
3.533847367	99.5964
3.531440058	99.5203
3.529036026	99.407
3.526635266	99.2537
3.524237769	99.0881
3.52184353	98.8962
3.519452542	98.7385
3.517064798	98.5456
3.514680292	98.3396
3.512299017	98.1716
3.509920967	98.0295
3.507546135	97.865
3.505174514	97.7522
3.502806098	97.6335
3.500440881	97.5525
3.498078855	97.4534
3.495720015	97.3425
3.493365575	97.2361
3.491013085	97.1189
3.488663762	97.0022
3.486317598	96.9163
3.483974588	96.821
3.481634725	96.717
3.479298003	96.6687
3.476964415	96.6863
3.474633956	96.7854
3.472306619	96.969
3.469982397	97.2253
3.467661284	97.5486
3.465343275	97.8503
3.463028363	98.0705
3.460716541	98.2146
3.458407804	98.3122
3.456102146	98.383
3.453799559	98.406
3.451500039	98.4123
3.449203579	98.4514
3.446910172	98.4397
3.444619814	98.4241
3.442332497	98.4177
3.440048216	98.408
3.437768146	98.4001
3.435489916	98.365
3.433214704	98.3533
3.430942504	98.3015
3.428673309	98.2742
3.426407114	98.2151
3.424143913	98.1697
3.421883699	98.1326
3.419626467	98.1238
3.417372212	98.0945
3.415120926	98.1072
3.412872605	98.0964
3.410627242	98.1174
3.408384831	98.1179
3.406145367	98.1247
3.403908845	98.1414
3.401675257	98.1296
3.399444599	98.1306
3.397216864	98.1365
3.394992047	98.1838
3.392770143	98.1492
3.390551144	98.1023
3.388335047	98.0808
3.386121844	98.0681
3.383912676	98.029
3.381705245	98.0124
3.379500692	98.0061
3.377299012	97.9905
3.375100198	97.989
3.372904246	97.9866
3.370711149	97.9812
3.368520903	97.9851
3.366333501	97.9402
3.364148938	97.8865
3.361967208	97.822
3.359788306	97.779
3.357612227	97.6951
3.355438965	97.6023
3.353268515	97.5315
3.35110087	97.5251
3.348937148	97.6003
3.346775098	97.7595
3.344615837	98.0041
3.342459362	98.2878
3.340305665	98.614
3.338154741	98.8835
3.336006587	99.0525
3.333861195	99.1941
3.33171856	99.2952
3.329578678	99.3347
3.327441544	99.3806
3.32530715	99.4065
3.323175494	99.4358
3.321046568	99.4802
3.318920368	99.4866
3.31679689	99.512
3.314676126	99.5427
3.312558073	99.5447
3.310442725	99.5159
3.308330077	99.4812
3.306220124	99.4866
3.304112861	99.487
3.302008281	99.491
3.299906382	99.4861
3.297808244	99.4578
3.295711686	99.4724
3.293617792	99.4744
3.291526557	99.4597
3.289437976	99.4534
3.287352045	99.4704
3.285268756	99.4744
3.283188107	99.4592
3.281110091	99.4802
3.279034705	99.4514
3.276961942	99.4431
3.274891798	99.4509
3.272824267	99.4353
3.270759346	99.4221
3.268697029	99.3772
3.26663731	99.3679
3.264580186	99.3713
3.262525652	99.3537
3.260473701	99.3401
3.25842433	99.3318
3.256377534	99.3035
3.254333308	99.301
3.252291646	99.279
3.250252545	99.3093
3.248217054	99.2893
3.246183057	99.2834
3.244151606	99.2522
3.242122696	99.2327
3.240096322	99.2561
3.238072479	99.2283
3.236051163	99.197
3.234032369	99.1877
3.232016093	99.1858
3.230002329	99.1716
3.227991073	99.1658
3.22598232	99.1506
3.223976065	99.1482
3.221972305	99.1326
3.219971033	99.1174
3.217972246	99.0876
3.215975939	99.092
3.213982108	99.094
3.211990747	99.0896
3.210001852	99.0862
3.208015419	99.0583
3.206031443	99.0705
3.204049919	99.053
3.202070843	99.051
3.200095235	99.0432
3.19812104	98.9939
3.196149279	98.9753
3.194179949	98.9788
3.192213043	98.9822
3.190248559	98.9509
3.18828649	98.9729
3.186326834	99.008
3.184369586	98.988
3.18241474	98.9626
3.180462293	98.9553
3.17851224	98.9788
3.176564577	98.9861
3.1746193	99.0056
3.172676403	98.9714
3.170735883	98.9822
3.168797736	98.9827
3.166861956	98.9704
3.164928541	98.9221
3.162997484	98.9031
3.161068783	98.8811
3.159142432	98.8791
3.157218427	98.8787
3.155296765	98.8655
3.153378435	98.8674
3.151461443	98.8767
3.14954678	98.8572
3.147634443	98.8845
3.145724426	98.8596
3.143816726	98.8494
3.141911338	98.8884
3.140008258	98.863
3.138107483	98.8611
3.136209007	98.8738
3.134312827	98.8552
3.132418938	98.8791
3.130527337	98.8655
3.128638019	98.8674
3.126750981	98.8865
3.124866217	98.8826
3.122984699	98.8767
3.121104471	98.8806
3.119226507	98.8616
3.1173508	98.8826
3.115477349	98.8962
3.113606148	98.8845
3.111737193	98.8894
3.10987048	98.8772
3.108006006	98.8826
3.106143766	98.8635
3.104283756	98.8596
3.102425973	98.8635
3.100570412	98.8826
3.098717069	98.8772
3.096865941	98.9006
3.095017023	98.9026
3.093170311	98.9026
3.091325802	98.9319
3.089483491	98.9167
3.087643375	98.9236
3.085805449	98.9333
3.08396971	98.9509
3.082136155	98.9377
3.080304778	98.9548
3.078476524	98.9431
3.076649492	98.9255
3.074824627	98.9451
3.073001926	98.9358
3.071181385	98.9353
3.069363	98.9631
3.067546766	98.9783
3.065732681	98.9748
3.06392074	98.9416
3.06211094	98.9548
3.060303276	98.9704
3.058497745	98.9534
3.056694344	98.9397
3.054893068	98.9436
3.053093914	98.9763
3.051296877	98.9631
3.049501955	98.9451
3.047709144	98.9587
3.045918439	98.9372
3.044129837	98.9509
3.042343335	98.9509
3.040558928	98.9534
3.038776613	98.8967
3.036996386	98.9006
3.035219166	98.8913
3.033443104	98.9197
3.031669119	98.9177
3.029897208	98.9333
3.028127367	98.9304
3.026359592	98.9529
3.02459388	98.947
3.022830228	98.9421
3.021068631	98.9363
3.019309085	98.9402
3.017551589	98.9412
3.015796137	98.9421
3.014042726	98.9382
3.012291354	98.9578
3.010542015	98.9685
3.008794707	98.9519
3.007049426	98.9685
3.005306169	98.9548
3.003564931	98.9822
3.00182571	99.0144
3.000088503	99.0203
2.998353304	99.0193
2.996620112	99.029
2.994888923	99.0398
2.993160628	99.0837
2.991433432	99.0974
2.989708228	99.072
2.987985013	99.0486
2.986263784	99.0779
2.984544536	99.0837
2.982827267	99.0925
2.981111973	99.1111
2.97939865	99.1052
2.977687296	99.1462
2.975977906	99.1287
2.974270478	99.1296
2.972565009	99.1501
2.970861493	99.1355
2.96915993	99.1404
2.967460314	99.1326
2.965763522	99.1482
2.964067792	99.1384
2.962373999	99.1121
2.960682141	99.1335
2.958992215	99.154
2.957304216	99.1843
2.955618142	99.196
2.95393399	99.1726
2.952251756	99.1843
2.950571437	99.1941
2.94889303	99.2146
2.947216531	99.2204
2.945541937	99.199
2.943869245	99.1648
2.942198452	99.1726
2.940529554	99.2234
2.938862549	99.2497
2.937197432	99.2458
2.935534201	99.2683
2.933872853	99.2683
2.932213384	99.2771
2.930555792	99.2546
2.928900072	99.2497
2.927246222	99.2429
2.925595095	99.2449
2.923944975	99.2644
2.922296715	99.2497
2.920650312	99.2419
2.919005763	99.2468
2.917363066	99.2947
2.915722216	99.2478
2.91408321	99.2195
2.912446047	99.2107
2.910810722	99.199
2.909177232	99.241
2.907545575	99.2302
2.905915747	99.196
2.904287745	99.1775
2.902661566	99.1804
2.901037208	99.2165
2.899414666	99.2097
2.897793938	99.1999
2.896175022	99.2341
2.894557913	99.2615
2.892942609	99.2869
2.891329106	99.2888
2.889717403	99.2751
2.888107495	99.281
2.886500214	99.2927
2.884893888	99.2663
2.883289349	99.3025
2.881686594	99.3796
2.880085619	99.3542
2.878486423	99.3982
2.876889001	99.3552
2.875293352	99.3259
2.873699471	99.3162
2.872107357	99.2751
2.870517006	99.2956
2.868928415	99.2937
2.867341582	99.2751
2.865756502	99.2419
2.864173175	99.239
2.862591596	99.198
2.861011762	99.1999
2.859433672	99.1872
2.857857321	99.2312
2.856282708	99.2263
2.854709829	99.2234
2.853138681	99.1921
2.851569261	99.1648
2.850001568	99.1619
2.848436408	99.1306
2.846872156	99.1521
2.845309621	99.1716
2.8437488	99.1521
2.842189691	99.1687
2.840632291	99.1726
2.839076596	99.1413
2.837522604	99.1453
2.835970313	99.1101
2.834419719	99.1179
2.83287082	99.0984
2.831323613	99.1033
2.829778094	99.1033
2.828234263	99.0701
2.826692114	99.0622
2.825151647	99.0554
2.823612858	99.0154
2.822075744	99.0212
2.820540303	99.0115
2.819006531	99.0232
2.817474427	99.0281
2.815943987	99.0525
2.81441521	99.0466
2.812888091	99.0037
2.811363418	98.9665
2.809839609	98.9079
2.80831745	98.8816
2.806796939	98.8669
2.805278075	98.8689
2.803760853	98.8796
2.802245271	98.8845
2.800731327	98.8415
2.799219018	98.7781
2.797708341	98.8005
2.796199294	98.7537
2.794691874	98.7312
2.793186078	98.7205
2.791681905	98.7312
2.79017935	98.699
2.788678412	98.7165
2.787179865	98.7224
2.785682151	98.7048
2.784186046	98.6072
2.782691547	98.5788
2.781198652	98.5662
2.779707358	98.5398
2.778217662	98.4978
2.776729562	98.4499
2.775243056	98.3913
2.77375814	98.3865
2.772274812	98.3835
2.77079307	98.3455
2.769312911	98.364
2.767834333	98.3396
2.766357333	98.2849
2.764881908	98.2165
2.763408056	98.2449
2.761935774	98.2302
2.760465061	98.1716
2.758995913	98.1179
2.757528328	98.0896
2.756062304	98.1804
2.754597837	98.2107
2.753134926	98.0759
2.751674325	97.9958
2.750214517	97.9734
2.748756257	97.9734
2.747299542	97.9617
2.74584437	97.9695
2.74439074	97.9431
2.742938647	97.9539
2.741488091	98.0388
2.740039067	98.0955
2.738591575	98.0593
2.737145611	97.9705
2.735701174	97.9919
2.73425826	98.0124
2.732816867	97.9685
2.731376994	97.9656
2.729938636	97.9275
2.728501793	97.9177
2.727066462	97.8914
2.72563264	97.9333
2.724200325	97.9724
2.722769514	97.906
2.721340206	97.9109
2.719912397	97.9294
2.718486086	97.7908
2.717062008	97.7458
2.715638684	97.779
2.714216851	97.8083
2.712796505	97.8484
2.711377646	97.9148
2.709960269	97.908
2.708544374	97.8757
2.707129958	97.8005
2.705717018	97.8259
2.704305552	97.821
2.702895558	97.8455
2.701487034	97.8982
2.700079976	97.9001
2.698674384	97.8708
2.697270255	97.8757
2.695867585	97.9333
2.694466374	97.9958
2.693066619	97.9929
2.691668318	97.907
2.690271467	97.8328
2.688876066	97.8552
2.687482111	97.8914
2.686089602	97.8835
2.684698534	97.8728
2.683309626	97.9255
2.681921436	97.8611
2.680534681	97.8435
2.679149359	97.8826
2.677765469	97.9255
2.676383008	97.9724
2.675001973	97.9109
2.673622363	97.8845
2.672244175	97.8796
2.670867407	98.0134
2.669492057	98.0896
2.668118123	97.9617
2.666745602	98.0564
2.665374493	98.0828
2.664004793	98.0212
2.6626365	97.9001
2.66127032	97.8689
2.659904834	97.8533
2.658540748	97.8445
2.657178061	97.7908
2.65581677	97.7976
2.654456873	97.8181
2.653098368	97.8054
2.651741253	97.781
2.650385525	97.7234
2.649031183	97.7341
2.647678224	97.6872
2.646326647	97.7234
2.644976449	97.7576
2.643627628	97.7107
2.642280182	97.7263
2.640934109	97.6882
2.639589407	97.6638
2.638246073	97.6687
2.636904106	97.6335
2.635563503	97.6843
2.634224263	97.7078
2.632886383	97.6775
2.631549862	97.7146
2.630214697	97.7927
2.628881577	97.7205
2.627549117	97.6951
2.626218007	97.7302
2.624888245	97.6804
2.62355983	97.6501
2.622232758	97.6287
2.620907028	97.7244
2.619582638	97.781
2.618259585	97.7068
2.616937869	97.7507
2.615617486	97.7634
2.614298435	97.657
2.612980713	97.6374
2.61166432	97.6287
2.610349252	97.654
2.609035507	97.6921
2.607723085	97.6755
2.606411982	97.7117
2.605102197	97.7429
2.603793727	97.6687
2.602486572	97.5906
2.601180728	97.5593
2.599876194	97.5671
2.598572968	97.5828
2.597271722	97.5593
2.595971105	97.656
2.59467179	97.8357
2.593373774	97.738
2.592077057	97.5798
2.590781636	97.4978
2.589487509	97.5251
2.588194675	97.5076
2.58690313	97.4783
2.585612874	97.4294
2.584323905	97.5437
2.58303622	97.5349
2.581749817	97.4919
2.580464695	97.5164
2.579180852	97.4578
2.577898286	97.4656
2.576616995	97.4783
2.575336976	97.4412
2.574058229	97.5203
2.572780751	97.574
2.571504541	97.4919
2.570229596	97.531
2.568955915	97.5232
2.567683495	97.4529
2.566412994	97.4031
2.565143091	97.4382
2.563874445	97.4197
2.562607053	97.4568
2.561340913	97.4382
2.560076024	97.4148
2.558812384	97.3953
2.55754999	97.4255
2.556288841	97.406
2.555028936	97.407
2.553770272	97.363
2.552512847	97.3748
2.55125666	97.322
2.550001709	97.3083
2.548747991	97.3083
2.547495506	97.282
2.546244252	97.3132
2.544994225	97.2927
2.543745426	97.3005
2.542497852	97.321
2.5412515	97.3328
2.54000637	97.281
2.53876246	97.2742
2.537519767	97.3494
2.536278934	97.3289
2.535038671	97.2507
2.53379962	97.2556
2.53256178	97.2468
2.531325149	97.2703
2.530089725	97.2234
2.528855506	97.2429
2.52762249	97.2703
2.526390677	97.2664
2.525160064	97.3093
2.523930648	97.2703
2.52270243	97.3123
2.521475406	97.2537
2.520249575	97.2039
2.519024936	97.2664
2.517801486	97.2732
2.516579857	97.2693
2.515358781	97.2546
2.514138889	97.2039
2.512920179	97.1873
2.511702651	97.2039
2.510486301	97.1638
2.50927113	97.1726
2.508057134	97.1482
2.506844312	97.1492
2.505632662	97.1208
2.504422183	97.0701
2.503212874	97.0789
2.502004731	97.0867
2.500797754	97.0974
2.499591942	97.0867
2.498387291	97.032
2.497183801	97.0642
2.49598147	97.0857
2.494780296	97.1179
2.493580278	97.0623
2.492381413	97.0955
2.491183701	97.1326
2.489987139	97.1013
2.488791726	97.1853
2.48759808	97.1208
2.486404959	97.1208
2.485212983	97.0603
2.484022149	97.0173
2.482832455	97.0505
2.4816439	97.0349
2.480456483	97.0251
2.479270202	97.031
2.478085055	96.9998
2.47690104	97.0134
2.475718156	97.0662
2.474536402	97.1326
2.473355775	97.0798
2.472176274	97.0974
2.470997898	97.0798
2.469820644	97.0681
2.468644512	97.0623
2.467469499	97.0701
2.466295604	97.0662
2.465122826	97.1208
2.463951163	97.0935
2.462780612	97.0681
2.461611174	97.0525
2.460442845	97.0759
2.45927623	97.0896
2.458110116	97.0896
2.456945108	97.0447
2.455781204	97.0623
2.454618401	97.0486
2.4534567	97.0466
2.452296097	97.0349
2.451136592	97.033
2.449978183	96.9919
2.448820868	96.9958
2.447664646	96.8904
2.446509516	96.8708
2.445355475	96.8845
2.444202523	96.9021
2.443050657	96.8396
2.441899876	96.8845
2.440750179	96.9509
2.439601564	96.8962
2.43845403	96.9705
2.437307575	96.8982
2.436162197	96.9861
2.435017895	96.8728
2.433874668	96.9099
2.432732513	96.904
2.431592022	96.8943
2.430452008	96.8669
2.429313063	96.9177
2.428175185	96.8865
2.427038372	96.8357
2.425902624	96.8513
2.424767938	96.781
2.423634312	96.8474
2.422501747	96.8435
2.421370239	96.8415
2.420239788	96.8689
2.419110392	96.8201
2.417982049	96.8396
2.416854758	96.7439
2.415728518	96.7322
2.414603328	96.7517
2.413479185	96.7595
2.412356088	96.7419
2.411234036	96.7107
2.410113027	96.7126
2.40899306	96.74
2.407874134	96.7205
2.406756246	96.6658
2.405639396	96.7341
2.40452416	96.7165
2.40340938	96.7283
2.402295634	96.7107
2.401182919	96.6677
2.400071234	96.6912
2.398960578	96.7498
2.39785095	96.7517
2.396742348	96.7419
2.39563477	96.7751
2.394528216	96.7751
2.393422683	96.7966
2.392318171	96.7498
2.391214677	96.7185
2.390112201	96.7654
2.389010742	96.824
2.387910297	96.783
2.386811435	96.7595
2.385713014	96.6443
2.384615605	96.6169
2.383519204	96.5876
2.382423811	96.572
2.381329425	96.6208
2.380236043	96.5896
2.379143665	96.6033
2.37805229	96.6521
2.376961915	96.6267
2.375872539	96.6638
2.374784162	96.7517
2.373696781	96.7419
2.372610396	96.7126
2.371525004	96.6697
2.370440606	96.6638
2.369357198	96.7107
2.368274781	96.7224
2.367193351	96.7146
2.366112909	96.6951
2.365033453	96.6326
2.363954982	96.6091
2.362877493	96.6482
2.361800987	96.5642
2.360726018	96.7107
2.35965147	96.613
2.3585779	96.4998
2.357505307	96.4255
2.356433688	96.4431
2.355363044	96.5251
2.354293372	96.5466
2.353224671	96.4802
2.35215694	96.5017
2.351090177	96.4685
2.350024382	96.5408
2.348959552	96.4861
2.347895687	96.4626
2.346832785	96.4861
2.345770845	96.5251
2.344709866	96.488
2.343649846	96.4392
2.342590784	96.3669
2.341532678	96.3552
2.340475528	96.3064
2.339419333	96.3044
2.33836409	96.2576
2.337309798	96.324
2.336256457	96.2595
2.335204611	96.3396
2.334153166	96.3142
2.333102667	96.3005
2.332053114	96.3533
2.331004504	96.3435
2.329956838	96.2927
2.328910112	96.3435
2.327864326	96.3318
2.32681948	96.3005
2.325775571	96.3611
2.324732598	96.324
2.32369056	96.2439
2.322649456	96.2966
2.321609284	96.2771
2.320570043	96.2751
2.319531733	96.2419
2.318494351	96.2419
2.317457897	96.3064
2.316422369	96.2888
2.315387766	96.2439
2.314354087	96.2986
2.31332133	96.3142
2.312289495	96.3005
2.31125858	96.2654
2.310229117	96.2595
2.309200038	96.281
2.308171875	96.1599
2.307144627	96.1912
2.306118293	96.1912
2.305092872	96.2517
2.304068363	96.1892
2.303044763	96.2029
2.302022073	96.2751
2.301000291	96.3005
2.299979415	96.2927
2.298959445	96.2263
2.297940379	96.1951
2.296922216	96.2771
2.295904955	96.2224
2.294888595	96.2419
2.29387366	96.2361
2.292859097	96.3689
2.291845431	96.197
2.29083266	96.1755
2.289820785	96.1638
2.288809803	96.2185
2.287799713	96.3787
2.286790515	96.2419
2.285782206	96.2185
2.284774786	96.1189
2.283768254	96.2107
2.282762608	96.2205
2.281757848	96.238
2.280753972	96.1482
2.279750978	96.1248
2.278748867	96.1443
2.277747636	96.156
2.276747284	96.1345
2.275747811	96.0408
2.274749215	96.0583
2.273751494	95.9783
2.272754649	96.0251
2.271758677	96.0779
2.270763578	95.9685
2.269769866	95.9451
2.268776508	95.9548
2.267784019	95.9216
2.266792398	95.9392
2.265801644	95.947
2.264811756	95.9607
2.263822732	95.9451
2.262834571	95.988
2.261847273	96.0193
2.260860836	96.0173
2.259875259	95.9607
2.258890541	95.9841
2.257906681	96.0232
2.256923678	95.9919
2.25594153	96.0251
2.254960236	95.9861
2.253979796	95.9373
2.253000208	96.031
2.252021471	96.031
2.251043584	96.0857
2.250066546	96.0857
2.249090355	96.072
2.248115012	96.0623
2.247140514	95.9919
2.246167365	96.0486
2.245194554	96.0701
2.244222586	95.9763
2.243251458	95.9548
2.242281171	95.9216
2.241311723	95.8767
2.240343113	95.8748
2.23937534	95.9685
2.238408402	95.9607
2.237442299	95.9216
2.23647703	95.9001
2.235512593	95.9294
2.234548988	95.9236
2.233586213	95.8708
2.232624267	95.8396
2.231663149	95.7751
2.230702859	95.8943
2.229743394	95.8533
2.228784755	95.9294
2.22782694	95.8318
2.226869947	95.8533
2.225913777	95.8376
2.224958427	95.8552
2.224003896	95.8201
2.223050679	95.822
2.222097785	95.8591
2.221145707	95.8669
2.220194445	95.8376
2.219243997	95.822
2.218294362	95.7732
2.21734554	95.8748
2.21639753	95.906
2.215450329	95.947
2.214503938	95.9548
2.213558355	95.8982
2.212613579	95.9451
2.211669609	95.8923
2.210726445	95.8162
2.209784084	95.8376
2.208842527	95.8044
2.207901771	95.8279
2.206961817	95.8005
2.206022662	95.8201
2.205084307	95.6716
2.204146749	95.6677
2.203209989	95.7615
2.202274024	95.5798
2.201338854	95.5798
2.200404963	95.6814
2.199471379	95.7126
2.198538587	95.613
2.197606587	95.6208
2.196675376	95.6111
2.195744954	95.5857
2.194815319	95.7517
2.193886472	95.5955
2.192958411	95.6501
2.192031134	95.658
2.191104641	95.7205
2.190178931	95.6833
2.189254003	95.6482
2.188329856	95.6892
2.187406488	95.6521
2.1864839	95.6423
2.185562567	95.6169
2.184641533	95.6345
2.183721275	95.6267
2.182801792	95.572
2.181883083	95.5935
2.180965147	95.5876
2.180047983	95.4841
2.17913159	95.533
2.178215967	95.3376
2.177301113	95.3748
2.176387028	95.4392
2.175473709	95.5017
2.174561157	95.4373
2.17364937	95.4607
2.172738348	95.4939
2.171828089	95.4451
2.170918592	95.5232
2.170009856	95.5017
2.169101881	95.5544
2.168194666	95.5701
2.167288209	95.6189
2.166382509	95.6267
2.165477567	95.5583
2.16457338	95.5798
2.163670416	95.5857
2.162767737	95.4451
2.161865811	95.4529
2.160964637	95.4001
2.160064214	95.4158
2.159164542	95.3591
2.158265618	95.3748
2.157367442	95.283
2.156470014	95.2029
2.155573332	95.2908
2.154677395	95.4236
2.153782203	95.4841
2.152887754	95.4529
2.151994048	95.4861
2.151101084	95.5388
2.150208861	95.5173
2.149317377	95.5876
2.148426632	95.5095
2.147536625	95.4763
2.146647355	95.4294
2.145758822	95.3298
2.144871024	95.3474
2.14398396	95.3552
2.143097629	95.3826
2.14221249	95.3748
2.141327623	95.3279
2.140443487	95.3279
2.139560081	95.3533
2.138677403	95.283
2.137795454	95.2654
2.136914232	95.2654
2.136033736	95.3044
2.135153965	95.2966
2.134274919	95.2517
2.133396596	95.2888
2.132518995	95.3298
2.131642117	95.3044
2.130765959	95.3279
2.129890521	95.2517
2.129015803	95.2126
2.128141802	95.2263
2.127268519	95.1501
2.126395952	95.1345
2.125524101	95.1287
2.124652964	95.0857
2.123782542	95.0935
2.122912832	95.1658
2.122043834	95.1638
2.121175997	95.1716
2.12030842	95.2048
2.119441553	95.2263
2.118575394	95.3201
2.117709942	95.2498
2.116845198	95.1736
2.115981159	95.1345
2.115117826	95.1052
2.114255197	95.1345
2.113393271	95.1951
2.112532047	95.1169
2.111671525	95.0955
2.110811704	95.0095
2.109952583	94.9685
2.109094161	95.1013
2.108236437	95.1873
2.107379855	95.2048
2.106523524	95.1248
2.105667889	95.2205
2.104812949	95.3064
2.103958703	95.3123
2.103105151	95.2673
2.10225229	95.2732
2.101400121	95.2439
2.100548642	95.1951
2.099697853	95.2126
2.098847754	95.1033
2.097998342	95.1189
2.097149617	95.1404
2.096301579	95.0564
2.095454226	95.0623
2.094607559	95.0623
2.093761575	95.1248
2.092916274	94.9451
2.092071655	95.0857
2.091227718	95.0896
2.090384461	95.1169
2.089541885	95.2029
2.088699987	95.0818
2.087858767	94.9919
2.08701866	94.906
2.086178794	94.9568
2.085339604	94.9412
2.084501088	94.9529
2.083663247	94.988
2.082826078	95.0662
2.081989583	94.9646
2.081153758	94.9724
2.080318605	94.9998
2.079484122	95.0349
