Name:  Dolomite CaMg(CO3)2
Type:  Mineral
Class:   Carbonates
Subclass:   
Particle Size: Fine  (0-74 Micrometers)
Sample No.:  dolomite.2
Owner:  JHU
Wavelength Range:  IR
Origin:  Hunt and Salisbury Collection #102B;  Sample from Lee, 
Massachusetts.
Description: The sample appeared to be pure white dolomite in hand 
specimen and under the microscope.




Measurement:  Bidirectional reflectance 
First Column:  X
Second Column:  Y  
X Units:  Wavelength (micrometers)
Y Units:  Reflectance (percent)
First X Value:  25.0442
Last X Value:  2.079
Number of X Values:  2287
Additional Information: dolomi2a.txt

25.04420302	2.581
24.9237955	2.5298
24.80454022	2.3184
24.68642074	2.2246
24.5694209	2.2993
24.45358465	2.5381
24.3387763	2.706
24.22504094	2.5244
24.11236361	2.4473
24.00072962	2.3594
23.89012454	2.2158
23.78053421	2.1899
23.67194472	2.4414
23.56434244	2.6138
23.45771395	2.5542
23.35204611	2.5637
23.24732598	2.6094
23.14354087	2.624
23.04067832	2.7327
22.93872607	2.7541
22.83767211	2.6963
22.7375046	2.6904
22.63821194	2.6221
22.53978272	2.5107
22.44220571	2.3447
22.3454699	2.2632
22.24956446	2.2278
22.15447875	2.1445
22.06020229	2.0588
21.96677306	1.854
21.87408402	1.6636
21.7821739	1.5413
21.69103293	1.3791
21.60065148	1.2551
21.5110201	1.1299
21.42212949	0.9673
21.33397051	0.8196
21.24653416	0.7812
21.15981159	0.677
21.0737941	0.4971
20.98847313	0.3989
20.90384024	0.408
20.81988716	0.3848
20.73660571	0.3823
20.65398787	0.429
20.57202575	0.4224
20.49071156	0.3616
20.41003766	0.3176
20.3299965	0.2998
20.25058069	0.3745
20.1717829	0.4324
20.09359597	0.4541
20.01601281	0.4702
19.93906621	0.4902
19.8626695	0.5186
19.78685599	0.5513
19.71161901	0.5247
19.63695203	0.5288
19.56284859	0.603
19.48930232	0.6753
19.41630698	0.7324
19.34385639	0.792
19.27194448	0.8345
19.20056526	0.874
19.12971284	0.9106
19.05938141	0.9873
18.98956523	1.0762
18.92025868	1.1416
18.85145618	1.2148
18.78315226	1.3118
18.71534153	1.4094
18.64801865	1.4675
18.58117838	1.5005
18.51481556	1.5781
18.44892507	1.647
18.38350191	1.7168
18.31854111	1.7871
18.25407111	1.8491
18.19002023	1.9009
18.12641726	1.9946
18.06325753	2.0854
18.00053642	2.1653
17.93824937	2.2583
17.8763919	2.3599
17.81495958	2.4722
17.75394803	2.54
17.69335296	2.6069
17.63317011	2.7251
17.57339529	2.8379
17.51402436	2.9026
17.45505324	2.9692
17.39647791	3.0408
17.3382944	3.1282
17.28049878	3.2507
17.2230872	3.3625
17.16605584	3.4131
17.10940093	3.4853
17.05311876	3.5618
16.99720566	3.6343
16.94165801	3.6821
16.88647225	3.7212
16.83167317	3.7969
16.77720046	3.9272
16.72307919	4.0669
16.66930597	4.2012
16.61587747	4.3498
16.56279037	4.4658
16.51004141	4.6123
16.45762737	4.7788
16.40554507	4.9426
16.35379138	5.0657
16.30236319	5.1645
16.25125744	5.3176
16.20047111	5.4033
16.15000121	5.4643
16.0998448	5.5625
16.04999896	5.6365
16.00048641	5.6455
15.95125297	5.6216
15.90232158	5.5835
15.85368947	5.5508
15.80535391	5.5637
15.75731218	5.4971
15.70956162	5.4333
15.6620996	5.3887
15.61492349	5.3335
15.56803074	5.3115
15.52141878	5.3013
15.47508511	5.301
15.42902725	5.3127
15.38324273	5.3826
15.33772913	5.4534
15.29248405	5.5215
15.24750513	5.6003
15.20279002	5.699
15.1583364	5.8005
15.114142	5.9009
15.07020455	6.0005
15.02652181	6.05
14.98309158	6.1174
14.93991168	6.2053
14.89700213	6.2839
14.85431629	6.3674
14.81187438	6.4619
14.76967431	6.5173
14.72771402	6.5349
14.68599147	6.5303
14.64450465	6.5815
14.60325156	6.6284
14.56223023	6.6387
14.52143873	6.6601
14.48087511	6.7051
14.44053748	6.7319
14.40042395	6.7312
14.36053266	6.7529
14.32086177	6.6968
14.28140946	6.5979
14.24217393	6.4844
14.20315338	6.3418
14.16434607	6.1228
14.12575025	5.8784
14.0873642	5.5627
14.0491862	5.1689
14.01121458	4.7749
13.97344765	4.4045
13.93590321	3.9756
13.89854065	3.436
13.8613779	2.8372
13.82441336	2.2153
13.78764544	1.6814
13.75107258	1.2693
13.71469324	0.9753
13.67850587	0.8157
13.64250897	0.9043
13.60670103	1.384
13.57108057	2.219
13.53564612	3.1826
13.50039624	4.103
13.46532947	4.8891
13.4304444	5.553
13.39573962	6.164
13.36121373	6.709
13.32686536	7.1894
13.29269314	7.6562
13.25869572	8.1208
13.22487175	8.5053
13.19121992	8.8315
13.15773892	9.1594
13.12442745	9.4363
13.09130135	9.656
13.05832501	9.8674
13.02551438	10.0539
12.99286821	10.2092
12.96038529	10.3596
12.92806437	10.4714
12.89590426	10.5122
12.86390376	10.5315
12.83206168	10.5752
12.80037684	10.6008
12.7688481	10.5993
12.73747429	10.6582
12.70625427	10.739
12.67518693	10.7976
12.64427113	10.875
12.61350579	10.9109
12.58290562	10.9294
12.55243781	10.977
12.52211719	11.0107
12.4919427	11.011
12.46191328	11.0405
12.43202789	11.0901
12.40228549	11.081
12.37268507	11.0664
12.34322561	11.0681
12.31390609	11.0764
12.28472554	11.061
12.25568296	11.0644
12.22677738	11.0583
12.19800782	11.0068
12.16937334	10.9734
12.14087298	10.9646
12.1125058	10.8755
12.08427087	10.8113
12.05616727	10.7881
12.02819409	10.7019
12.00035041	10.5876
11.97263534	10.519
11.945048	10.4343
11.9175875	10.3103
11.8902671	10.1477
11.86305761	9.9609
11.83597236	9.6086
11.80901051	8.9929
11.78217122	7.9277
11.75545365	6.0359
11.72885698	4.0434
11.70238038	4.6301
11.67602305	6.591
11.64978419	7.1675
11.62366299	6.8467
11.59765866	6.28
11.57177043	5.5762
11.54599752	4.7891
11.52033916	4.0093
11.49479458	3.2578
11.46936304	2.6589
11.44404378	2.2639
11.41883606	2.0493
11.39373914	1.9626
11.3687523	2.0193
11.34387482	2.1453
11.31910597	2.3081
11.29444505	2.5105
11.26990406	2.8662
11.24545684	3.457
11.22111545	4.3608
11.19687921	5.6094
11.17274743	7.072
11.14871946	8.3508
11.12479461	9.0703
11.10097222	9.24
11.07725165	9.1899
11.05363222	9.1299
11.03011331	9.1184
11.00669427	9.094
10.98337447	9.0693
10.96015327	9.0969
10.93703005	9.1262
10.9140042	9.1072
10.89107509	9.1316
10.86824213	9.1599
10.8455047	9.1611
10.82286221	9.1657
10.80031407	9.1933
10.77785969	9.2126
10.75549848	9.2295
10.73322986	9.2888
10.71106474	9.3415
10.68897956	9.3545
10.66698525	9.3801
10.64508128	9.3755
10.62326708	9.3308
10.6015421	9.289
10.5799058	9.292
10.55835763	9.2856
10.53689705	9.2771
10.51552354	9.3047
10.49423657	9.3637
10.4730356	9.4128
10.45192012	9.4682
10.43088962	9.5158
10.40994358	9.5127
10.38908149	9.4839
10.36830285	9.4458
10.34760717	9.3733
10.32699394	9.3069
10.30646267	9.2734
10.28601287	9.2331
10.26564407	9.1721
10.24535578	9.1501
10.22514752	9.1372
10.20502924	9.0952
10.1849796	9.0613
10.16500858	9.0471
10.14511574	8.9931
10.12530059	8.9172
10.10556271	8.8542
10.08590162	8.7971
10.0663169	8.7441
10.04680808	8.7431
10.02737473	8.7778
10.00801642	8.7849
9.98873271	8.7727
9.969523168	8.7453
9.950387369	8.6775
9.931324888	8.6343
9.912335307	8.6081
9.893427994	8.5481
9.874582922	8.4997
9.855809507	8.4992
9.83710734	8.4768
9.818476015	8.4204
9.799915133	8.3137
9.781424293	8.1521
9.7630031	8.0115
9.744651161	7.9158
9.726368087	7.8664
9.70815349	7.8418
9.690006986	7.7949
9.671928196	7.7695
9.653916739	7.7829
9.635972241	7.7934
9.618094328	7.802
9.600282632	7.8225
9.582536785	7.8335
9.564856422	7.9045
9.547241181	8.0722
9.529690704	8.2588
9.512204634	8.373
9.494782617	8.4504
9.477424301	8.4595
9.460138288	8.3821
9.4429063	8.301
9.425736975	8.2412
9.408629972	8.1802
9.391584952	8.1079
9.374601579	7.9992
9.35767952	7.8432
9.340818443	7.7158
9.324018018	7.6824
9.307277919	7.6633
9.290597822	7.6445
9.273977405	7.6758
9.257416348	7.7417
9.240914333	7.7781
9.224471046	7.8091
9.208086173	7.8552
9.191759404	7.9004
9.17549043	7.9573
9.159278945	7.9602
9.143124645	7.7717
9.127027227	7.3235
9.110986392	6.6553
9.095001842	6.1037
9.079073281	6.1948
9.06320863	6.7947
9.04739114	7.3779
9.031628764	7.6828
9.015921215	7.7495
9.000268208	7.7099
8.984669459	7.5993
8.969124685	7.4509
8.953633608	7.3496
8.93819595	7.2834
8.922811435	7.2229
8.907479789	7.167
8.89220074	7.1208
8.876974017	7.0857
8.861799353	7.0791
8.846676481	7.1523
8.831605135	7.2385
8.816585054	7.2798
8.801615977	7.2685
8.786697643	7.1828
8.771829795	7.0002
8.757012178	6.8042
8.742244536	6.6792
8.727526619	6.6157
8.712858175	6.5989
8.69824652	6.6145
8.683676252	6.6472
8.669154714	6.6955
8.654681663	6.75
8.640256858	6.7856
8.625880055	6.7773
8.611551018	6.7187
8.597269507	6.6101
8.583035287	6.469
8.568848124	6.321
8.554707784	6.2002
8.540614036	6.0957
8.52656665	5.9944
8.512565398	5.9057
8.498610052	5.7903
8.484700388	5.6299
8.470836182	5.467
8.45701721	5.3428
8.443243252	5.2375
8.429514089	5.1621
8.415829502	5.1108
8.402189274	5.0632
8.388593191	5.0393
8.375041038	5.0784
8.361539594	5.1948
8.348074642	5.3716
8.334652987	5.5752
8.32127442	5.7495
8.307938734	5.8515
8.294645723	5.8979
8.281395183	5.8984
8.268186911	5.8533
8.255020704	5.793
8.241896361	5.7378
8.228813685	5.6731
8.215772476	5.5481
8.202772537	5.3796
8.189813674	5.1748
8.176895691	4.9487
8.164018395	4.7319
8.151188239	4.5613
8.138391724	4.4599
8.125635323	4.4304
8.11291885	4.4636
8.100242116	4.5327
8.087604937	4.5849
8.075007126	4.626
8.062448501	4.6597
8.049928879	4.6694
8.037448078	4.6855
8.025005918	4.7114
8.012602221	4.7148
8.000236807	4.7109
7.9879095	4.7153
7.975620124	4.7219
7.963368505	4.7244
7.951154468	4.7285
7.938977841	4.728
7.926838452	4.7038
7.914736131	4.6902
7.902670708	4.7016
7.890642014	4.7117
7.878649883	4.7266
7.866694148	4.7495
7.854780812	4.7539
7.842897355	4.7253
7.831049799	4.6716
7.819237984	4.5972
7.807461747	4.4878
7.795720929	4.362
7.784015369	4.259
7.772344909	4.1509
7.760709391	4.0366
7.749108659	3.957
7.737542556	3.8999
7.726010929	3.8371
7.714513623	3.7776
7.703050485	3.7178
7.691621363	3.6636
7.680226106	3.6291
7.668864563	3.6238
7.657536586	3.6431
7.646242025	3.665
7.634980733	3.6924
7.623752563	3.7043
7.61255737	3.6829
7.601395008	3.6545
7.590265333	3.6245
7.579173946	3.5837
7.568109199	3.5332
7.557076711	3.4709
7.546076342	3.3933
7.535107952	3.3025
7.524171401	3.2187
7.51326655	3.135
7.502393263	3.0403
7.491551403	2.9636
7.480740833	2.9101
7.469961418	2.8791
7.459213023	2.8559
7.448495516	2.8318
7.437808762	2.8022
7.42715263	2.7773
7.416526989	2.7646
7.405931707	2.7417
7.395366655	2.699
7.384831703	2.6455
7.374326724	2.5806
7.363851589	2.5102
7.353406171	2.4431
7.342990345	2.3801
7.332603984	2.3196
7.322252325	2.2629
7.311924506	2.2085
7.30162578	2.1536
7.291356025	2.1023
7.281115117	2.0539
7.270902937	2.0073
7.260719363	1.9639
7.250564275	1.9126
7.240437554	1.864
7.230339081	1.8223
7.220268738	1.793
7.210226408	1.7717
7.200211974	1.7454
7.19022532	1.7178
7.18026633	1.6934
7.17033489	1.6719
7.160436013	1.6553
7.150559317	1.6389
7.140709829	1.6255
7.130887439	1.6118
7.121092034	1.5998
7.111323503	1.5996
7.101581735	1.5967
7.091866622	1.5952
7.082178053	1.6255
7.07251592	1.6892
7.062880115	1.7737
7.053270531	1.8684
7.04368706	1.9849
7.034129597	2.0915
7.024598035	2.1567
7.01509227	2.1912
7.005612196	2.1992
6.99615771	2.1916
6.986728709	2.1841
6.977325089	2.1702
6.967946748	2.144
6.958593585	2.1291
6.949265497	2.1326
6.939962385	2.1274
6.930688952	2.1189
6.921435478	2.1177
6.912206681	2.1204
6.903002461	2.1135
6.893822721	2.1184
6.884667364	2.1306
6.875536292	2.1357
6.866429409	2.1267
6.857346618	2.1406
6.848287825	2.1626
6.839252935	2.1704
6.830241852	2.1829
6.821254483	2.1946
6.812290735	2.2075
6.803350514	2.2241
6.794433728	2.2292
6.785540285	2.2363
6.776670093	2.2566
6.767823062	2.28
6.7589991	2.2964
6.750198118	2.3074
6.741420026	2.331
6.732664735	2.352
6.723932156	2.3723
6.715226709	2.3921
6.706539278	2.416
6.697874296	2.4473
6.689231675	2.4653
6.680611329	2.4893
6.672013173	2.5215
6.663437121	2.5596
6.654883087	2.6099
6.646350987	2.6597
6.637840737	2.7034
6.629352253	2.7742
6.620885451	2.8491
6.612440248	2.9006
6.604016563	2.9526
6.595614312	3.0054
6.587233415	3.0559
6.578873789	3.1013
6.570535354	3.1506
6.56221803	3.2178
6.553921736	3.2746
6.545646392	3.344
6.537391921	3.4219
6.529158241	3.499
6.520945276	3.5713
6.512757189	3.6597
6.504585407	3.739
6.496434107	3.8022
6.488303211	3.8957
6.480192643	4.008
6.472102327	4.1059
6.464032186	4.2119
6.455982145	4.3269
6.44795213	4.4353
6.439942066	4.542
6.431951879	4.6562
6.423981494	4.7585
6.416030838	4.8369
6.408099838	4.9802
6.400188422	5.1631
6.392296516	5.3262
6.384424048	5.499
6.376570948	5.6802
6.368737143	5.8459
6.360922563	5.9814
6.353127136	6.0171
6.345350793	5.9109
6.337593464	5.7749
6.329855078	5.6374
6.322139564	5.4643
6.314438848	5.2807
6.30675687	5.0964
6.29909356	4.9033
6.291448851	4.6787
6.283822676	4.448
6.276214965	4.2297
6.268625654	4.0342
6.261054675	3.8938
6.253501961	3.7922
6.245967447	3.6946
6.238451067	3.5979
6.230952756	3.5212
6.223472449	3.4673
6.21601008	3.4282
6.208565585	3.4333
6.201142747	3.4783
6.1937338	3.4958
6.186342535	3.4831
6.178968891	3.4812
6.171612803	3.4751
6.164274209	3.4375
6.156953047	3.3879
6.149649255	3.3337
6.14236277	3.2568
6.135093533	3.1672
6.12784148	3.0669
6.120606552	2.9473
6.113388688	2.8135
6.106187828	2.7151
6.099003911	2.6457
6.091836878	2.5879
6.084686669	2.5544
6.077553226	2.5444
6.070436489	2.5571
6.063336399	2.5745
6.056252899	2.5771
6.049185931	2.5749
6.042135436	2.605
6.035101357	2.6265
6.02808727	2.6311
6.021085843	2.6382
6.01410066	2.6741
6.007131667	2.7388
6.000178805	2.7956
5.99324202	2.8362
5.986321256	2.8845
5.979416457	2.9287
5.972527568	2.9658
5.965654534	3.0129
5.9587973	3.0654
5.951955813	3.1096
5.945130017	3.1619
5.938319859	3.2131
5.931525286	3.2903
5.924746243	3.3706
5.917982678	3.4394
5.911234538	3.5068
5.904501769	3.5513
5.89778432	3.5813
5.891082139	3.6328
5.884395172	3.6726
5.87772337	3.7202
5.871066679	3.7954
5.864428488	3.8423
5.85780186	3.8943
5.851190191	3.9648
5.84459343	4.0303
5.838011527	4.073
5.831444431	4.1018
5.824892094	4.1081
5.818354465	4.1235
5.811831494	4.1518
5.805323133	4.1689
5.798829332	4.185
5.792350043	4.2261
5.785885217	4.2746
5.779434806	4.3115
5.772998761	4.3323
5.766577035	4.3494
5.760169579	4.3852
5.753776347	4.4018
5.747397291	4.4116
5.741032364	4.4553
5.734681519	4.5068
5.728344709	4.5574
5.722021888	4.6228
5.715713009	4.6914
5.709421287	4.741
5.703140149	4.7903
5.696872816	4.8066
5.690619242	4.7956
5.684379382	4.8159
5.678153192	4.8254
5.671940626	4.8125
5.66574164	4.7983
5.659556189	4.7683
5.653384229	4.7261
5.647225716	4.6711
5.641080605	4.6184
5.634948854	4.5788
5.628830419	4.5317
5.622725256	4.4805
5.616633323	4.4243
5.610557723	4.3572
5.604492113	4.2768
5.598439603	4.1882
5.592400152	4.082
5.586373717	3.9475
5.580360257	3.7986
5.574359729	3.6565
5.568372092	3.5071
5.562397304	3.3474
5.556435324	3.1728
5.550486112	2.9949
5.544549625	2.8015
5.538625823	2.595
5.532714665	2.3828
5.526816112	2.176
5.520930122	2.0198
5.515056656	1.9189
5.509195674	1.863
5.503347136	1.8474
5.497511002	1.852
5.491687233	1.8613
5.48587579	1.9158
5.480076633	2.0425
5.474289725	2.26
5.468518015	2.5974
5.462755479	3.0664
5.457005076	3.6155
5.451266765	4.1807
5.445540511	4.7287
5.439826274	5.2475
5.434124016	5.7236
5.428433701	6.1499
5.422755291	6.5332
5.417088748	6.8999
5.411434035	7.2331
5.405791116	7.5251
5.400159953	7.7888
5.394540509	8.0176
5.388932749	8.2195
5.383336635	8.4038
5.377752132	8.5622
5.372179203	8.7112
5.366617813	8.8645
5.361067925	9.0036
5.355529504	9.1252
5.350002515	9.2402
5.344486921	9.3579
5.338982689	9.4497
5.333492627	9.5222
5.328011006	9.5947
5.32254064	9.6577
5.317081497	9.7094
5.31163354	9.7737
5.306196736	9.8474
5.30077105	9.914
5.295356449	9.9892
5.289952898	10.0918
5.284560364	10.1936
5.279178813	10.2971
5.273808212	10.4133
5.268448526	10.5251
5.263099724	10.636
5.257761771	10.7566
5.252434635	10.8713
5.247118283	10.9714
5.241812682	11.0776
5.236517799	11.188
5.231233603	11.2812
5.225960061	11.3857
5.220697141	11.4848
5.21544481	11.5495
5.210203036	11.6242
5.204974498	11.7168
5.19975374	11.7849
5.194543444	11.8532
5.189343579	11.9267
5.184154115	11.9944
5.178975019	12.0508
5.173806261	12.1264
5.168647809	12.2133
5.163499634	12.2793
5.158361704	12.3401
5.153233989	12.4055
5.148116459	12.4502
5.143009082	12.4902
5.137911829	12.5461
5.13282467	12.5891
5.127747575	12.6106
5.122680514	12.6511
5.117623458	12.7004
5.112576376	12.7238
5.107539239	12.7351
5.102512018	12.7653
5.097494683	12.7768
5.092487206	12.7607
5.087489558	12.7375
5.082504292	12.6626
5.077526209	12.4851
5.072557868	12.2028
5.06759924	11.9045
5.062650297	11.758
5.057711011	11.8706
5.052781354	12.1721
5.047861297	12.4946
5.042950812	12.7519
5.038049872	12.9533
5.033158448	13.104
5.028276513	13.1975
5.023404039	13.2717
5.018541	13.3437
5.013687367	13.3884
5.008843113	13.4143
5.004010715	13.4521
4.999185133	13.4773
4.994368849	13.4851
4.989561837	13.511
4.984764069	13.5359
4.979975518	13.5454
4.97519616	13.5639
4.970425966	13.5869
4.96566491	13.5913
4.960912967	13.5954
4.95617011	13.6196
4.951436313	13.6311
4.94671155	13.6284
4.941995795	13.6423
4.937289023	13.6687
4.932591209	13.6765
4.927902325	13.6938
4.923222347	13.7165
4.918551251	13.719
4.913889009	13.7224
4.909235598	13.7441
4.904590991	13.7492
4.899955165	13.7485
4.895328095	13.7656
4.890712146	13.7807
4.886102507	13.7785
4.88150155	13.7863
4.876909249	13.8061
4.87232558	13.8093
4.86775052	13.8037
4.863184043	13.8088
4.858626126	13.8188
4.854076745	13.8132
4.849535875	13.821
4.845003493	13.8205
4.840479575	13.8105
4.835964098	13.8176
4.831457037	13.8291
4.826958369	13.8235
4.822468072	13.8181
4.81798612	13.822
4.813512492	13.82
4.809047164	13.8166
4.804590113	13.8203
4.800141316	13.8149
4.79570075	13.8005
4.791268392	13.8051
4.78684422	13.8108
4.782430498	13.8025
4.778022625	13.7834
4.773622869	13.7773
4.769231209	13.7739
4.764847623	13.7566
4.760472086	13.7463
4.756104579	13.7431
4.751745078	13.7199
4.747393562	13.7019
4.743050009	13.6865
4.738714396	13.6528
4.734386703	13.6225
4.730066907	13.5932
4.725754987	13.5412
4.721450921	13.4821
4.717154688	13.4257
4.712866266	13.3676
4.708585635	13.2902
4.704312773	13.2024
4.700047658	13.122
4.695790271	13.0171
4.691540589	12.8823
4.687298593	12.7363
4.68306426	12.5586
4.67883976	12.3423
4.67462069	12.1045
4.670409221	11.8374
4.666205334	11.5551
4.662009009	11.3015
4.657820224	11.0925
4.65363896	10.9175
4.649465195	10.7727
4.645298911	10.6831
4.641140087	10.624
4.636988702	10.5757
4.632844738	10.5432
4.628708174	10.5224
4.62457899	10.4966
4.620457167	10.4763
4.616342684	10.4756
4.612235523	10.4792
4.608135664	10.509
4.604043086	10.5959
4.599957772	10.7148
4.595879702	10.8384
4.591808856	10.9721
4.587745215	11.112
4.58368876	11.2505
4.57964157	11.3906
4.575599426	11.5285
4.571564412	11.6379
4.567536508	11.7356
4.563515696	11.8308
4.559501956	11.9177
4.555495271	12
4.551495621	12.0883
4.547502989	12.1594
4.543517355	12.2256
4.539538701	12.292
4.535567009	12.3401
4.531602261	12.3794
4.527644439	12.4189
4.523693523	12.4746
4.519749497	12.5346
4.515814382	12.5986
4.511884077	12.6926
4.507960608	12.8208
4.504043956	12.9489
4.500134104	13.073
4.496231034	13.1809
4.492334729	13.2534
4.488445171	13.2983
4.484562343	13.3191
4.480686226	13.3093
4.476816804	13.2622
4.47295406	13.2058
4.469097975	13.1421
4.465248534	13.0461
4.461405718	12.9306
4.45756951	12.8217
4.453739894	12.709
4.449916853	12.6113
4.44610037	12.5439
4.442290427	12.5002
4.438487009	12.4734
4.434690097	12.4814
4.430899676	12.5171
4.42711573	12.5647
4.423340197	12.6306
4.419569145	12.717
4.415804518	12.8064
4.412046298	12.8986
4.408294471	13.0009
4.404549018	13.0893
4.400809925	13.1667
4.397077175	13.25
4.393350752	13.3427
4.389630639	13.4138
4.385916821	13.477
4.382209282	13.5451
4.378508006	13.6054
4.374812977	13.6577
4.371124179	13.7197
4.367441596	13.771
4.363765214	13.8098
4.360095015	13.8549
4.356430985	13.8989
4.352773108	13.8772
4.349121369	13.7959
4.345475751	13.6814
4.341836241	13.5212
4.338202821	13.3755
4.334577357	13.2749
4.330956072	13.2041
4.327340832	13.1411
4.323731623	13.0974
4.320128429	13.0547
4.316531235	12.9926
4.312940028	12.9367
4.30935479	12.9082
4.305775509	12.8864
4.302202168	12.8632
4.298634754	12.8564
4.29507325	12.8581
4.291517644	12.8401
4.287967919	12.8122
4.284424062	12.7849
4.280886058	12.7695
4.277353892	12.7915
4.27382755	12.8408
4.270307018	12.9001
4.266792281	12.9736
4.263283325	13.0427
4.259780136	13.0969
4.256282699	13.1194
4.252791	13.1289
4.249306832	13.1277
4.245826565	13.1096
4.242351994	13.0874
4.238883105	13.0874
4.235419885	13.1059
4.231962319	13.1179
4.228510393	13.1316
4.225064094	13.1345
4.221623408	13.1325
4.218188322	13.1323
4.214758821	13.1386
4.211334892	13.1728
4.207916522	13.2263
4.204503696	13.2849
4.201096402	13.3335
4.197694626	13.3679
4.194300114	13.3801
4.190909331	13.3632
4.187524026	13.3278
4.184144186	13.3115
4.180769797	13.2907
4.177400846	13.2509
4.174037321	13.2124
4.170679208	13.1787
4.167326493	13.1352
4.163979165	13.0703
4.16063721	13.0136
4.157300615	12.9485
4.153969367	12.8606
4.150643454	12.7881
4.147322862	12.7497
4.144007579	12.7473
4.140697592	12.7529
4.137392888	12.757
4.134093455	12.7451
4.130799281	12.7424
4.127510352	12.737
4.124226656	12.7177
4.120948181	12.6955
4.117674914	12.6682
4.114408535	12.6406
4.111145645	12.604
4.107887925	12.5681
4.104635365	12.5376
4.101387951	12.4868
4.098145671	12.4316
4.094908514	12.3903
4.091676466	12.3278
4.088449517	12.2485
4.085227653	12.1689
4.082010864	12.0832
4.078799136	11.9904
4.075592459	11.8945
4.072390819	11.7915
4.069194206	11.6748
4.066002607	11.5544
4.062816011	11.438
4.059634406	11.3183
4.056457779	11.1833
4.053286121	11.042
4.050119418	10.8847
4.046957659	10.7082
4.043800833	10.5205
4.040648928	10.3222
4.037503563	10.1125
4.034361463	9.8882
4.031224251	9.6504
4.028091913	9.4084
4.024964439	9.1482
4.021841819	8.8591
4.018724039	8.5534
4.01561109	8.2275
4.012502959	7.8713
4.009399637	7.4973
4.00630111	7.1125
4.00320737	6.7285
4.000118404	6.3574
3.997034201	6.01
3.99395475	5.6638
3.990880041	5.312
3.987810062	4.9656
3.984744803	4.6023
3.981684252	4.2034
3.9786284	3.7825
3.975577234	3.3677
3.972530744	3.0176
3.96948892	2.7646
3.966451751	2.6162
3.963420797	2.5579
3.960392903	2.5366
3.957369631	2.533
3.954350972	2.5444
3.951336915	2.5664
3.948327449	2.584
3.945322564	2.6123
3.942322249	2.6511
3.939326493	2.6924
3.936335288	2.731
3.933348621	2.7771
3.930366483	2.824
3.927388864	2.8701
3.924415753	2.908
3.921447139	2.9482
3.918483014	3.0019
3.915523366	3.0791
3.912568186	3.2031
3.909617463	3.3745
3.906671188	3.5796
3.90372935	3.7976
3.900791939	4.0132
3.897858945	4.2112
3.894930359	4.3562
3.892007684	4.4414
3.889087881	4.4746
3.886172454	4.4739
3.883261396	4.4836
3.880354695	4.5188
3.877452343	4.5696
3.874554329	4.6338
3.871660644	4.7148
3.868771278	4.8022
3.865886222	4.8909
3.863005465	5.0054
3.860128998	5.1811
3.857256812	5.4302
3.854388896	5.7549
3.851525243	6.1443
3.848665841	6.553
3.845812161	6.9045
3.842961232	7.1445
3.840114528	7.2607
3.837272037	7.2585
3.834433752	7.1645
3.831599662	7.0188
3.828769759	6.8315
3.825944033	6.6064
3.823122474	6.355
3.820305074	6.0825
3.817491824	5.8054
3.814682714	5.5222
3.811877735	5.2519
3.809076878	5.0227
3.806280134	4.887
3.803487494	4.8755
3.800698949	4.9778
3.797914489	5.1509
3.795134107	5.3498
3.792357792	5.5608
3.789585537	5.8015
3.786817332	6.0788
3.784053167	6.3616
3.781293036	6.6306
3.778538356	6.8984
3.77578626	7.1743
3.773038171	7.4482
3.770294079	7.7153
3.767553976	8.0007
3.764817852	8.2929
3.7620857	8.5969
3.759357511	8.9321
3.756633275	9.2776
3.753912985	9.6364
3.751196632	10.0197
3.748484207	10.4111
3.745775701	10.7812
3.743071107	11.1213
3.740370416	11.4294
3.73767362	11.6706
3.734980709	11.8559
3.732291676	12.0149
3.729606512	12.144
3.726925208	12.2414
3.724247758	12.3276
3.721574151	12.4087
3.718904381	12.4714
3.716238438	12.5285
3.713577694	12.5962
3.71091938	12.6609
3.708264869	12.7136
3.705614154	12.7756
3.702967225	12.8425
3.700324074	12.9069
3.697684695	12.9724
3.695049078	13.0422
3.692417215	13.112
3.689789099	13.1655
3.687164722	13.2158
3.684544075	13.2719
3.68192715	13.3181
3.67931394	13.3569
3.676704437	13.4016
3.674098633	13.4309
3.67149652	13.446
3.66889809	13.4741
3.666303336	13.5014
3.663712249	13.5156
3.661124822	13.5354
3.658541047	13.5556
3.655960916	13.5725
3.653384422	13.5874
3.65081289	13.5976
3.648243644	13.6091
3.645678012	13.6223
3.643115986	13.632
3.640557559	13.6411
3.638002722	13.6523
3.635451469	13.6601
3.632903791	13.6633
3.630359682	13.6611
3.627819133	13.6594
3.625282138	13.6623
3.622748688	13.6545
3.620218777	13.6474
3.617692397	13.6521
3.615169541	13.6526
3.6126502	13.646
3.610135673	13.636
3.607623341	13.6223
3.605114504	13.6128
3.602609154	13.6084
3.600107283	13.6101
3.597608885	13.5971
3.595113953	13.5813
3.592622478	13.5686
3.590134454	13.5512
3.587649874	13.5337
3.585168731	13.5178
3.582691017	13.4965
3.580216725	13.4687
3.577745848	13.4377
3.57527838	13.3996
3.572814313	13.3554
3.57035364	13.2985
3.567896354	13.2365
3.565442448	13.1606
3.562991916	13.0512
3.560544749	12.9148
3.558100942	12.7551
3.555660487	12.5388
3.553223378	12.2832
3.550790868	12.0527
3.548360427	11.9148
3.545933311	11.9079
3.543509513	12.0036
3.541089027	12.1086
3.538671844	12.1591
3.53625796	12.1508
3.533847367	12.0825
3.531440058	11.9643
3.529036026	11.8166
3.526635266	11.6443
3.524237769	11.4333
3.52184353	11.1823
3.519452542	10.903
3.517064798	10.5962
3.514680292	10.2534
3.512299017	9.8784
3.509920967	9.4734
3.507546135	9.0559
3.505174514	8.6338
3.502806098	8.1782
3.500440881	7.6997
3.498078855	7.2324
3.495720015	6.7893
3.493365575	6.3782
3.491013085	6.0261
3.488663762	5.7519
3.486317598	5.5246
3.483974588	5.3323
3.481634725	5.168
3.479298003	5.0181
3.476964415	4.8784
3.474633956	4.7453
3.472306619	4.624
3.469982397	4.5127
3.467661284	4.4221
3.465343275	4.3367
3.463028363	4.2546
3.460716541	4.1875
3.458407804	4.1204
3.456102146	4.0649
3.453799559	4.0146
3.451500039	3.97
3.449203579	3.9492
3.446910172	3.9714
3.444619814	4.04
3.442332497	4.1601
3.440048216	4.3188
3.437768146	4.5051
3.435489916	4.7353
3.433214704	4.9827
3.430942504	5.2114
3.428673309	5.3987
3.426407114	5.5459
3.424143913	5.6694
3.421883699	5.7637
3.419626467	5.8303
3.417372212	5.8887
3.415120926	5.9404
3.412872605	5.9963
3.410627242	6.0417
3.408384831	6.0788
3.406145367	6.1221
3.403908845	6.1731
3.401675257	6.22
3.399444599	6.2568
3.397216864	6.3139
3.394992047	6.3757
3.392770143	6.4187
3.390551144	6.4668
3.388335047	6.5051
3.386121844	6.5556
3.383912676	6.6592
3.381705245	6.8049
3.379500692	6.9805
3.377299012	7.1308
3.375100198	7.2097
3.372904246	7.2038
3.370711149	7.1318
3.368520903	7.0129
3.366333501	6.8911
3.364148938	6.7629
3.361967208	6.6162
3.359788306	6.4709
3.357612227	6.3445
3.355438965	6.2317
3.353268515	6.1181
3.35110087	6.0163
3.348937148	5.9292
3.346775098	5.8384
3.344615837	5.751
3.342459362	5.6943
3.340305665	5.6726
3.338154741	5.6714
3.336006587	5.6787
3.333861195	5.6982
3.33171856	5.7175
3.329578678	5.7287
3.327441544	5.7207
3.32530715	5.6941
3.323175494	5.6391
3.321046568	5.5561
3.318920368	5.4509
3.31679689	5.3218
3.314676126	5.1777
3.312558073	5.0332
3.310442725	4.9324
3.308330077	4.905
3.306220124	4.957
3.304112861	5.1013
3.302008281	5.3667
3.299906382	5.7983
3.297808244	6.4236
3.295711686	7.2253
3.293617792	8.0744
3.291526557	8.8281
3.289437976	9.4341
3.287352045	9.8965
3.285268756	10.237
3.283188107	10.5168
3.281110091	10.7544
3.279034705	10.9555
3.276961942	11.1206
3.274891798	11.2741
3.272824267	11.4133
3.270759346	11.5305
3.268697029	11.6443
3.26663731	11.7527
3.264580186	11.8347
3.262525652	11.9187
3.260473701	12.0041
3.25842433	12.0805
3.256377534	12.1499
3.254333308	12.2182
3.252291646	12.2905
3.250252545	12.3598
3.248217054	12.4233
3.246183057	12.4824
3.244151606	12.5385
3.242122696	12.5866
3.240096322	12.6379
3.238072479	12.6843
3.236051163	12.738
3.234032369	12.7888
3.232016093	12.832
3.230002329	12.864
3.227991073	12.8996
3.22598232	12.9338
3.223976065	12.9633
3.221972305	13.0019
3.219971033	13.0337
3.217972246	13.0547
3.215975939	13.0857
3.213982108	13.1255
3.211990747	13.1538
3.210001852	13.1699
3.208015419	13.1877
3.206031443	13.2082
3.204049919	13.2295
3.202070843	13.2495
3.200095235	13.2702
3.19812104	13.2946
3.196149279	13.2993
3.194179949	13.312
3.192213043	13.3342
3.190248559	13.3449
3.18828649	13.3506
3.186326834	13.3659
3.184369586	13.3789
3.18241474	13.3933
3.180462293	13.405
3.17851224	13.4157
3.176564577	13.4272
3.1746193	13.4372
3.172676403	13.4467
3.170735883	13.467
3.168797736	13.4694
3.166861956	13.4741
3.164928541	13.4714
3.162997484	13.4687
3.161068783	13.4777
3.159142432	13.4729
3.157218427	13.4553
3.155296765	13.4292
3.153378435	13.3957
3.151461443	13.3596
3.14954678	13.3171
3.147634443	13.2592
3.145724426	13.2031
3.143816726	13.154
3.141911338	13.1213
3.140008258	13.0981
3.138107483	13.071
3.136209007	13.0495
3.134312827	13.0466
3.132418938	13.0505
3.130527337	13.0512
3.128638019	13.0578
3.126750981	13.059
3.124866217	13.0544
3.122984699	13.0664
3.121104471	13.0815
3.119226507	13.0788
3.1173508	13.0793
3.115477349	13.0825
3.113606148	13.082
3.111737193	13.0796
3.10987048	13.0854
3.108006006	13.0803
3.106143766	13.0749
3.104283756	13.0744
3.102425973	13.0742
3.100570412	13.0622
3.098717069	13.0488
3.096865941	13.04
3.095017023	13.0092
3.093170311	12.9707
3.091325802	12.9511
3.089483491	12.9226
3.087643375	12.9011
3.085805449	12.8784
3.08396971	12.8654
3.082136155	12.8584
3.080304778	12.863
3.078476524	12.8759
3.076649492	12.8935
3.074824627	12.9196
3.073001926	12.9524
3.071181385	12.9831
3.069363	13.0212
3.067546766	13.0612
3.065732681	13.0942
3.06392074	13.114
3.06211094	13.1298
3.060303276	13.1643
3.058497745	13.1914
3.056694344	13.2043
3.054893068	13.229
3.053093914	13.24
3.051296877	13.2483
3.049501955	13.257
3.047709144	13.2631
3.045918439	13.2627
3.044129837	13.2685
3.042343335	13.27
3.040558928	13.269
3.038776613	13.2888
3.036996386	13.312
3.035219166	13.333
3.033443104	13.3652
3.031669119	13.3925
3.029897208	13.4255
3.028127367	13.4431
3.026359592	13.4587
3.02459388	13.4922
3.022830228	13.5249
3.021068631	13.5407
3.019309085	13.5673
3.017551589	13.5871
3.015796137	13.5966
3.014042726	13.6147
3.012291354	13.6389
3.010542015	13.6472
3.008794707	13.6574
3.007049426	13.6775
3.005306169	13.6831
3.003564931	13.687
3.00182571	13.7011
3.000088503	13.707
2.998353304	13.7041
2.996620112	13.7024
2.994888923	13.7146
2.993160628	13.7177
2.991433432	13.717
2.989708228	13.7185
2.987985013	13.7155
2.986263784	13.719
2.984544536	13.7238
2.982827267	13.7199
2.981111973	13.7248
2.97939865	13.7358
2.977687296	13.7448
2.975977906	13.7436
2.974270478	13.7487
2.972565009	13.7617
2.970861493	13.7675
2.96915993	13.7763
2.967460314	13.7964
2.965763522	13.7949
2.964067792	13.7895
2.962373999	13.7954
2.960682141	13.799
2.958992215	13.8105
2.957304216	13.8205
2.955618142	13.8127
2.95393399	13.813
2.952251756	13.8235
2.950571437	13.8303
2.94889303	13.8256
2.947216531	13.8203
2.945541937	13.8293
2.943869245	13.8291
2.942198452	13.8142
2.940529554	13.8034
2.938862549	13.8044
2.937197432	13.8193
2.935534201	13.8256
2.933872853	13.8173
2.932213384	13.8076
2.930555792	13.8152
2.928900072	13.8371
2.927246222	13.8359
2.925595095	13.8335
2.923944975	13.8344
2.922296715	13.8413
2.920650312	13.8532
2.919005763	13.8557
2.917363066	13.8623
2.915722216	13.8728
2.91408321	13.8759
2.912446047	13.8842
2.910810722	13.8857
2.909177232	13.896
2.907545575	13.9091
2.905915747	13.9184
2.904287745	13.9228
2.902661566	13.9248
2.901037208	13.9365
2.899414666	13.9506
2.897793938	13.9548
2.896175022	13.9599
2.894557913	13.9687
2.892942609	13.9785
2.891329106	13.9799
2.889717403	13.9836
2.888107495	13.9975
2.886500214	14.0219
2.884893888	14.0214
2.883289349	14.0078
2.881686594	14.01
2.880085619	14.0107
2.878486423	14.0122
2.876889001	14.0068
2.875293352	14.0124
2.873699471	14.0339
2.872107357	14.0329
2.870517006	14.0354
2.868928415	14.0434
2.867341582	14.038
2.865756502	14.0439
2.864173175	14.0659
2.862591596	14.0637
2.861011762	14.0603
2.859433672	14.0844
2.857857321	14.1174
2.856282708	14.1242
2.854709829	14.1074
2.853138681	14.0986
2.851569261	14.1091
2.850001568	14.1189
2.848436408	14.1157
2.846872156	14.1193
2.845309621	14.1242
2.8437488	14.1345
2.842189691	14.1433
2.840632291	14.1399
2.839076596	14.1421
2.837522604	14.1508
2.835970313	14.1462
2.834419719	14.1379
2.83287082	14.1508
2.831323613	14.1579
2.829778094	14.1511
2.828234263	14.1494
2.826692114	14.154
2.825151647	14.1601
2.823612858	14.1538
2.822075744	14.1562
2.820540303	14.1535
2.819006531	14.1406
2.817474427	14.1464
2.815943987	14.164
2.81441521	14.1572
2.812888091	14.1357
2.811363418	14.1284
2.809839609	14.1201
2.80831745	14.0966
2.806796939	14.0749
2.805278075	14.0559
2.803760853	14.0295
2.802245271	14.0053
2.800731327	14.0005
2.799219018	13.9658
2.797708341	13.9282
2.796199294	13.9062
2.794691874	13.8769
2.793186078	13.8374
2.791681905	13.7954
2.79017935	13.7541
2.788678412	13.7092
2.787179865	13.6599
2.785682151	13.6184
2.784186046	13.5976
2.782691547	13.5495
2.781198652	13.4941
2.779707358	13.4367
2.778217662	13.386
2.776729562	13.3286
2.775243056	13.2505
2.77375814	13.1767
2.772274812	13.1147
2.77079307	13.0649
2.769312911	13.0444
2.767834333	13.0424
2.766357333	13.0571
2.764881908	13.0815
2.763408056	13.0971
2.761935774	13.1338
2.760465061	13.1928
2.758995913	13.2585
2.757528328	13.309
2.756062304	13.3198
2.754597837	13.3667
2.753134926	13.4746
2.751674325	13.5542
2.750214517	13.6128
2.748756257	13.6557
2.747299542	13.7246
2.74584437	13.7871
2.74439074	13.8374
2.742938647	13.885
2.741488091	13.9052
2.740039067	13.9326
2.738591575	14.0058
2.737145611	14.0922
2.735701174	14.1464
2.73425826	14.1911
2.732816867	14.2539
2.731376994	14.2876
2.729938636	14.33
2.728501793	14.3767
2.727066462	14.385
2.72563264	14.3896
2.724200325	14.3977
2.722769514	14.4506
2.721340206	14.4775
2.719912397	14.489
2.718486086	14.5781
2.717062008	14.6547
2.715638684	14.6982
2.714216851	14.739
2.712796505	14.7622
2.711377646	14.7541
2.709960269	14.7846
2.708544374	14.8379
2.707129958	14.895
2.705717018	14.9497
2.704305552	14.978
2.702895558	14.9863
2.701487034	14.9834
2.700079976	15.0085
2.698674384	15.0356
2.697270255	15.0405
2.695867585	15.041
2.694466374	15.0205
2.693066619	15.0356
2.691668318	15.0908
2.690271467	15.1167
2.688876066	15.124
2.687482111	15.1508
2.686089602	15.1867
2.684698534	15.2119
2.683309626	15.2373
2.681921436	15.2915
2.680534681	15.3212
2.679149359	15.3303
2.677765469	15.3693
2.676383008	15.3798
2.675001973	15.4277
2.673622363	15.4934
2.672244175	15.5
2.670867407	15.4384
2.669492057	15.4511
2.668118123	15.5407
2.666745602	15.521
2.665374493	15.5249
2.664004793	15.5742
2.6626365	15.6391
2.66127032	15.6455
2.659904834	15.6621
2.658540748	15.6787
2.657178061	15.7016
2.65581677	15.7036
2.654456873	15.7216
2.653098368	15.7138
2.651741253	15.7246
2.650385525	15.7583
2.649031183	15.7622
2.647678224	15.7583
2.646326647	15.7641
2.644976449	15.7754
2.643627628	15.789
2.642280182	15.7788
2.640934109	15.7924
2.639589407	15.8022
2.638246073	15.7968
2.636904106	15.8105
2.635563503	15.8203
2.634224263	15.8003
2.632886383	15.7983
2.631549862	15.7895
2.630214697	15.7487
2.628881577	15.791
2.627549117	15.8188
2.626218007	15.8046
2.624888245	15.8305
2.62355983	15.8398
2.622232758	15.8369
2.620907028	15.7988
2.619582638	15.7861
2.618259585	15.8208
2.616937869	15.7939
2.615617486	15.8178
2.614298435	15.8657
2.612980713	15.8554
2.61166432	15.8603
2.610349252	15.8657
2.609035507	15.8715
2.607723085	15.8564
2.606411982	15.8188
2.605102197	15.7837
2.603793727	15.8208
2.602486572	15.8564
2.601180728	15.853
2.599876194	15.8598
2.598572968	15.8784
2.597271722	15.8803
2.595971105	15.8242
2.59467179	15.7299
2.593373774	15.7807
2.592077057	15.8886
2.590781636	15.8877
2.589487509	15.8554
2.588194675	15.8574
2.58690313	15.8662
2.585612874	15.8754
2.584323905	15.8498
2.58303622	15.84
2.581749817	15.8654
2.580464695	15.8781
2.579180852	15.8811
2.577898286	15.8664
2.576616995	15.8357
2.575336976	15.8398
2.574058229	15.7832
2.572780751	15.7751
2.571504541	15.81
2.570229596	15.7739
2.568955915	15.7417
2.567683495	15.7512
2.566412994	15.7522
2.565143091	15.7214
2.563874445	15.6877
2.562607053	15.6672
2.561340913	15.6528
2.560076024	15.6572
2.558812384	15.664
2.55754999	15.6445
2.556288841	15.6057
2.555028936	15.5808
2.553770272	15.5654
2.552512847	15.5219
2.55125666	15.4846
2.550001709	15.4516
2.548747991	15.4187
2.547495506	15.3689
2.546244252	15.3147
2.544994225	15.2348
2.543745426	15.1428
2.542497852	15.0778
2.5412515	14.9904
2.54000637	14.872
2.53876246	14.7719
2.537519767	14.6975
2.536278934	14.5947
2.535038671	14.5092
2.53379962	14.4257
2.53256178	14.3557
2.531325149	14.2595
2.530089725	14.1611
2.528855506	14.1035
2.52762249	14.0554
2.526390677	13.9797
2.525160064	13.9143
2.523930648	13.8803
2.52270243	13.8564
2.521475406	13.8093
2.520249575	13.771
2.519024936	13.7441
2.517801486	13.7397
2.516579857	13.7412
2.515358781	13.7219
2.514138889	13.7131
2.512920179	13.7251
2.511702651	13.7456
2.510486301	13.7724
2.50927113	13.8037
2.508057134	13.8332
2.506844312	13.8486
2.505632662	13.8693
2.504422183	13.8896
2.503212874	13.9275
2.502004731	13.968
2.500797754	13.9895
2.499591942	14.0058
2.498387291	14.0412
2.497183801	14.061
2.49598147	14.1015
2.494780296	14.1235
2.493580278	14.1596
2.492381413	14.1965
2.491183701	14.2248
2.489987139	14.2529
2.488791726	14.2993
2.48759808	14.3357
2.486404959	14.3672
2.485212983	14.4152
2.484022149	14.467
2.482832455	14.4953
2.4816439	14.5297
2.480456483	14.5598
2.479270202	14.5835
2.478085055	14.6047
2.47690104	14.6242
2.475718156	14.6467
2.474536402	14.6421
2.473355775	14.6284
2.472176274	14.6533
2.470997898	14.6811
2.469820644	14.6967
2.468644512	14.676
2.467469499	14.6743
2.466295604	14.6943
2.465122826	14.6831
2.463951163	14.6919
2.462780612	14.727
2.461611174	14.7392
2.460442845	14.7529
2.45927623	14.7675
2.458110116	14.7773
2.456945108	14.7856
2.455781204	14.8261
2.454618401	14.8471
2.4534567	14.8642
2.452296097	14.9016
2.451136592	14.927
2.449978183	14.9582
2.448820868	14.99
2.447664646	15.0107
2.446509516	15.0688
2.445355475	15.1123
2.444202523	15.135
2.443050657	15.1613
2.441899876	15.2085
2.440750179	15.2304
2.439601564	15.2736
2.43845403	15.3305
2.437307575	15.3608
2.436162197	15.3908
2.435017895	15.4126
2.433874668	15.424
2.432732513	15.4541
2.431592022	15.4895
2.430452008	15.5324
2.429313063	15.5517
2.428175185	15.5629
2.427038372	15.5717
2.425902624	15.5988
2.424767938	15.6262
2.423634312	15.6748
2.422501747	15.6801
2.421370239	15.7209
2.420239788	15.7639
2.419110392	15.7851
2.417982049	15.7998
2.416854758	15.8242
2.415728518	15.8476
2.414603328	15.8733
2.413479185	15.8879
2.412356088	15.8918
2.411234036	15.8859
2.410113027	15.9087
2.40899306	15.8916
2.407874134	15.9008
2.406756246	15.9057
2.405639396	15.9104
2.40452416	15.9399
2.40340938	15.9624
2.402295634	15.9524
2.401182919	15.9414
2.400071234	15.9543
2.398960578	15.9785
2.39785095	15.9926
2.396742348	15.9834
2.39563477	15.9819
2.394528216	16.0061
2.393422683	16.0092
2.392318171	16.0131
2.391214677	16.0146
2.390112201	16.0012
2.389010742	16.0119
2.387910297	16.0253
2.386811435	16.0429
2.385713014	16.0634
2.384615605	16.0578
2.383519204	16.0561
2.382423811	16.0471
2.381329425	16.06
2.380236043	16.0888
2.379143665	16.1103
2.37805229	16.1096
2.376961915	16.0966
2.375872539	16.132
2.374784162	16.1445
2.373696781	16.1311
2.372610396	16.145
2.371525004	16.1613
2.370440606	16.163
2.369357198	16.165
2.368274781	16.1652
2.367193351	16.1572
2.366112909	16.1518
2.365033453	16.1533
2.363954982	16.1503
2.362877493	16.1709
2.361800987	16.1799
2.360726018	16.1799
2.35965147	16.132
2.3585779	16.1311
2.357505307	16.1613
2.356433688	16.1369
2.355363044	16.1259
2.354293372	16.1066
2.353224671	16.0732
2.35215694	16.0405
2.351090177	16.0393
2.350024382	16.0161
2.348959552	15.9709
2.347895687	15.9113
2.346832785	15.8593
2.345770845	15.8208
2.344709866	15.7788
2.343649846	15.7353
2.342590784	15.6565
2.341532678	15.6196
2.340475528	15.5842
2.339419333	15.5327
2.33836409	15.4865
2.337309798	15.4272
2.336256457	15.3879
2.335204611	15.3232
2.334153166	15.2802
2.333102667	15.2324
2.332053114	15.1936
2.331004504	15.1557
2.329956838	15.1142
2.328910112	15.0947
2.327864326	15.0627
2.32681948	15.0422
2.325775571	15.0266
2.324732598	15
2.32369056	15.0117
2.322649456	15.01
2.321609284	15.0141
2.320570043	15.0256
2.319531733	15.0234
2.318494351	15.0195
2.317457897	15.0097
2.316422369	15.0332
2.315387766	15.0647
2.314354087	15.0715
2.31332133	15.1047
2.312289495	15.0991
2.31125858	15.1045
2.310229117	15.1186
2.309200038	15.1367
2.308171875	15.1379
2.307144627	15.1818
2.306118293	15.1884
2.305092872	15.1906
2.304068363	15.1992
2.303044763	15.2065
2.302022073	15.2141
2.301000291	15.2551
2.299979415	15.2578
2.298959445	15.2871
2.297940379	15.2912
2.296922216	15.29
2.295904955	15.3108
2.294888595	15.3381
2.29387366	15.3615
2.292859097	15.3752
2.291845431	15.3899
2.29083266	15.3908
2.289820785	15.4179
2.288809803	15.4843
2.287799713	15.4751
2.286790515	15.468
2.285782206	15.4902
2.284774786	15.5068
2.283768254	15.4824
2.282762608	15.5214
2.281757848	15.5156
2.280753972	15.5029
2.279750978	15.52
2.278748867	15.5432
2.277747636	15.54
2.276747284	15.549
2.275747811	15.5871
2.274749215	15.6005
2.273751494	15.5793
2.272754649	15.5444
2.271758677	15.5637
2.270763578	15.5712
2.269769866	15.5712
2.268776508	15.5803
2.267784019	15.6132
2.266792398	15.6406
2.265801644	15.6613
2.264811756	15.6826
2.263822732	15.7002
2.262834571	15.7412
2.261847273	15.7541
2.260860836	15.7531
2.259875259	15.7658
2.258890541	15.7844
2.257906681	15.8046
2.256923678	15.8466
2.25594153	15.8527
2.254960236	15.8711
2.253979796	15.8925
2.253000208	15.9101
2.252021471	15.9113
2.251043584	15.9231
2.250066546	15.9545
2.249090355	15.9921
2.248115012	15.9853
2.247140514	15.9775
2.246167365	16.0234
2.245194554	16.0371
2.244222586	16.0566
2.243251458	16.0605
2.242281171	16.0891
2.241311723	16.0998
2.240343113	16.0969
2.23937534	16.1308
2.238408402	16.1894
2.237442299	16.2031
2.23647703	16.2041
2.235512593	16.1723
2.234548988	16.1525
2.233586213	16.1779
2.232624267	16.1887
2.231663149	16.1975
2.230702859	16.2295
2.229743394	16.2099
2.228784755	16.1945
2.22782694	16.2207
2.226869947	16.2236
2.225913777	16.2326
2.224958427	16.2197
2.224003896	16.1904
2.223050679	16.1945
2.222097785	16.2033
2.221145707	16.2043
2.220194445	16.2424
2.219243997	16.2522
2.218294362	16.2482
2.21734554	16.2705
2.21639753	16.2724
2.215450329	16.2714
2.214503938	16.3007
2.213558355	16.3037
2.212613579	16.3027
2.211669609	16.3127
2.210726445	16.3166
2.209784084	16.2961
2.208842527	16.3215
2.207901771	16.3125
2.206961817	16.2705
2.206022662	16.3007
2.205084307	16.3271
2.204146749	16.3486
2.203209989	16.3657
2.202274024	16.3945
2.201338854	16.413
2.200404963	16.3759
2.199471379	16.3515
2.198538587	16.3486
2.197606587	16.3584
2.196675376	16.3891
2.195744954	16.3955
2.194815319	16.4399
2.193886472	16.4482
2.192958411	16.4116
2.192031134	16.4248
2.191104641	16.4536
2.190178931	16.4384
2.189254003	16.4311
2.188329856	16.4287
2.187406488	16.4301
2.1864839	16.4394
2.185562567	16.4565
2.184641533	16.4751
2.183721275	16.478
2.182801792	16.4619
2.181883083	16.4565
2.180965147	16.4462
2.180047983	16.4277
2.17913159	16.4253
2.178215967	16.4536
2.177301113	16.4541
2.176387028	16.437
2.175473709	16.4628
2.174561157	16.5044
2.17364937	16.4785
2.172738348	16.4609
2.171828089	16.4697
2.170918592	16.5044
2.170009856	16.5092
2.169101881	16.4912
2.168194666	16.4912
2.167288209	16.4878
2.166382509	16.4863
2.165477567	16.4921
2.16457338	16.4892
2.163670416	16.4809
2.162767737	16.4921
2.161865811	16.5073
2.160964637	16.5087
2.160064214	16.456
2.159164542	16.4672
2.158265618	16.4863
2.157367442	16.4672
2.156470014	16.4531
2.155573332	16.4277
2.154677395	16.4179
2.153782203	16.4067
2.152887754	16.3969
2.151994048	16.3813
2.151101084	16.4003
2.150208861	16.4296
2.149317377	16.416
2.148426632	16.3896
2.147536625	16.393
2.146647355	16.3764
2.145758822	16.3759
2.144871024	16.395
2.14398396	16.3867
2.143097629	16.4023
2.14221249	16.3872
2.141327623	16.3701
2.140443487	16.3642
2.139560081	16.3696
2.138677403	16.372
2.137795454	16.3852
2.136914232	16.3901
2.136033736	16.4121
2.135153965	16.4165
2.134274919	16.4174
2.133396596	16.4091
2.132518995	16.4375
2.131642117	16.4682
2.130765959	16.4741
2.129890521	16.4453
2.129015803	16.4145
2.128141802	16.4502
2.127268519	16.4668
2.126395952	16.4619
2.125524101	16.4282
2.124652964	16.4296
2.123782542	16.4751
2.122912832	16.4765
2.122043834	16.4755
2.121175997	16.457
2.12030842	16.4404
2.119441553	16.4555
2.118575394	16.4731
2.117709942	16.4384
2.116845198	16.3911
2.115981159	16.4238
2.115117826	16.4736
2.114255197	16.4404
2.113393271	16.4067
2.112532047	16.4282
2.111671525	16.455
2.110811704	16.4663
2.109952583	16.4541
2.109094161	16.4301
2.108236437	16.4394
2.107379855	16.4477
2.106523524	16.456
2.105667889	16.4121
2.104812949	16.4326
2.103958703	16.4633
2.103105151	16.458
2.10225229	16.458
2.101400121	16.4609
2.100548642	16.477
2.099697853	16.4917
2.098847754	16.4961
2.097998342	16.5024
2.097149617	16.5068
2.096301579	16.5268
2.095454226	16.5317
2.094607559	16.497
2.093761575	16.5253
2.092916274	16.5439
2.092071655	16.5581
2.091227718	16.5712
2.090384461	16.5825
2.089541885	16.5908
2.088699987	16.5371
2.087858767	16.54
2.08701866	16.54
2.086178794	16.5161
2.085339604	16.5273
2.084501088	16.5449
2.083663247	16.5102
2.082826078	16.5224
2.081989583	16.518
2.081153758	16.5019
2.080318605	16.519
2.079484122	16.541
