Name: Argillaceous Limestone 
Type:  Rocks
Class:  Sedimentary
Subclass: Limestone
Particle Size:  500 - 1500 Micrometers
Sample No.:  limestone.6
Owner:  JHU
Wavelength Range:  All
Origin:  Sample No. 359,  The Hunt and Salisbury Collection at the U.S. 
Geological Survey, Denver, Co.
Description: A fine-grained sample with uniserial and some biserial 
foraminiferid tests recrystallized to calcite ("globigerinid ooze").  The 
matrix contains cloudy brown material (clay), carbonate, quartz and 
a reddish-brown phase (hematite?).  There are scattered subrounded 
grains of quartz present as well.  The reddish material occurs as 
irregular flecks and discontinuous bands throughout the section. 
Measurement:  Directional (10 Degree) Hemispherical Reflectance
First Column:  X
Second Column:  Y  
X Units:  Wavelength (micrometers)
Y Units:  Reflectance (percent)
First X Value: 14.9831
Last X Value:  0.4
Number of X Values:  2868
Additional Information:  None

14.9831	2.0082
14.9399	1.8377
14.897	0.9141
14.8543	0.9056
14.8119	1.5469
14.7697	2.1995
14.7277	1.9874
14.686	1.3811
14.6445	1.473
14.6033	1.8003
14.5622	1.8936
14.5214	2.0845
14.4809	2.102
14.4405	2.0357
14.4004	1.6534
14.3605	1.4668
14.3209	1.4337
14.2814	1.4398
14.2422	1.6577
14.2032	1.8806
14.1643	1.7922
14.1258	1.7382
14.0874	1.6759
14.0492	1.4626
14.0112	1.1358
13.9734	0.9956
13.9359	1.0998
13.8985	1.316
13.8614	1.4818
13.8244	1.5561
13.7876	1.6606
13.7511	1.7709
13.7147	1.8602
13.6785	1.9125
13.6425	1.9097
13.6067	1.958
13.5711	2.0764
13.5356	2.1456
13.5004	2.1025
13.4653	2.0719
13.4304	2.0572
13.3957	2.0172
13.3612	2.0324
13.3269	2.1043
13.2927	2.1967
13.2587	2.2654
13.2249	2.2767
13.1912	2.2649
13.1577	2.255
13.1244	2.3113
13.0913	2.3701
13.0583	2.3421
13.0255	2.335
12.9929	2.33
12.9604	2.29
12.9281	2.2211
12.8959	2.1815
12.8639	2.1602
12.8321	2.1204
12.8004	2.0328
12.7688	2.0257
12.7375	2.0364
12.7063	2.0196
12.6752	2.0288
12.6443	2.0335
12.6135	2.0418
12.5829	2.0527
12.5524	1.9893
12.5221	1.9227
12.4919	1.8742
12.4619	1.8476
12.432	1.863
12.4023	1.9194
12.3727	1.9658
12.3432	2.0028
12.3139	2.0196
12.2847	2.0586
12.2557	2.1074
12.2268	2.084
12.198	2.0904
12.1694	2.1411
12.1409	2.1884
12.1125	2.222
12.0843	2.2396
12.0562	2.294
12.0282	2.3461
12.0003	2.3606
11.9726	2.3561
11.945	2.3864
11.9176	2.4352
11.8903	2.4861
11.8631	2.5017
11.836	2.4856
11.809	2.2734
11.7822	2.1503
11.7555	2.4094
11.7289	2.6197
11.7024	2.686
11.676	2.7814
11.6498	2.9095
11.6237	3.0002
11.5977	3.1065
11.5718	3.2091
11.546	3.3135
11.5203	3.3502
11.4948	3.0945
11.4694	2.5822
11.444	2.2213
11.4188	2.0809
11.3937	2.0402
11.3688	1.9923
11.3439	1.9663
11.3191	2.0932
11.2944	2.6414
11.2699	3.4663
11.2455	3.8367
11.2211	3.781
11.1969	3.6301
11.1727	3.4563
11.1487	3.3031
11.1248	3.2013
11.101	3.1272
11.0773	3.0296
11.0536	2.9382
11.0301	2.8446
11.0067	2.743
10.9834	2.6997
10.9602	2.6943
10.937	2.6592
10.914	2.5761
10.8911	2.5671
10.8682	2.6279
10.8455	2.6232
10.8229	2.6294
10.8003	2.6497
10.7779	2.653
10.7555	2.6893
10.7332	2.6988
10.7111	2.7033
10.689	2.7452
10.667	2.7733
10.6451	2.7421
10.6233	2.7355
10.6015	2.7833
10.5799	2.8039
10.5584	2.8477
10.5369	2.897
10.5155	2.8693
10.4942	2.8389
10.473	2.8001
10.4519	2.8011
10.4309	2.8475
10.4099	2.8352
10.3891	2.8273
10.3683	2.8434
10.3476	2.8337
10.327	2.7814
10.3065	2.7464
10.286	2.7807
10.2656	2.7601
10.2454	2.6976
10.2251	2.6867
10.205	2.6571
10.185	2.6059
10.165	2.6111
10.1451	2.6242
10.1253	2.6021
10.1056	2.5995
10.0859	2.5725
10.0663	2.4795
10.0468	2.4624
10.0274	2.5169
10.008	2.5384
9.9887	2.5254
9.9695	2.5067
9.9504	2.4982
9.9313	2.4785
9.9123	2.4837
9.8934	2.4887
9.8746	2.4674
9.8558	2.4785
9.8371	2.4849
9.8185	2.466
9.7999	2.4769
9.7814	2.469
9.763	2.4849
9.7447	2.5117
9.7264	2.5098
9.7082	2.5207
9.69	2.529
9.6719	2.5571
9.6539	2.5631
9.636	2.5252
9.6181	2.5465
9.6003	2.5829
9.5825	2.6062
9.5649	2.6526
9.5472	2.7179
9.5297	2.731
9.5122	2.7229
9.4948	2.7374
9.4774	2.7778
9.4601	2.8472
9.4429	2.8792
9.4257	2.8527
9.4086	2.9145
9.3916	3.0521
9.3746	3.1331
9.3577	3.2721
9.3408	3.3974
9.324	3.4968
9.3073	3.6207
9.2906	3.7026
9.274	3.6901
9.2574	3.6626
9.2409	3.682
9.2245	3.6865
9.2081	3.6688
9.1918	3.6382
9.1755	3.6898
9.1593	3.7242
9.1431	3.6863
9.127	3.6401
9.111	3.6517
9.095	3.6148
9.0791	3.5487
9.0632	3.5184
9.0474	3.5477
9.0316	3.5603
9.0159	3.5039
9.0003	3.4805
8.9847	3.4824
8.9691	3.4549
8.9536	3.4286
8.9382	3.4402
8.9228	3.4324
8.9075	3.3893
8.8922	3.4227
8.877	3.4478
8.8618	3.4097
8.8467	3.4113
8.8316	3.4649
8.8166	3.4523
8.8016	3.4421
8.7867	3.493
8.7718	3.5245
8.757	3.5359
8.7422	3.5724
8.7275	3.5686
8.7129	3.597
8.6982	3.6697
8.6837	3.7218
8.6692	3.6908
8.6547	3.6463
8.6403	3.6297
8.6259	3.5484
8.6116	3.4656
8.5973	3.5051
8.583	3.596
8.5688	3.6761
8.5547	3.8108
8.5406	3.9191
8.5266	4.0486
8.5126	4.1464
8.4986	4.2018
8.4847	4.2828
8.4708	4.3465
8.457	4.4448
8.4432	4.5601
8.4295	4.661
8.4158	4.7699
8.4022	4.8981
8.3886	5.0496
8.375	5.2585
8.3615	5.4686
8.3481	5.6203
8.3347	5.7613
8.3213	5.9256
8.3079	6.1264
8.2946	6.3182
8.2814	6.484
8.2682	6.6311
8.255	6.7831
8.2419	6.9297
8.2288	7.1059
8.2158	7.3276
8.2028	7.4583
8.1898	7.5367
8.1769	7.5812
8.164	7.6075
8.1512	7.6709
8.1384	7.7195
8.1256	7.751
8.1129	7.7401
8.1002	7.7477
8.0876	7.6994
8.075	7.6451
8.0624	7.6771
8.0499	7.7387
8.0374	7.8341
8.025	7.922
8.0126	7.9662
8.0002	8.0397
7.9879	8.1469
7.9756	8.2019
7.9634	8.2052
7.9512	8.159
7.939	8.0937
7.9268	8.0245
7.9147	7.9824
7.9027	7.9596
7.8906	7.9494
7.8786	7.9866
7.8667	8.07
7.8548	8.1273
7.8429	8.1604
7.831	8.1375
7.8192	8.0686
7.8075	8.0586
7.7957	8.0858
7.784	8.1159
7.7723	8.1952
7.7607	8.25
7.7491	8.2838
7.7375	8.3132
7.726	8.3217
7.7145	8.2928
7.7031	8.2246
7.6916	8.1259
7.6802	8.0181
7.6689	7.9215
7.6575	7.832
7.6462	7.7349
7.635	7.6217
7.6238	7.5293
7.6126	7.4467
7.6014	7.392
7.5903	7.365
7.5792	7.3569
7.5681	7.3967
7.5571	7.4261
7.5461	7.4088
7.5351	7.4327
7.5242	7.4855
7.5133	7.5075
7.5024	7.5092
7.4916	7.5253
7.4807	7.5272
7.47	7.4753
7.4592	7.4725
7.4485	7.4808
7.4378	7.4313
7.4272	7.377
7.4165	7.3366
7.4059	7.3389
7.3954	7.3294
7.3848	7.2721
7.3743	7.1914
7.3639	7.0671
7.3534	6.9446
7.343	6.8144
7.3326	6.6649
7.3223	6.5127
7.3119	6.3261
7.3016	6.1186
7.2914	5.9538
7.2811	5.7937
7.2709	5.6668
7.2607	5.5791
7.2506	5.496
7.2404	5.4202
7.2303	5.2642
7.2203	5.0439
7.2102	4.8183
7.2002	4.6229
7.1902	4.4469
7.1803	4.2504
7.1703	4.0735
7.1604	3.939
7.1506	3.8466
7.1407	3.8071
7.1309	3.8402
7.1211	3.9385
7.1113	4.0678
7.1016	4.1258
7.0919	4.0365
7.0822	3.9584
7.0725	3.8828
7.0629	3.7765
7.0533	3.6856
7.0437	3.6065
7.0341	3.5515
7.0246	3.5042
7.0151	3.4831
7.0056	3.4611
6.9962	3.385
6.9867	3.341
6.9773	3.3434
6.9679	3.3427
6.9586	3.3088
6.9493	3.264
6.94	3.2304
6.9307	3.2489
6.9214	3.2745
6.9122	3.282
6.903	3.2877
6.8938	3.2951
6.8847	3.2593
6.8755	3.238
6.8664	3.2167
6.8573	3.2044
6.8483	3.2437
6.8393	3.2602
6.8302	3.2681
6.8213	3.3029
6.8123	3.3512
6.8034	3.3372
6.7944	3.3022
6.7855	3.3242
6.7767	3.354
6.7678	3.3528
6.759	3.3742
6.7502	3.4142
6.7414	3.4675
6.7327	3.4864
6.7239	3.5151
6.7152	3.5634
6.7065	3.5908
6.6979	3.619
6.6892	3.65
6.6806	3.6882
6.672	3.7793
6.6634	3.8608
6.6549	3.8989
6.6464	3.9406
6.6378	3.9963
6.6294	4.0936
6.6209	4.1651
6.6124	4.2662
6.604	4.3932
6.5956	4.4578
6.5872	4.5483
6.5789	4.6387
6.5705	4.7088
6.5622	4.7856
6.5539	4.8644
6.5456	4.9322
6.5374	5.0108
6.5292	5.1086
6.5209	5.1453
6.5128	5.1711
6.5046	5.1962
6.4964	5.2123
6.4883	5.2969
6.4802	5.4131
6.4721	5.4818
6.464	5.6189
6.456	5.8197
6.448	5.9853
6.4399	6.0798
6.432	6.0575
6.424	5.9315
6.416	5.7177
6.4081	5.5195
6.4002	5.3679
6.3923	5.1988
6.3844	5.0132
6.3766	4.8273
6.3687	4.6494
6.3609	4.4836
6.3531	4.2591
6.3454	3.9678
6.3376	3.6744
6.3299	3.4056
6.3221	3.2162
6.3144	3.0803
6.3068	2.9126
6.2991	2.785
6.2914	2.7743
6.2838	2.7887
6.2762	2.8188
6.2686	2.8314
6.2611	2.7606
6.2535	2.6988
6.246	2.6405
6.2385	2.5652
6.231	2.5069
6.2235	2.47
6.216	2.4122
6.2086	2.3374
6.2011	2.2647
6.1937	2.2133
6.1863	2.1728
6.179	2.1486
6.1716	2.1299
6.1643	2.1032
6.157	2.0856
6.1496	2.0674
6.1424	2.0454
6.1351	2.0371
6.1278	2.0141
6.1206	1.9876
6.1134	1.981
6.1062	2.0077
6.099	2.002
6.0918	1.9556
6.0847	1.9014
6.0776	1.8718
6.0704	1.8922
6.0633	1.9255
6.0563	1.9454
6.0492	1.9561
6.0421	1.9381
6.0351	1.9554
6.0281	2.0189
6.0211	2.0309
6.0141	2.0146
6.0071	2.0226
6.0002	2.0307
5.9932	2.0589
5.9863	2.0617
5.9794	2.0527
5.9725	2.0504
5.9657	2.0643
5.9588	2.0958
5.952	2.1117
5.9451	2.1074
5.9383	2.0994
5.9315	2.1103
5.9247	2.1373
5.918	2.1924
5.9112	2.209
5.9045	2.2078
5.8978	2.2237
5.8911	2.2649
5.8844	2.2585
5.8777	2.2405
5.8711	2.2587
5.8644	2.2874
5.8578	2.2952
5.8512	2.3033
5.8446	2.282
5.838	2.2502
5.8314	2.2576
5.8249	2.263
5.8184	2.2434
5.8118	2.2374
5.8053	2.263
5.7988	2.2576
5.7923	2.2448
5.7859	2.2313
5.7794	2.2251
5.773	2.1683
5.7666	2.1361
5.7602	2.1543
5.7538	2.1688
5.7474	2.2069
5.741	2.2327
5.7347	2.25
5.7283	2.2822
5.722	2.3139
5.7157	2.3364
5.7094	2.357
5.7031	2.4186
5.6969	2.4747
5.6906	2.5008
5.6844	2.5415
5.6782	2.5844
5.6719	2.6173
5.6657	2.6583
5.6596	2.717
5.6534	2.7857
5.6472	2.8115
5.6411	2.802
5.6349	2.7866
5.6288	2.7416
5.6227	2.6545
5.6166	2.5162
5.6106	2.3468
5.6045	2.1778
5.5984	1.9776
5.5924	1.7347
5.5864	1.4671
5.5804	1.2771
5.5744	1.2068
5.5684	1.2196
5.5624	1.1947
5.5564	1.1886
5.5505	1.3581
5.5445	1.6532
5.5386	2.0006
5.5327	2.3521
5.5268	2.6732
5.5209	2.9742
5.5151	3.2614
5.5092	3.5077
5.5033	3.7064
5.4975	3.898
5.4917	4.086
5.4859	4.2627
5.4801	4.4235
5.4743	4.5938
5.4685	4.7721
5.4628	4.9341
5.457	5.0998
5.4513	5.2443
5.4455	5.3589
5.4398	5.4714
5.4341	5.6201
5.4284	5.7553
5.4228	5.8491
5.4171	5.9121
5.4114	5.9578
5.4058	5.9775
5.4002	5.9687
5.3945	5.9306
5.3889	5.8517
5.3833	5.7788
5.3778	5.7051
5.3722	5.6698
5.3666	5.6466
5.3611	5.6353
5.3555	5.6388
5.35	5.6713
5.3445	5.7208
5.339	5.7859
5.3335	5.8835
5.328	5.986
5.3225	6.0514
5.3171	6.1342
5.3116	6.251
5.3062	6.4049
5.3008	6.5567
5.2954	6.6702
5.29	6.8082
5.2846	6.9785
5.2792	7.1703
5.2738	7.3574
5.2684	7.5561
5.2631	7.7863
5.2578	8.0148
5.2524	8.2616
5.2471	8.5441
5.2418	8.8422
5.2365	9.1309
5.2312	9.4025
5.226	9.6974
5.2207	9.9711
5.2154	10.1852
5.2102	10.3685
5.205	10.5056
5.1998	10.6363
5.1945	10.7484
5.1893	10.8421
5.1842	10.9108
5.179	10.9587
5.1738	11.0006
5.1686	11.0432
5.1635	11.0846
5.1584	11.1258
5.1532	11.1742
5.1481	11.2248
5.143	11.2585
5.1379	11.3025
5.1328	11.3347
5.1277	11.3499
5.1227	11.3617
5.1176	11.3224
5.1126	11.0657
5.1075	10.558
5.1025	10.001
5.0975	9.8861
5.0925	10.4104
5.0875	10.957
5.0825	11.2469
5.0775	11.3733
5.0726	11.4458
5.0676	11.5024
5.0627	11.5325
5.0577	11.5687
5.0528	11.6165
5.0479	11.6279
5.043	11.6338
5.038	11.6561
5.0332	11.6748
5.0283	11.6899
5.0234	11.6996
5.0185	11.6956
5.0137	11.7342
5.0088	11.7681
5.004	11.8413
4.9992	11.9452
4.9944	12.0544
4.9896	12.2043
4.9848	12.3535
4.98	12.5321
4.9752	12.7646
4.9704	12.9948
4.9657	13.2304
4.9609	13.4857
4.9562	13.7095
4.9514	13.8975
4.9467	14.0463
4.942	14.163
4.9373	14.2871
4.9326	14.4152
4.9279	14.5185
4.9232	14.6807
4.9186	14.9251
4.9139	15.1927
4.9092	15.4757
4.9046	15.7885
4.9	16.0987
4.8953	16.3822
4.8907	16.6479
4.8861	16.8982
4.8815	17.1211
4.8769	17.3065
4.8723	17.4585
4.8678	17.5973
4.8632	17.7422
4.8586	17.8723
4.8541	17.9814
4.8495	18.0816
4.845	18.1718
4.8405	18.2571
4.836	18.3366
4.8315	18.4108
4.827	18.487
4.8225	18.5614
4.818	18.6225
4.8135	18.6594
4.809	18.6755
4.8046	18.7241
4.8001	18.7693
4.7957	18.8079
4.7913	18.8406
4.7868	18.8835
4.7824	18.8993
4.778	18.882
4.7736	18.8657
4.7692	18.8067
4.7648	18.7137
4.7605	18.6066
4.7561	18.4832
4.7517	18.3615
4.7474	18.2121
4.7431	18.0193
4.7387	17.7979
4.7344	17.5343
4.7301	17.1959
4.7258	16.7412
4.7215	16.1243
4.7172	15.3412
4.7129	14.4943
4.7086	13.705
4.7043	12.9754
4.7	12.3142
4.6958	11.7778
4.6915	11.3622
4.6873	11.055
4.6831	10.8296
4.6788	10.7119
4.6746	10.6326
4.6704	10.6442
4.6662	10.7162
4.662	10.8587
4.6578	11.0839
4.6536	11.433
4.6495	11.9189
4.6453	12.5126
4.6411	13.1513
4.637	13.7917
4.6328	14.4143
4.6287	14.9597
4.6246	15.4084
4.6205	15.8354
4.6163	16.2243
4.6122	16.5269
4.6081	16.7396
4.604	16.8902
4.6	16.9951
4.5959	17.1298
4.5918	17.2852
4.5877	17.3906
4.5837	17.4777
4.5796	17.5469
4.5756	17.6118
4.5716	17.6631
4.5675	17.6859
4.5635	17.7129
4.5595	17.7626
4.5555	17.7932
4.5515	17.8322
4.5475	17.8614
4.5435	17.8779
4.5395	17.9054
4.5356	17.9172
4.5316	17.9054
4.5276	17.922
4.5237	17.9622
4.5197	17.9712
4.5158	17.9736
4.5119	17.9973
4.508	18.0373
4.504	18.066
4.5001	18.1133
4.4962	18.2277
4.4923	18.4027
4.4884	18.5737
4.4846	18.7378
4.4807	18.9393
4.4768	19.1539
4.473	19.3711
4.4691	19.5951
4.4652	19.7552
4.4614	19.9101
4.4576	20.1042
4.4537	20.2807
4.4499	20.4422
4.4461	20.6345
4.4423	20.8448
4.4385	21.0281
4.4347	21.2222
4.4309	21.3857
4.4271	21.5266
4.4233	21.6729
4.4196	21.8278
4.4158	21.9689
4.412	22.1044
4.4083	22.2027
4.4045	22.305
4.4008	22.4002
4.3971	22.4712
4.3934	22.5555
4.3896	22.6915
4.3859	22.8044
4.3822	22.8681
4.3785	22.9337
4.3748	22.9754
4.3711	22.9697
4.3674	22.9268
4.3638	22.8378
4.3601	22.7182
4.3564	22.6012
4.3528	22.4947
4.3491	22.4194
4.3455	22.3857
4.3418	22.3841
4.3382	22.3772
4.3346	22.3642
4.331	22.3649
4.3273	22.4089
4.3237	22.4151
4.3201	22.3909
4.3165	22.3881
4.3129	22.3895
4.3094	22.4023
4.3058	22.4518
4.3022	22.5397
4.2986	22.587
4.2951	22.5674
4.2915	22.5091
4.288	22.3725
4.2844	22.1937
4.2809	22.0272
4.2774	21.8901
4.2738	21.8216
4.2703	21.8131
4.2668	21.8555
4.2633	21.9722
4.2598	22.1212
4.2563	22.2567
4.2528	22.3656
4.2493	22.4452
4.2458	22.5153
4.2424	22.5314
4.2389	22.4916
4.2354	22.4918
4.232	22.5188
4.2285	22.5039
4.2251	22.4992
4.2216	22.507
4.2182	22.4982
4.2148	22.4707
4.2113	22.4584
4.2079	22.4343
4.2045	22.3713
4.2011	22.3062
4.1977	22.2671
4.1943	22.2003
4.1909	22.0831
4.1875	21.9969
4.1841	21.9093
4.1808	21.8001
4.1774	21.7009
4.174	21.6042
4.1707	21.5121
4.1673	21.392
4.164	21.2639
4.1606	21.1401
4.1573	21.0179
4.154	20.8519
4.1506	20.6624
4.1473	20.4834
4.144	20.2811
4.1407	20.0716
4.1374	19.8331
4.1341	19.5963
4.1308	19.3542
4.1275	19.094
4.1242	18.8595
4.1209	18.6026
4.1177	18.3295
4.1144	18.0818
4.1111	17.8095
4.1079	17.5284
4.1046	17.2757
4.1014	17.0401
4.0981	16.7685
4.0949	16.5001
4.0917	16.2482
4.0884	15.9801
4.0852	15.6796
4.082	15.3326
4.0788	14.9952
4.0756	14.6662
4.0724	14.3155
4.0692	13.8992
4.066	13.5061
4.0628	13.1762
4.0596	12.7895
4.0565	12.3405
4.0533	11.8517
4.0501	11.2535
4.047	10.5871
4.0438	9.8951
4.0406	9.197
4.0375	8.5578
4.0344	8.0067
4.0312	7.5513
4.0281	7.1573
4.025	6.7786
4.0218	6.4175
4.0187	6.085
4.0156	5.7456
4.0125	5.3532
4.0094	4.9464
4.0063	4.5701
4.0032	4.2246
4.0001	3.9513
3.997	3.736
3.994	3.5224
3.9909	3.3486
3.9878	3.2171
3.9847	3.1257
3.9817	3.0791
3.9786	3.05
3.9756	3.0355
3.9725	3.0426
3.9695	3.0599
3.9665	3.0959
3.9634	3.1726
3.9604	3.2718
3.9574	3.3877
3.9544	3.5513
3.9513	3.7507
3.9483	3.9956
3.9453	4.2558
3.9423	4.5445
3.9393	4.8571
3.9363	5.0634
3.9333	5.15
3.9304	5.1905
3.9274	5.2462
3.9244	5.3343
3.9214	5.4226
3.9185	5.4849
3.9155	5.551
3.9126	5.6272
3.9096	5.7011
3.9067	5.748
3.9037	5.7769
3.9008	5.8051
3.8979	5.8531
3.8949	5.8927
3.892	5.9235
3.8891	5.9427
3.8862	5.963
3.8833	5.9824
3.8804	6.017
3.8775	6.0582
3.8746	6.0686
3.8717	6.0511
3.8688	6.0866
3.8659	6.161
3.863	6.2067
3.8601	6.2418
3.8573	6.2789
3.8544	6.2929
3.8515	6.3244
3.8487	6.3992
3.8458	6.4909
3.843	6.6169
3.8401	6.7097
3.8373	6.8752
3.8344	7.1424
3.8316	7.4239
3.8288	7.7403
3.8259	8.0984
3.8231	8.4695
3.8203	8.8387
3.8175	9.2545
3.8147	9.718
3.8119	10.1956
3.8091	10.7481
3.8063	11.3605
3.8035	12.0494
3.8007	12.8361
3.7979	13.7263
3.7951	14.6553
3.7924	15.5484
3.7896	16.3592
3.7868	17.0192
3.7841	17.5303
3.7813	17.9376
3.7785	18.2874
3.7758	18.572
3.773	18.7833
3.7703	18.9723
3.7676	19.1688
3.7648	19.3171
3.7621	19.4395
3.7594	19.5536
3.7566	19.6093
3.7539	19.6221
3.7512	19.6659
3.7485	19.7466
3.7458	19.771
3.7431	19.826
3.7404	19.9325
3.7377	20.0327
3.735	20.126
3.7323	20.194
3.7296	20.2525
3.7269	20.3117
3.7242	20.338
3.7216	20.3458
3.7189	20.3519
3.7162	20.3614
3.7136	20.3645
3.7109	20.3768
3.7083	20.3794
3.7056	20.3484
3.703	20.3266
3.7003	20.3228
3.6977	20.2951
3.695	20.2785
3.6924	20.2605
3.6898	20.2191
3.6872	20.1885
3.6845	20.154
3.6819	20.1215
3.6793	20.0637
3.6767	20.0026
3.6741	19.9404
3.6715	19.9103
3.6689	19.8677
3.6663	19.7632
3.6637	19.6657
3.6611	19.6034
3.6585	19.5226
3.656	19.4175
3.6534	19.3398
3.6508	19.3052
3.6482	19.2292
3.6457	19.157
3.6431	19.0755
3.6406	18.9805
3.638	18.8846
3.6355	18.7987
3.6329	18.6914
3.6304	18.5905
3.6278	18.5363
3.6253	18.4363
3.6227	18.2914
3.6202	18.1998
3.6177	18.0956
3.6152	17.9547
3.6127	17.8412
3.6101	17.7193
3.6076	17.5912
3.6051	17.4841
3.6026	17.3264
3.6001	17.1199
3.5976	16.9257
3.5951	16.7708
3.5926	16.5705
3.5901	16.3334
3.5876	16.0959
3.5852	15.8186
3.5827	15.4944
3.5802	15.1823
3.5777	14.8431
3.5753	14.5403
3.5728	14.325
3.5704	14.2163
3.5679	14.2111
3.5654	14.2229
3.563	14.1789
3.5605	14.1216
3.5581	14.014
3.5557	13.8682
3.5532	13.7045
3.5508	13.4971
3.5484	13.2283
3.5459	12.991
3.5435	12.6884
3.5411	12.3334
3.5387	11.9464
3.5363	11.5301
3.5338	11.0662
3.5314	10.5456
3.529	9.9633
3.5266	9.3398
3.5242	8.7634
3.5218	8.1817
3.5195	7.6555
3.5171	7.252
3.5147	6.9276
3.5123	6.6993
3.5099	6.5077
3.5075	6.3613
3.5052	6.2072
3.5028	6.0883
3.5004	5.9914
3.4981	5.8761
3.4957	5.7631
3.4934	5.645
3.491	5.4991
3.4887	5.3594
3.4863	5.2888
3.484	5.1794
3.4816	5.0797
3.4793	5.0889
3.477	5.0695
3.4746	5.0989
3.4723	5.2507
3.47	5.5256
3.4677	5.8832
3.4653	6.241
3.463	6.5238
3.4607	6.735
3.4584	6.825
3.4561	6.8835
3.4538	6.9799
3.4515	7.054
3.4492	7.1042
3.4469	7.1345
3.4446	7.1395
3.4423	7.1949
3.44	7.2125
3.4378	7.1535
3.4355	7.136
3.4332	7.1483
3.4309	7.1625
3.4287	7.1542
3.4264	7.1357
3.4241	7.1301
3.4219	7.1057
3.4196	7.0654
3.4174	7.0566
3.4151	7.0732
3.4129	7.0808
3.4106	7.0401
3.4084	7.0337
3.4061	7.0635
3.4039	7.0086
3.4017	6.9934
3.3994	7.0121
3.3972	6.9906
3.395	6.9418
3.3928	6.9328
3.3906	6.9086
3.3883	6.8684
3.3861	6.8478
3.3839	6.8331
3.3817	6.8158
3.3795	6.7793
3.3773	6.7755
3.3751	6.7739
3.3729	6.7568
3.3707	6.7452
3.3685	6.7286
3.3663	6.6413
3.3641	6.5733
3.362	6.4859
3.3598	6.3694
3.3576	6.2723
3.3554	6.1686
3.3533	6.0772
3.3511	6.0757
3.3489	6.1394
3.3468	6.3043
3.3446	6.7017
3.3425	7.302
3.3403	8.0091
3.3382	8.627
3.336	9.1425
3.3339	9.6256
3.3317	10.0126
3.3296	10.3088
3.3274	10.5606
3.3253	10.7458
3.3232	10.9004
3.321	11.0546
3.3189	11.1618
3.3168	11.2319
3.3147	11.2935
3.3126	11.3373
3.3104	11.4557
3.3083	11.5313
3.3062	11.509
3.3041	11.5251
3.302	11.5881
3.2999	11.6648
3.2978	11.7122
3.2957	11.7262
3.2936	11.7634
3.2915	11.7491
3.2894	11.7413
3.2874	11.7579
3.2853	11.7712
3.2832	11.7667
3.2811	11.7705
3.279	11.802
3.277	11.8387
3.2749	11.8543
3.2728	11.8583
3.2708	11.8559
3.2687	11.8507
3.2666	11.8358
3.2646	11.8256
3.2625	11.8218
3.2605	11.8308
3.2584	11.8128
3.2564	11.7996
3.2543	11.8223
3.2523	11.8408
3.2503	11.832
3.2482	11.8202
3.2462	11.8112
3.2442	11.8155
3.2421	11.8242
3.2401	11.8278
3.2381	11.7882
3.2361	11.7742
3.234	11.7553
3.232	11.7418
3.23	11.7465
3.228	11.6989
3.226	11.6303
3.224	11.6078
3.222	11.5962
3.22	11.5822
3.218	11.5445
3.216	11.5175
3.214	11.4965
3.212	11.4493
3.21	11.4188
3.208	11.4067
3.206	11.3949
3.204	11.3856
3.2021	11.365
3.2001	11.3302
3.1981	11.2862
3.1961	11.2345
3.1942	11.199
3.1922	11.2021
3.1902	11.1884
3.1883	11.1625
3.1863	11.1116
3.1844	11.0361
3.1824	11.0122
3.1805	10.9736
3.1785	10.9636
3.1766	11.0008
3.1746	10.9636
3.1727	10.88
3.1707	10.8052
3.1688	10.7237
3.1669	10.6899
3.1649	10.6704
3.163	10.6347
3.1611	10.5987
3.1591	10.5395
3.1572	10.5023
3.1553	10.4602
3.1534	10.4433
3.1515	10.4365
3.1495	10.4294
3.1476	10.4606
3.1457	10.4237
3.1438	10.3524
3.1419	10.337
3.14	10.333
3.1381	10.3112
3.1362	10.2823
3.1343	10.2851
3.1324	10.3031
3.1305	10.2617
3.1286	10.2418
3.1268	10.2878
3.1249	10.2354
3.123	10.1743
3.1211	10.1502
3.1192	10.0843
3.1174	10.0569
3.1155	9.9858
3.1136	9.9662
3.1117	9.9406
3.1099	9.901
3.108	9.9029
3.1061	9.8871
3.1043	9.8785
3.1024	9.9046
3.1006	9.907
3.0987	9.8594
3.0969	9.8096
3.095	9.8234
3.0932	9.844
3.0913	9.8525
3.0895	9.8707
3.0876	9.8432
3.0858	9.8414
3.084	9.7971
3.0821	9.7888
3.0803	9.8046
3.0785	9.8215
3.0766	9.8369
3.0748	9.829
3.073	9.7921
3.0712	9.7173
3.0694	9.7203
3.0675	9.6879
3.0657	9.7139
3.0639	9.7592
3.0621	9.7222
3.0603	9.7177
3.0585	9.7237
3.0567	9.7301
3.0549	9.7282
3.0531	9.7184
3.0513	9.6957
3.0495	9.6642
3.0477	9.6706
3.0459	9.6649
3.0441	9.6645
3.0423	9.6533
3.0406	9.6266
3.0388	9.6341
3.037	9.6502
3.0352	9.6491
3.0334	9.6659
3.0317	9.6801
3.0299	9.6836
3.0281	9.7232
3.0264	9.7194
3.0246	9.6552
3.0228	9.588
3.0211	9.6005
3.0193	9.6438
3.0176	9.6543
3.0158	9.6285
3.014	9.6375
3.0123	9.6517
3.0105	9.682
3.0088	9.7019
3.007	9.6727
3.0053	9.7128
3.0036	9.6948
3.0018	9.6609
3.0001	9.7019
2.9984	9.6978
2.9966	9.6744
2.9949	9.7407
2.9932	9.8127
2.9914	9.7826
2.9897	9.7597
2.988	9.7753
2.9863	9.7881
2.9845	9.7753
2.9828	9.7994
2.9811	9.866
2.9794	9.8837
2.9777	9.8508
2.976	9.8155
2.9743	9.8449
2.9726	9.9276
2.9709	9.9117
2.9692	9.8856
2.9675	9.9453
2.9658	9.8998
2.9641	9.8473
2.9624	9.9439
2.9607	9.9913
2.959	9.9354
2.9573	9.928
2.9556	9.9591
2.9539	9.9456
2.9523	9.9728
2.9506	10.013
2.9489	10.0296
2.9472	10.067
2.9455	10.0502
2.9439	10.0232
2.9422	10.04
2.9405	10.1009
2.9389	10.1641
2.9372	10.1438
2.9355	10.1483
2.9339	10.1774
2.9322	10.1272
2.9306	10.154
2.9289	10.2454
2.9272	10.256
2.9256	10.2757
2.9239	10.2958
2.9223	10.2866
2.9207	10.2555
2.919	10.2913
2.9174	10.3162
2.9157	10.3427
2.9141	10.3924
2.9124	10.4237
2.9108	10.4474
2.9092	10.449
2.9075	10.4523
2.9059	10.4367
2.9043	10.4606
2.9027	10.5397
2.901	10.5442
2.8994	10.5369
2.8978	10.5866
2.8962	10.6337
2.8946	10.6146
2.8929	10.5691
2.8913	10.6539
2.8897	10.7649
2.8881	10.7602
2.8865	10.7382
2.8849	10.7578
2.8833	10.8012
2.8817	10.773
2.8801	10.8296
2.8785	10.9326
2.8769	10.9385
2.8753	10.9437
2.8737	10.9766
2.8721	10.9977
2.8705	11.0548
2.8689	11.0903
2.8673	11.1114
2.8658	11.1401
2.8642	11.1391
2.8626	11.1585
2.861	11.2161
2.8594	11.2326
2.8579	11.2386
2.8563	11.2722
2.8547	11.2923
2.8531	11.3314
2.8516	11.3788
2.85	11.3901
2.8484	11.3942
2.8469	11.4354
2.8453	11.4733
2.8437	11.5092
2.8422	11.5244
2.8406	11.5509
2.8391	11.5824
2.8375	11.5666
2.836	11.5514
2.8344	11.5803
2.8329	11.631
2.8313	11.6156
2.8298	11.6355
2.8282	11.6838
2.8267	11.6764
2.8252	11.7051
2.8236	11.7025
2.8221	11.6831
2.8205	11.7283
2.819	11.7179
2.8175	11.6672
2.8159	11.666
2.8144	11.6933
2.8129	11.694
2.8114	11.6826
2.8098	11.6303
2.8083	11.5869
2.8068	11.532
2.8053	11.4825
2.8038	11.4347
2.8022	11.3918
2.8007	11.344
2.7992	11.2926
2.7977	11.2426
2.7962	11.114
2.7947	10.9954
2.7932	10.8597
2.7917	10.7202
2.7902	10.6342
2.7887	10.494
2.7872	10.3389
2.7857	10.2231
2.7842	10.0888
2.7827	9.9489
2.7812	9.763
2.7797	9.5666
2.7782	9.4691
2.7767	9.3533
2.7752	9.2171
2.7738	9.0966
2.7723	9.0089
2.7708	8.8915
2.7693	8.7965
2.7678	8.7198
2.7664	8.6357
2.7649	8.5209
2.7634	8.3776
2.7619	8.3054
2.7605	8.3196
2.759	8.3326
2.7575	8.3598
2.7561	8.3769
2.7546	8.4181
2.7531	8.4974
2.7517	8.6206
2.7502	8.7347
2.7488	8.7987
2.7473	8.8749
2.7458	9.0187
2.7444	9.1454
2.7429	9.2732
2.7415	9.3767
2.74	9.4587
2.7386	9.5894
2.7371	9.83
2.7357	10.0964
2.7343	10.3612
2.7328	10.634
2.7314	10.9281
2.7299	11.2585
2.7285	11.6269
2.7271	11.9824
2.7256	12.3251
2.7242	12.763
2.7228	13.3081
2.7213	13.8388
2.7199	14.5031
2.7185	15.1939
2.7171	15.7911
2.7156	16.43
2.7142	17.06
2.7128	17.6224
2.7114	18.1399
2.71	18.694
2.7085	19.2195
2.7071	19.7213
2.7057	20.2598
2.7043	20.8732
2.7029	21.5592
2.7015	22.26
2.7001	23.004
2.6987	23.8073
2.6973	24.6127
2.6959	25.4106
2.6945	26.2899
2.6931	27.3629
2.6917	28.7028
2.6903	29.9716
2.6889	31.1062
2.6875	32.2096
2.6861	33.2461
2.6847	34.1356
2.6833	34.8811
2.6819	35.6363
2.6805	36.2115
2.6791	36.6027
2.6778	37.0079
2.6764	37.4015
2.675	37.8773
2.6736	38.3298
2.6722	38.6107
2.6709	38.7009
2.6695	39.0419
2.6681	39.4369
2.6667	39.5703
2.6654	39.8009
2.664	40.1767
2.6626	40.5609
2.6613	40.7373
2.6599	40.9142
2.6585	41.1965
2.6572	41.3727
2.6558	41.4499
2.6545	41.6351
2.6531	41.7743
2.6517	41.9091
2.6504	42.1229
2.649	42.2666
2.6477	42.3375
2.6463	42.3524
2.645	42.4791
2.6436	42.6593
2.6423	42.7031
2.6409	42.7841
2.6396	42.9115
2.6382	42.9764
2.6369	43.0515
2.6356	43.0964
2.6342	43.1159
2.6329	43.1777
2.6315	43.0938
2.6302	42.9861
2.6289	43.1355
2.6275	43.2274
2.6262	43.258
2.6249	43.3818
2.6236	43.4709
2.6222	43.486
2.6209	43.2958
2.6196	43.294
2.6183	43.4263
2.6169	43.4022
2.6156	43.4858
2.6143	43.6087
2.613	43.5992
2.6117	43.589
2.6103	43.567
2.609	43.5753
2.6077	43.6061
2.6064	43.4955
2.6051	43.4318
2.6038	43.58
2.6025	43.6558
2.6012	43.6684
2.5999	43.7233
2.5986	43.7941
2.5973	43.734
2.596	43.418
2.5947	43.1995
2.5934	43.3937
2.5921	43.6148
2.5908	43.6279
2.5895	43.5386
2.5882	43.4668
2.5869	43.4225
2.5856	43.36
2.5843	43.1777
2.583	43.2288
2.5817	43.3295
2.5805	43.2549
2.5792	43.2831
2.5779	43.3089
2.5766	43.2561
2.5753	43.1834
2.5741	43.0721
2.5728	43.0453
2.5715	43.0363
2.5702	42.8319
2.569	42.6865
2.5677	42.6351
2.5664	42.4916
2.5651	42.2183
2.5639	41.8866
2.5626	41.6296
2.5613	41.3428
2.5601	41.0331
2.5588	40.7392
2.5575	40.3657
2.5563	39.8788
2.555	39.3372
2.5538	38.8432
2.5525	38.2974
2.5513	37.6923
2.55	37.1192
2.5487	36.5764
2.5475	36.0014
2.5462	35.4812
2.545	35.0447
2.5437	34.5337
2.5425	34.097
2.5413	33.8351
2.54	33.5918
2.5388	33.4038
2.5375	33.3134
2.5363	33.2899
2.535	33.3228
2.5338	33.4081
2.5326	33.5864
2.5313	33.837
2.5301	34.1474
2.5289	34.4605
2.5276	34.762
2.5264	35.0805
2.5252	35.3926
2.5239	35.6578
2.5227	35.9202
2.5215	36.2068
2.5202	36.4178
2.519	36.638
2.5178	36.8573
2.5166	37.0288
2.5154	37.1628
2.5141	37.3103
2.5129	37.4306
2.5117	37.5017
2.5105	37.6045
2.5093	37.7129
2.5081	37.7581
2.5068	37.7442
2.5056	37.8273
2.5044	37.9412
2.5032	37.9656
2.502	38.0182
2.5008	38.1553
2.4996	38.2005
2.4984	38.2102
2.4972	38.2808
2.496	38.278
2.4948	38.304
2.4936	38.3881
2.4924	38.4804
2.4912	38.5666
2.49	38.6642
2.4888	38.7587
2.4876	38.8537
2.4864	38.9749
2.4852	39.0635
2.484	39.1897
2.4828	39.3323
2.4816	39.499
2.4805	39.6865
2.4793	39.854
2.4781	40.0534
2.4769	40.2225
2.4757	40.4067
2.4745	40.5777
2.4734	40.7382
2.4722	40.9788
2.471	41.1936
2.4698	41.4063
2.4686	41.6298
2.4675	41.8079
2.4663	41.972
2.4651	42.1774
2.464	42.3382
2.4628	42.4814
2.4616	42.6995
2.4604	42.8286
2.4593	42.9761
2.4581	43.1699
2.4569	43.2899
2.4558	43.3681
2.4546	43.5078
2.4535	43.6856
2.4523	43.77
2.4511	43.8663
2.45	43.9741
2.4488	44.0738
2.4477	44.1796
2.4465	44.322
2.4454	44.379
2.4442	44.4105
2.4431	44.5522
2.4419	44.6317
2.4408	44.7037
2.4396	44.8103
2.4385	44.9401
2.4373	45.0649
2.4362	45.1795
2.435	45.2491
2.4339	45.3715
2.4327	45.4942
2.4316	45.5946
2.4305	45.6946
2.4293	45.8374
2.4282	45.9394
2.427	45.9915
2.4259	46.091
2.4248	46.2542
2.4236	46.3827
2.4225	46.5085
2.4214	46.5559
2.4202	46.6293
2.4191	46.7716
2.418	46.8621
2.4169	46.9535
2.4157	47.0285
2.4146	47.0757
2.4135	47.1818
2.4124	47.3262
2.4112	47.3643
2.4101	47.3606
2.409	47.4212
2.4079	47.4588
2.4068	47.4972
2.4056	47.5997
2.4045	47.6516
2.4034	47.6274
2.4023	47.6319
2.4012	47.7058
2.4001	47.8152
2.399	47.8396
2.3979	47.8529
2.3967	47.9109
2.3956	47.9488
2.3945	47.9985
2.3934	48.0149
2.3923	48.0438
2.3912	48.098
2.3901	48.1179
2.389	48.1418
2.3879	48.1269
2.3868	48.1342
2.3857	48.1733
2.3846	48.1411
2.3835	48.1295
2.3824	48.0921
2.3813	48.0492
2.3802	48.0847
2.3791	48.1169
2.3781	48.1229
2.377	48.0573
2.3759	47.9457
2.3748	47.8936
2.3737	47.8891
2.3726	47.7738
2.3715	47.6642
2.3704	47.5697
2.3694	47.4439
2.3683	47.2838
2.3672	47.0806
2.3661	46.8796
2.365	46.7342
2.364	46.4884
2.3629	46.2056
2.3618	45.9738
2.3607	45.6827
2.3597	45.336
2.3586	44.9697
2.3575	44.5829
2.3564	44.2613
2.3554	44.0113
2.3543	43.716
2.3532	43.4112
2.3522	43.0683
2.3511	42.7538
2.35	42.5091
2.349	42.2941
2.3479	42.1122
2.3468	41.941
2.3458	41.761
2.3447	41.636
2.3436	41.5709
2.3426	41.4975
2.3415	41.5112
2.3405	41.5503
2.3394	41.5588
2.3384	41.6261
2.3373	41.717
2.3363	41.851
2.3352	41.9837
2.3342	42.1028
2.3331	42.2726
2.3321	42.489
2.331	42.6325
2.33	42.8421
2.3289	43.0768
2.3279	43.2634
2.3268	43.508
2.3258	43.7119
2.3247	43.8706
2.3237	44.057
2.3226	44.2182
2.3216	44.3909
2.3206	44.5069
2.3195	44.6699
2.3185	44.8496
2.3175	44.9862
2.3164	45.0509
2.3154	45.1759
2.3144	45.3341
2.3133	45.3962
2.3123	45.4809
2.3113	45.5375
2.3102	45.6133
2.3092	45.6441
2.3082	45.6879
2.3071	45.7514
2.3061	45.803
2.3051	45.8707
2.3041	45.9712
2.303	46.0725
2.302	46.1237
2.301	46.1639
2.3	46.2755
2.299	46.3998
2.2979	46.4775
2.2969	46.4765
2.2959	46.5945
2.2949	46.7609
2.2939	46.8407
2.2929	46.9357
2.2918	47.1162
2.2908	47.1659
2.2898	47.2305
2.2888	47.3532
2.2878	47.4666
2.2868	47.4873
2.2858	47.6315
2.2848	47.7923
2.2838	47.8974
2.2828	48.0554
2.2818	48.1896
2.2808	48.2351
2.2798	48.309
2.2787	48.4014
2.2777	48.5283
2.2767	48.6768
2.2757	48.7888
2.2747	48.8781
2.2738	48.9797
2.2728	49.0524
2.2718	49.1691
2.2708	49.2961
2.2698	49.3524
2.2688	49.3628
2.2678	49.4021
2.2668	49.5175
2.2658	49.5542
2.2648	49.5442
2.2638	49.6411
2.2628	49.7436
2.2618	49.7882
2.2609	49.8393
2.2599	49.8578
2.2589	49.8793
2.2579	49.9009
2.2569	49.9956
2.2559	50.1057
2.255	50.097
2.254	50.1325
2.253	50.2267
2.252	50.2566
2.251	50.2509
2.2501	50.2952
2.2491	50.357
2.2481	50.3575
2.2471	50.3629
2.2462	50.4538
2.2452	50.527
2.2442	50.5107
2.2433	50.5171
2.2423	50.5753
2.2413	50.5701
2.2403	50.532
2.2394	50.5365
2.2384	50.5521
2.2374	50.5263
2.2365	50.5022
2.2355	50.491
2.2345	50.4482
2.2336	50.4465
2.2326	50.4636
2.2317	50.4176
2.2307	50.3447
2.2297	50.293
2.2288	50.2608
2.2278	50.1929
2.2269	50.1169
2.2259	50.0442
2.225	49.9956
2.224	49.9184
2.2231	49.9326
2.2221	49.9482
2.2211	49.9324
2.2202	49.8346
2.2192	49.6702
2.2183	49.648
2.2173	49.6726
2.2164	49.6333
2.2155	49.6432
2.2145	49.594
2.2136	49.6326
2.2126	49.6532
2.2117	49.4642
2.2107	49.3084
2.2098	49.2989
2.2088	49.3766
2.2079	49.4287
2.207	49.4114
2.206	49.4256
2.2051	49.5819
2.2041	49.6958
2.2032	49.6948
2.2023	49.7256
2.2013	49.8538
2.2004	49.9369
2.1995	49.9831
2.1985	49.9876
2.1976	50.0648
2.1967	50.1661
2.1957	50.2225
2.1948	50.2793
2.1939	50.3489
2.193	50.4771
2.192	50.5583
2.1911	50.626
2.1902	50.7591
2.1893	50.7868
2.1883	50.8221
2.1874	50.9258
2.1865	51.0002
2.1856	51.0229
2.1846	51.1143
2.1837	51.2578
2.1828	51.3076
2.1819	51.3966
2.181	51.4847
2.18	51.4411
2.1791	51.4767
2.1782	51.6159
2.1773	51.6528
2.1764	51.6467
2.1755	51.7111
2.1746	51.7821
2.1736	51.8366
2.1727	51.9062
2.1718	51.9896
2.1709	51.9898
2.17	51.9531
2.1691	52.0431
2.1682	52.1066
2.1673	52.0919
2.1664	52.0147
2.1655	52.0261
2.1646	52.0791
2.1637	52.1222
2.1628	52.1471
2.1619	52.1615
2.161	52.1686
2.1601	52.2023
2.1592	52.2311
2.1583	52.2624
2.1574	52.3439
2.1565	52.3159
2.1556	52.2837
2.1547	52.3988
2.1538	52.4533
2.1529	52.3818
2.152	52.36
2.1511	52.4002
2.1502	52.4381
2.1493	52.5087
2.1484	52.567
2.1475	52.5366
2.1466	52.4746
2.1458	52.5499
2.1449	52.7024
2.144	52.754
2.1431	52.7436
2.1422	52.7124
2.1413	52.7578
2.1404	52.8445
2.1396	52.7967
2.1387	52.7867
2.1378	52.8293
2.1369	52.8038
2.136	52.8208
2.1352	52.8658
2.1343	52.872
2.1334	52.9146
2.1325	52.9151
2.1316	52.9141
2.1308	52.9165
2.1299	52.8852
2.129	52.8488
2.1281	52.9236
2.1273	52.971
2.1264	52.9354
2.1255	52.8663
2.1247	52.9103
2.1238	52.9814
2.1229	52.9492
2.122	52.9184
2.1212	52.8914
2.1203	52.9224
2.1194	52.9726
2.1186	53.0581
2.1177	52.9925
2.1168	52.9174
2.116	52.9212
2.1151	52.8353
2.1143	52.8511
2.1134	52.9553
2.1125	52.9589
2.1117	52.8679
2.1108	52.9134
2.11	52.9991
2.1091	53.0183
2.1082	52.9894
2.1074	52.9494
2.1065	52.952
2.1057	52.9615
2.1048	53.0136
2.104	52.9989
2.1031	53.0252
2.1023	53.1
2.1014	53.1493
2.1005	53.1164
2.0997	53.083
2.0988	53.0524
2.098	53.0913
2.0971	53.096
2.0963	53.056
2.0955	53.1175
2.0946	53.2033
2.0938	53.2838
2.0929	53.2594
2.0921	53.2648
2.0912	53.3503
2.0904	53.2963
2.0895	53.2776
2.0887	53.3262
2.0879	53.2997
2.087	53.2736
2.0862	53.3399
2.0853	53.3172
2.0845	53.3196
2.0837	53.3349
2.0828	53.3238
2.082	53.3231
2.0812	53.4642
2.0803	53.4801
2.0795	53.451
2.076	53.8113
2.072	53.3769
2.068	53.9205
2.064	53.8416
2.06	53.5323
2.056	53.3534
2.052	53.4556
2.048	53.4047
2.044	53.3557
2.04	53.563
2.036	53.5368
2.032	53.3817
2.028	53.1759
2.024	53.332
2.02	53.6751
2.016	53.4917
2.012	53.2596
2.008	53.3122
2.004	53.2078
2	52.9517
1.996	52.4293
1.992	52.4806
1.988	52.0638
1.984	51.878
1.98	51.696
1.976	51.7198
1.972	51.4509
1.968	51.6127
1.964	51.6127
1.96	51.5826
1.956	51.183
1.952	51.2831
1.948	51.2544
1.944	51.2962
1.94	51.2478
1.936	51.2626
1.932	51.0105
1.928	50.5838
1.924	50.1198
1.92	49.9983
1.916	49.8847
1.912	49.6414
1.908	49.5651
1.904	49.5453
1.9	49.8354
1.896	50.5758
1.892	51.5046
1.888	52.5323
1.884	53.2188
1.88	53.7739
1.876	54.0448
1.872	54.5506
1.868	54.9676
1.864	55.5628
1.86	56.1619
1.856	56.3249
1.852	56.0844
1.848	56.2899
1.844	56.1473
1.84	56.2842
1.836	56.4281
1.832	56.3766
1.828	56.4248
1.824	56.6147
1.82	56.6367
1.816	57.0765
1.812	56.8065
1.808	57.019
1.804	57.1341
1.8	57.1053
1.796	57.1828
1.792	57.0677
1.788	57.1919
1.784	57.2208
1.78	57.1919
1.776	57.3356
1.772	57.2227
1.768	57.1521
1.764	57.1902
1.76	57.1993
1.756	57.2576
1.752	57.1902
1.748	56.9022
1.744	56.7595
1.74	57.2787
1.736	56.8735
1.732	56.89
1.728	56.9147
1.724	56.9525
1.72	57.1009
1.716	56.9095
1.712	56.5951
1.708	56.7657
1.704	56.4529
1.7	56.7861
1.696	56.7301
1.692	56.9586
1.688	56.8735
1.684	56.7173
1.68	56.5532
1.676	56.3965
1.672	56.5248
1.668	57.1712
1.664	57.2003
1.66	57.1136
1.656	56.9272
1.652	56.9272
1.648	56.7828
1.644	56.2391
1.64	56.2183
1.636	56.5038
1.632	56.5253
1.628	56.6042
1.624	56.4391
1.62	56.6913
1.616	56.6834
1.612	56.7253
1.608	56.5754
1.604	56.5903
1.6	56.7861
1.596	56.9232
1.592	56.4332
1.588	56.3829
1.584	56.5198
1.58	56.4029
1.576	56.3444
1.572	56.9108
1.568	56.723
1.564	56.3304
1.56	56.1954
1.556	56.2173
1.552	55.9949
1.548	55.9866
1.544	56.1866
1.54	56.4606
1.536	56.1866
1.532	56.0213
1.528	55.5893
1.524	55.8111
1.52	56.1711
1.516	56.2496
1.512	55.8515
1.508	55.4165
1.504	55.0877
1.5	54.864
1.496	55.5571
1.492	55.5984
1.488	55.4863
1.484	55.429
1.48	55.0793
1.476	54.853
1.472	54.4086
1.468	54.5563
1.464	54.4469
1.46	54.5845
1.456	54.6869
1.452	54.6336
1.448	54.6611
1.444	54.8064
1.44	54.8384
1.436	54.7066
1.432	54.5924
1.428	54.7285
1.424	54.5297
1.42	54.0305
1.416	53.4481
1.412	53.0624
1.408	52.7344
1.404	52.8365
1.4	53.1792
1.396	53.431
1.392	53.6842
1.388	53.5359
1.384	53.4713
1.38	53.8982
1.376	54.1881
1.372	54.361
1.368	54.4875
1.364	54.529
1.36	54.7153
1.356	55.1411
1.352	55.0062
1.348	54.7275
1.344	54.8142
1.34	54.4182
1.336	54.5634
1.332	54.6765
1.328	54.7661
1.324	54.6554
1.32	54.6792
1.316	54.7361
1.312	54.6819
1.308	54.7674
1.304	54.734
1.3	54.7625
1.296	54.8483
1.292	54.8306
1.288	54.8131
1.284	54.5798
1.28	54.5641
1.276	54.3416
1.272	54.0651
1.268	53.8018
1.264	53.5949
1.26	53.5743
1.256	53.4606
1.252	53.2816
1.248	53.3748
1.244	53.4154
1.24	53.1299
1.236	53.0721
1.232	53.0143
1.228	52.6145
1.224	52.5281
1.22	52.5304
1.216	52.3909
1.212	52.2799
1.208	52.6767
1.204	52.5751
1.2	52.6332
1.196	52.4761
1.192	52.4943
1.188	52.4024
1.184	52.2556
1.18	52.2008
1.176	51.9056
1.172	51.9913
1.168	51.8514
1.164	51.6797
1.16	51.8029
1.156	51.5021
1.152	51.459
1.148	51.1423
1.144	50.813
1.14	50.7321
1.136	50.72
1.132	50.6515
1.128	51.0854
1.124	50.9635
1.12	50.937
1.116	50.6182
1.112	50.7198
1.108	50.7813
1.104	50.6182
1.1	50.5537
1.096	50.486
1.092	50.3073
1.088	50.2317
1.084	49.6042
1.08	49.4339
1.076	49.397
1.072	49.4657
1.068	50.0776
1.064	49.7251
1.06	49.5718
1.056	49.2858
1.052	49.9025
1.048	49.5938
1.044	49.5834
1.04	49.3233
1.036	49.1161
1.032	49.1316
1.028	49.2526
1.024	48.8624
1.02	48.7853
1.016	49.3092
1.012	48.9394
1.008	48.8865
1.004	48.585
1	48.9804
0.996	48.6548
0.992	48.1711
0.988	49.0328
0.984	48.5758
0.98	48.6686
0.976	48.4448
0.972	48.3266
0.968	48.1988
0.964	48.2071
0.96	47.9695
0.956	48.026
0.952	47.8664
0.948	48.0024
0.944	47.9233
0.94	47.897
0.936	47.7136
0.932	47.6875
0.928	47.6799
0.924	47.6354
0.92	47.4202
0.916	47.4907
0.912	47.0928
0.908	47.2189
0.904	47.2034
0.9	47.3336
0.896	47.2358
0.892	47.2358
0.888	46.8802
0.884	47.3254
0.88	46.7774
0.876	46.8295
0.872	46.6966
0.868	46.9064
0.864	47.0443
0.86	46.6772
0.856	46.6348
0.852	46.7505
0.848	46.7994
0.844	46.9821
0.84	46.6126
0.836	46.6431
0.832	46.5196
0.828	46.6492
0.824	46.6926
0.82	46.6659
0.816	46.44
0.812	46.3342
0.808	46.2376
0.804	46.6351
0.8	46.5328
0.799	46.4098
0.798	46.4118
0.797	46.5496
0.796	46.2324
0.795	46.4939
0.794	46.6265
0.793	46.3419
0.792	46.5747
0.791	46.4369
0.79	46.3567
0.789	46.2064
0.788	46.4321
0.787	46.5273
0.786	46.3969
0.785	46.1446
0.784	46.2068
0.783	46.1042
0.782	46.2818
0.781	46.1865
0.78	46.159
0.779	46.2343
0.778	45.9481
0.777	46.058
0.776	46.003
0.775	45.8934
0.774	46.3571
0.773	46.4799
0.772	46.2343
0.771	45.9342
0.77	46.1519
0.769	45.7029
0.768	45.8321
0.767	45.9557
0.766	45.4291
0.765	45.6749
0.764	45.7505
0.763	45.6467
0.762	45.7022
0.761	45.4021
0.76	45.2793
0.759	45.2912
0.758	45.3129
0.757	45.436
0.756	45.34
0.755	45.3129
0.754	45.5994
0.753	45.2832
0.752	45.3324
0.751	45.3869
0.75	45.1124
0.749	45.1171
0.748	45.4361
0.747	45.1344
0.746	44.9347
0.745	45.0802
0.744	44.9502
0.743	45.0041
0.742	45.0853
0.741	44.9887
0.74	45.1195
0.739	44.8533
0.738	44.9304
0.737	44.8492
0.736	44.8989
0.735	44.7252
0.734	44.9847
0.733	44.5578
0.732	44.4801
0.731	44.3704
0.73	44.604
0.729	44.4697
0.728	44.5233
0.727	44.4429
0.726	44.5771
0.725	44.3027
0.724	44.5879
0.723	44.4471
0.722	44.094
0.721	43.9936
0.72	44.0911
0.719	44.201
0.718	44.201
0.717	44.201
0.716	44.1809
0.715	44.1004
0.714	43.8186
0.713	43.9962
0.712	43.8959
0.711	43.8779
0.71	43.9133
0.709	43.8331
0.708	43.6737
0.707	43.9313
0.706	43.9313
0.705	43.5834
0.704	43.8331
0.703	43.9133
0.702	43.5645
0.701	43.4658
0.7	43.4924
0.699	43.3406
0.698	43.418
0.697	43.2208
0.696	43.126
0.695	42.973
0.694	42.8666
0.693	42.9938
0.692	43.5102
0.691	43.6108
0.69	42.9997
0.689	42.8386
0.688	43.3826
0.687	43.4095
0.686	42.8454
0.685	42.7394
0.684	42.7129
0.683	42.6385
0.682	42.7444
0.681	42.7011
0.68	42.7011
0.679	42.6479
0.678	42.5684
0.677	42.6306
0.676	42.5825
0.675	42.5027
0.674	42.3352
0.673	42.3352
0.672	42.2076
0.671	42.5074
0.67	42.4056
0.669	42.1752
0.668	42.1223
0.667	42.4855
0.666	42.2547
0.665	42.0794
0.664	41.5699
0.663	41.6974
0.662	41.843
0.661	41.5184
0.66	41.8367
0.659	41.9707
0.658	42.1364
0.657	42.1364
0.656	42.3231
0.655	42.4255
0.654	41.9284
0.653	42.0077
0.652	42.0607
0.651	41.9812
0.65	41.4128
0.649	41.2746
0.648	41.4908
0.647	41.4388
0.646	41.3609
0.645	41.3521
0.644	41.3903
0.643	41.3642
0.642	41.3625
0.641	40.9772
0.64	40.926
0.639	41.0024
0.638	41.2127
0.637	41.3106
0.636	41.6216
0.635	41.806
0.634	41.0304
0.633	40.9785
0.632	41.1336
0.631	41.4007
0.63	41.7104
0.629	41.5212
0.628	41.0298
0.627	40.6439
0.626	40.4958
0.625	40.341
0.624	40.3346
0.623	40.2332
0.622	40.2585
0.621	40.3585
0.62	40.4933
0.619	40.4676
0.618	40.1278
0.617	40.2567
0.616	40.2313
0.615	40.0773
0.614	39.9027
0.613	39.7447
0.612	39.4419
0.611	39.4383
0.61	39.4135
0.609	39.5779
0.608	39.3347
0.607	39.3594
0.606	39.409
0.605	39.3879
0.604	39.4044
0.603	39.5086
0.602	39.3244
0.601	39.2396
0.6	39.3607
0.599	39.4577
0.598	39.4117
0.597	39.0815
0.596	39.3453
0.595	39.3095
0.594	39.335
0.593	39.1008
0.592	39.1576
0.591	39.4488
0.59	39.381
0.589	38.797
0.588	38.9999
0.587	39.0561
0.586	38.8732
0.585	39.0249
0.584	38.8611
0.583	38.5764
0.582	38.8863
0.581	39.0249
0.58	39.1202
0.579	39.2544
0.578	39.0502
0.577	38.836
0.576	38.8732
0.575	38.6088
0.574	38.6978
0.573	38.7677
0.572	38.2673
0.571	38.1949
0.57	38.2673
0.569	38.1009
0.568	37.818
0.567	38.125
0.566	38.0091
0.565	38.2972
0.564	38.2376
0.563	37.9087
0.562	37.957
0.561	37.8153
0.56	37.9149
0.559	37.7588
0.558	36.7687
0.557	36.5903
0.556	36.7015
0.555	36.8711
0.554	36.657
0.553	36.8675
0.552	36.7878
0.551	36.6485
0.55	36.7498
0.549	36.5874
0.548	36.1353
0.547	36.3876
0.546	36.7572
0.545	36.3054
0.544	36.2457
0.543	36.3231
0.542	36.0372
0.541	36.1778
0.54	36.0501
0.539	35.9745
0.538	35.8913
0.537	35.8913
0.536	35.4472
0.535	35.5756
0.534	35.509
0.533	35.4427
0.532	35.3148
0.531	35.1731
0.53	35.0669
0.529	35.2167
0.528	35.2968
0.527	35.2968
0.526	34.7601
0.525	34.7892
0.524	34.919
0.523	34.7619
0.522	34.5122
0.521	34.7702
0.52	34.5982
0.519	34.448
0.518	34.2342
0.517	34.2555
0.516	34.5122
0.515	34.3622
0.514	34.1908
0.513	34.3219
0.512	34.2793
0.511	34.1472
0.51	33.7253
0.509	33.5764
0.508	33.6388
0.507	33.3984
0.506	33.763
0.505	33.4645
0.504	33.4191
0.503	33.3364
0.502	33.3942
0.501	33.2904
0.5	33.0578
0.499	33.0169
0.498	33.0783
0.497	32.9086
0.496	32.9952
0.495	33.077
0.494	32.9273
0.493	32.7045
0.492	32.4479
0.491	32.3855
0.49	32.5626
0.489	32.4508
0.488	32.3471
0.487	32.3615
0.486	32.2178
0.485	32.2577
0.484	32.3871
0.483	32.3632
0.482	32.2136
0.481	32.1693
0.48	31.9742
0.479	31.7408
0.478	31.7604
0.477	31.5199
0.476	31.8781
0.475	31.7479
0.474	31.5785
0.473	31.2216
0.472	31.3707
0.471	31.3362
0.47	31.1867
0.469	31.1296
0.468	30.8506
0.467	30.5431
0.466	30.636
0.465	30.8035
0.464	30.5222
0.463	31.0356
0.462	30.7934
0.461	30.6971
0.46	30.66
0.459	30.727
0.458	30.7255
0.457	30.9562
0.456	30.9935
0.455	30.8082
0.454	30.5798
0.453	30.3622
0.452	29.9033
0.451	29.9767
0.45	29.8188
0.449	29.8914
0.448	30.2521
0.447	29.7517
0.446	29.7538
0.445	29.5559
0.444	29.3851
0.443	29.255
0.442	29.3568
0.441	29.3281
0.44	29.3441
0.439	29.2761
0.438	28.9775
0.437	28.944
0.436	28.9775
0.435	28.5485
0.434	28.5648
0.433	28.6301
0.432	28.4518
0.431	28.4875
0.43	28.323
0.429	28.323
0.428	28.0631
0.427	28.0473
0.426	27.8662
0.425	27.8973
0.424	27.7242
0.423	27.536
0.422	27.5256
0.421	27.2871
0.42	27.3627
0.419	27.3748
0.418	27.0655
0.417	26.7154
0.416	26.746
0.415	26.5252
0.414	26.57
0.413	26.4858
0.412	26.4998
0.411	26.3226
0.41	26.2354
0.409	26.0761
0.408	26.1906
0.407	25.9985
0.406	25.7678
0.405	25.4753
0.404	25.3944
0.403	25.3814
0.402	25.28
0.401	25.1219
0.4	25.0455
