Name: Oolitic Limestone 
Type:  Rocks
Class:  Sedimentary
Subclass: Limestone
Particle Size:  500 - 1500 Micrometers
Sample No.:  limestone.4
Owner:  JHU
Wavelength Range:  All
Origin:  Sample No. 354,  The Hunt and Salisbury Collection at the U.S. 
Geological Survey, Denver, Co.
Description: Ooids (~ 1 mm diameter) with good laminar structure 
and occasionally with cores of recrystallized silica or carbonate are 
set in a micritic (microcrystalline calcite) groundmass. Some areas of 
this groundmass also contain recrystallized silica and carbonate. In 
addition there has been some compaction of the sample. While still 
soft, most ooids are slightly deformed with continuous boundaries.
Measurement:  Directional (10 Degree) Hemispherical Reflectance
First Column:  X
Second Column:  Y  
X Units:  Wavelength (micrometers)
Y Units:  Reflectance (percent)
First X Value: 14.9831
Last X Value:  0.4
Number of X Values:  2868
Additional Information:  None 

14.9831	3.9558
14.9399	4.15
14.897	4.1831
14.8543	4.0789
14.8119	3.8345
14.7697	3.9387
14.7277	3.9501
14.686	3.6782
14.6445	3.394
14.6033	3.7062
14.5622	3.736
14.5214	3.6853
14.4809	3.539
14.4405	3.5584
14.4004	3.4864
14.3605	3.2017
14.3209	3.0033
14.2814	2.9341
14.2422	2.7025
14.2032	2.5863
14.1643	2.5964
14.1258	2.412
14.0874	2.4837
14.0492	2.6485
14.0112	2.0622
13.9734	1.4687
13.9359	1.3588
13.8985	1.5945
13.8614	1.9173
13.8244	2.1318
13.7876	2.3596
13.7511	2.6374
13.7147	2.8456
13.6785	2.9294
13.6425	3.081
13.6067	3.3088
13.5711	3.4878
13.5356	3.5475
13.5004	3.5991
13.4653	3.6787
13.4304	3.754
13.3957	3.8951
13.3612	3.9018
13.3269	3.8573
13.2927	3.8125
13.2587	3.8018
13.2249	3.8097
13.1912	3.7843
13.1577	3.7403
13.1244	3.6889
13.0913	3.5906
13.0583	3.5799
13.0255	3.5077
12.9929	3.4537
12.9604	3.3976
12.9281	3.4085
12.8959	3.4639
12.8639	3.4755
12.8321	3.4855
12.8004	3.5077
12.7688	3.5108
12.7375	3.5264
12.7063	3.5186
12.6752	3.5378
12.6443	3.5458
12.6135	3.5807
12.5829	3.695
12.5524	3.794
12.5221	3.7962
12.4919	3.8243
12.4619	3.8933
12.432	3.9463
12.4023	3.9427
12.3727	3.853
12.3432	3.8426
12.3139	3.893
12.2847	3.8828
12.2557	3.8854
12.2268	3.9217
12.198	3.9532
12.1694	3.9792
12.1409	3.9809
12.1125	3.9915
12.0843	3.9901
12.0562	4.0218
12.0282	4.0304
12.0003	4.0083
11.9726	4.0086
11.945	3.9529
11.9176	3.8608
11.8903	3.7886
11.8631	3.6614
11.836	3.4187
11.809	3.1004
11.7822	2.9469
11.7555	3.2422
11.7289	3.5556
11.7024	3.6067
11.676	3.6091
11.6498	3.6742
11.6237	3.7092
11.5977	3.7161
11.5718	3.7978
11.546	4.0154
11.5203	4.46
11.4948	5.4157
11.4694	6.8009
11.444	8.142
11.4188	9.3301
11.3937	10.5186
11.3688	11.5161
11.3439	12.2367
11.3191	12.9382
11.2944	13.782
11.2699	13.5899
11.2455	11.2911
11.2211	8.627
11.1969	7.2001
11.1727	6.5337
11.1487	6.2458
11.1248	6.1087
11.101	5.9701
11.0773	5.8205
11.0536	5.6706
11.0301	5.5699
11.0067	5.5072
10.9834	5.4413
10.9602	5.4056
10.937	5.3324
10.914	5.2713
10.8911	5.2343
10.8682	5.1022
10.8455	4.9634
10.8229	4.8201
10.8003	4.6792
10.7779	4.5485
10.7555	4.3825
10.7332	4.3238
10.7111	4.2641
10.689	4.199
10.667	4.1857
10.6451	4.2101
10.6233	4.2428
10.6015	4.23
10.5799	4.2085
10.5584	4.2241
10.5369	4.2407
10.5155	4.2485
10.4942	4.2731
10.473	4.3307
10.4519	4.4012
10.4309	4.491
10.4099	4.5559
10.3891	4.6013
10.3683	4.5689
10.3476	4.5206
10.327	4.5071
10.3065	4.5244
10.286	4.4512
10.2656	4.3984
10.2454	4.3621
10.2251	4.2968
10.205	4.2743
10.185	4.3136
10.165	4.3297
10.1451	4.297
10.1253	4.2714
10.1056	4.3008
10.0859	4.2662
10.0663	4.2037
10.0468	4.1691
10.0274	4.1938
10.008	4.2229
9.9887	4.1964
9.9695	4.14
9.9504	4.1753
9.9313	4.2383
9.9123	4.243
9.8934	4.1952
9.8746	4.1897
9.8558	4.1786
9.8371	4.1834
9.8185	4.2236
9.7999	4.2755
9.7814	4.3396
9.763	4.3562
9.7447	4.4112
9.7264	4.5263
9.7082	4.648
9.69	4.7915
9.6719	4.8602
9.6539	4.9071
9.636	4.9987
9.6181	5.0878
9.6003	5.0975
9.5825	5.1349
9.5649	5.2173
9.5472	5.2874
9.5297	5.3677
9.5122	5.3999
9.4948	5.4496
9.4774	5.4963
9.4601	5.5114
9.4429	5.5344
9.4257	5.5931
9.4086	5.6218
9.3916	5.5827
9.3746	5.5791
9.3577	5.6665
9.3408	5.7501
9.324	5.833
9.3073	5.9557
9.2906	6.0154
9.274	6.0542
9.2574	5.9839
9.2409	5.7359
9.2245	5.5574
9.2081	5.5993
9.1918	5.7184
9.1755	5.9088
9.1593	6.112
9.1431	6.2351
9.127	6.2673
9.111	6.2905
9.095	6.2953
9.0791	6.2988
9.0632	6.2934
9.0474	6.2931
9.0316	6.2799
9.0159	6.3031
9.0003	6.3066
8.9847	6.2737
8.9691	6.26
8.9536	6.2905
8.9382	6.2856
8.9228	6.2822
8.9075	6.2751
8.8922	6.2865
8.877	6.2759
8.8618	6.2825
8.8467	6.2967
8.8316	6.2567
8.8166	6.1949
8.8016	6.1167
8.7867	6.0066
8.7718	5.9488
8.757	5.8673
8.7422	5.7743
8.7275	5.6973
8.7129	5.5093
8.6982	5.349
8.6837	5.2616
8.6692	5.0892
8.6547	4.9158
8.6403	4.729
8.6259	4.5518
8.6116	4.4751
8.5973	4.4467
8.583	4.4701
8.5688	4.5632
8.5547	4.5869
8.5406	4.5952
8.5266	4.5653
8.5126	4.554
8.4986	4.5871
8.4847	4.6205
8.4708	4.5966
8.457	4.6091
8.4432	4.6598
8.4295	4.6842
8.4158	4.7186
8.4022	4.809
8.3886	4.8803
8.375	4.9532
8.3615	5.0101
8.3481	5.0667
8.3347	5.1174
8.3213	5.156
8.3079	5.1706
8.2946	5.1983
8.2814	5.2481
8.2682	5.2907
8.255	5.3141
8.2419	5.3409
8.2288	5.3634
8.2158	5.3932
8.2028	5.3722
8.1898	5.3345
8.1769	5.3255
8.164	5.307
8.1512	5.2102
8.1384	5.1567
8.1256	5.1664
8.1129	5.0996
8.1002	5.0184
8.0876	5.003
8.075	4.9644
8.0624	4.9132
8.0499	4.9063
8.0374	4.9291
8.025	4.9506
8.0126	4.9838
8.0002	4.9892
7.9879	4.9933
7.9756	4.9812
7.9634	4.944
7.9512	4.908
7.939	4.8824
7.9268	4.8057
7.9147	4.7617
7.9027	4.7427
7.8906	4.7276
7.8786	4.7446
7.8667	4.7752
7.8548	4.7889
7.8429	4.7754
7.831	4.7451
7.8192	4.738
7.8075	4.7223
7.7957	4.7273
7.784	4.755
7.7723	4.7624
7.7607	4.7574
7.7491	4.7834
7.7375	4.7647
7.726	4.7411
7.7145	4.765
7.7031	4.76
7.6916	4.7271
7.6802	4.6951
7.6689	4.6598
7.6575	4.6314
7.6462	4.5876
7.635	4.5769
7.6238	4.635
7.6126	4.6418
7.6014	4.6226
7.5903	4.6354
7.5792	4.6681
7.5681	4.7088
7.5571	4.7155
7.5461	4.7389
7.5351	4.7832
7.5242	4.8334
7.5133	4.8483
7.5024	4.8585
7.4916	4.8848
7.4807	4.9189
7.47	4.9556
7.4592	4.9828
7.4485	5.0226
7.4378	5.0818
7.4272	5.1389
7.4165	5.1758
7.4059	5.2104
7.3954	5.2592
7.3848	5.339
7.3743	5.4247
7.3639	5.4892
7.3534	5.546
7.343	5.5884
7.3326	5.6739
7.3223	5.8025
7.3119	5.896
7.3016	5.9424
7.2914	6.0672
7.2811	6.1868
7.2709	6.3031
7.2607	6.4596
7.2506	6.6244
7.2404	6.7924
7.2303	7.0012
7.2203	7.2383
7.2102	7.5009
7.2002	7.7905
7.1902	8.1223
7.1803	8.4908
7.1703	8.8993
7.1604	9.3405
7.1506	9.673
7.1407	9.9572
7.1309	10.3337
7.1211	10.8788
7.1113	11.577
7.1016	12.3175
7.0919	12.9389
7.0822	13.3119
7.0725	13.5286
7.0629	13.6832
7.0533	13.7898
7.0437	13.8696
7.0341	13.9833
7.0246	14.0775
7.0151	14.1613
7.0056	14.2345
6.9962	14.2686
6.9867	14.3458
6.9773	14.4408
6.9679	14.4964
6.9586	14.5336
6.9493	14.6203
6.94	14.7243
6.9307	14.8564
6.9214	15.0004
6.9122	15.1079
6.903	15.2822
6.8938	15.4998
6.8847	15.6902
6.8755	15.8359
6.8664	15.8844
6.8573	16.017
6.8483	16.255
6.8393	16.4724
6.8302	16.6197
6.8213	16.7715
6.8123	16.9461
6.8034	17.0964
6.7944	17.1836
6.7855	17.3546
6.7767	17.5814
6.7678	17.7669
6.759	17.9556
6.7502	18.1434
6.7414	18.3568
6.7327	18.5408
6.7239	18.698
6.7152	18.8375
6.7065	19.0369
6.6979	19.2505
6.6892	19.4108
6.6806	19.5778
6.672	19.8042
6.6634	20.0569
6.6549	20.2743
6.6464	20.3771
6.6378	20.4822
6.6294	20.7993
6.6209	21.178
6.6124	21.5026
6.604	21.7937
6.5956	22.0646
6.5872	22.3651
6.5789	22.5685
6.5705	22.7661
6.5622	23.0616
6.5539	23.2608
6.5456	23.4651
6.5374	23.6866
6.5292	23.7941
6.5209	23.8118
6.5128	23.8985
6.5046	23.8691
6.4964	23.6631
6.4883	23.597
6.4802	23.5201
6.4721	23.2589
6.464	22.7367
6.456	21.7783
6.448	20.3512
6.4399	18.5848
6.432	16.7111
6.424	14.972
6.416	13.3569
6.4081	12.04
6.4002	10.965
6.3923	9.9145
6.3844	8.9478
6.3766	8.0437
6.3687	7.208
6.3609	6.4814
6.3531	5.7257
6.3454	5.0243
6.3376	4.419
6.3299	3.8949
6.3221	3.4495
6.3144	3.1272
6.3068	2.8498
6.2991	2.6028
6.2914	2.4113
6.2838	2.2924
6.2762	2.2088
6.2686	2.0826
6.2611	1.9019
6.2535	1.7678
6.246	1.6679
6.2385	1.6044
6.231	1.5215
6.2235	1.4124
6.216	1.3247
6.2086	1.2933
6.2011	1.258
6.1937	1.217
6.1863	1.1621
6.179	1.132
6.1716	1.1204
6.1643	1.077
6.157	1.0394
6.1496	1.0813
6.1424	1.0912
6.1351	1.0401
6.1278	1.0365
6.1206	1.0711
6.1134	1.0496
6.1062	1.0112
6.099	1.0204
6.0918	1.0072
6.0847	0.9795
6.0776	0.9899
6.0704	1.0176
6.0633	0.9991
6.0563	1.0159
6.0492	1.0448
6.0421	1.056
6.0351	1.0605
6.0281	1.0692
6.0211	1.1152
6.0141	1.1424
6.0071	1.155
6.0002	1.1362
5.9932	1.1083
5.9863	1.113
5.9794	1.1445
5.9725	1.1635
5.9657	1.1959
5.9588	1.1988
5.952	1.1933
5.9451	1.1962
5.9383	1.2182
5.9315	1.2404
5.9247	1.2412
5.918	1.2416
5.9112	1.2731
5.9045	1.2783
5.8978	1.2755
5.8911	1.3188
5.8844	1.3484
5.8777	1.3385
5.8711	1.3278
5.8644	1.3314
5.8578	1.3406
5.8512	1.3591
5.8446	1.3622
5.838	1.3574
5.8314	1.3101
5.8249	1.2871
5.8184	1.3274
5.8118	1.3555
5.8053	1.3503
5.7988	1.3186
5.7923	1.2954
5.7859	1.298
5.7794	1.2978
5.773	1.2885
5.7666	1.2956
5.7602	1.306
5.7538	1.2928
5.7474	1.2843
5.741	1.307
5.7347	1.3172
5.7283	1.3326
5.722	1.3707
5.7157	1.384
5.7094	1.4216
5.7031	1.4777
5.6969	1.4652
5.6906	1.4846
5.6844	1.5159
5.6782	1.5523
5.6719	1.5573
5.6657	1.5696
5.6596	1.6137
5.6534	1.6738
5.6472	1.7257
5.6411	1.7209
5.6349	1.6816
5.6288	1.6767
5.6227	1.6674
5.6166	1.5995
5.6106	1.5223
5.6045	1.4735
5.5984	1.3958
5.5924	1.2956
5.5864	1.2281
5.5804	1.1767
5.5744	1.1085
5.5684	1.0827
5.5624	1.0775
5.5564	1.0744
5.5505	1.0917
5.5445	1.1483
5.5386	1.285
5.5327	1.4567
5.5268	1.6002
5.5209	1.7688
5.5151	1.9308
5.5092	2.061
5.5033	2.1612
5.4975	2.3094
5.4917	2.4615
5.4859	2.5889
5.4801	2.7217
5.4743	2.8503
5.4685	2.9912
5.4628	3.1101
5.457	3.22
5.4513	3.3758
5.4455	3.5383
5.4398	3.6811
5.4341	3.8355
5.4284	3.9745
5.4228	4.118
5.4171	4.2764
5.4114	4.437
5.4058	4.5755
5.4002	4.7084
5.3945	4.8618
5.3889	5.0089
5.3833	5.1458
5.3778	5.2943
5.3722	5.4591
5.3666	5.5834
5.3611	5.7144
5.3555	5.8477
5.35	5.9872
5.3445	6.1456
5.339	6.2751
5.3335	6.4172
5.328	6.5956
5.3225	6.7732
5.3171	6.8859
5.3116	7.0154
5.3062	7.1774
5.3008	7.3294
5.2954	7.4566
5.29	7.5663
5.2846	7.6979
5.2792	7.8071
5.2738	7.9452
5.2684	8.0754
5.2631	8.1993
5.2578	8.3589
5.2524	8.5289
5.2471	8.672
5.2418	8.8013
5.2365	8.9445
5.2312	9.0719
5.226	9.2114
5.2207	9.3713
5.2154	9.4961
5.2102	9.618
5.205	9.758
5.1998	9.88
5.1945	9.9609
5.1893	10.0393
5.1842	10.1423
5.179	10.22
5.1738	10.2645
5.1686	10.3408
5.1635	10.4227
5.1584	10.4677
5.1532	10.5262
5.1481	10.5937
5.143	10.6458
5.1379	10.6614
5.1328	10.6868
5.1277	10.7062
5.1227	10.6228
5.1176	10.3541
5.1126	9.784
5.1075	8.8664
5.1025	7.9748
5.0975	7.8296
5.0925	8.7342
5.0875	9.8724
5.0825	10.6496
5.0775	11.0832
5.0726	11.3117
5.0676	11.4283
5.0627	11.509
5.0577	11.5547
5.0528	11.585
5.0479	11.6279
5.043	11.6267
5.038	11.6459
5.0332	11.6506
5.0283	11.634
5.0234	11.6412
5.0185	11.6409
5.0137	11.6409
5.0088	11.6684
5.004	11.6982
4.9992	11.7203
4.9944	11.7169
4.9896	11.7292
4.9848	11.7813
4.98	11.8207
4.9752	11.9019
4.9704	12.0066
4.9657	12.0762
4.9609	12.1304
4.9562	12.1955
4.9514	12.269
4.9467	12.3343
4.942	12.3613
4.9373	12.4191
4.9326	12.4845
4.9279	12.5167
4.9232	12.5579
4.9186	12.6597
4.9139	12.7843
4.9092	12.9223
4.9046	13.0559
4.9	13.2316
4.8953	13.4211
4.8907	13.5951
4.8861	13.768
4.8815	13.9248
4.8769	14.0595
4.8723	14.2014
4.8678	14.3382
4.8632	14.4623
4.8586	14.5717
4.8541	14.6705
4.8495	14.7797
4.845	14.9123
4.8405	15.0129
4.836	15.0764
4.8315	15.1389
4.827	15.2154
4.8225	15.2732
4.818	15.3004
4.8135	15.3374
4.809	15.3793
4.8046	15.4061
4.8001	15.4172
4.7957	15.3914
4.7913	15.3992
4.7868	15.4058
4.7824	15.3814
4.778	15.3163
4.7736	15.2052
4.7692	15.0828
4.7648	14.9372
4.7605	14.6977
4.7561	14.4195
4.7517	14.1758
4.7474	13.9101
4.7431	13.5783
4.7387	13.1724
4.7344	12.7433
4.7301	12.2517
4.7258	11.6442
4.7215	10.9139
4.7172	10.1217
4.7129	9.3234
4.7086	8.55
4.7043	7.8739
4.7	7.3093
4.6958	6.857
4.6915	6.5034
4.6873	6.2465
4.6831	6.0691
4.6788	5.9412
4.6746	5.9033
4.6704	5.9109
4.6662	5.9389
4.662	6.018
4.6578	6.1778
4.6536	6.4331
4.6495	6.7862
4.6453	7.2297
4.6411	7.7638
4.637	8.3556
4.6328	8.9154
4.6287	9.4328
4.6246	9.8809
4.6205	10.2979
4.6163	10.7391
4.6122	11.1199
4.6081	11.3638
4.604	11.5175
4.6	11.6551
4.5959	11.8223
4.5918	11.9675
4.5877	12.0793
4.5837	12.1527
4.5796	12.2325
4.5756	12.2915
4.5716	12.3132
4.5675	12.3431
4.5635	12.3812
4.5595	12.4231
4.5555	12.4418
4.5515	12.4333
4.5475	12.4283
4.5435	12.4269
4.5395	12.4286
4.5356	12.4234
4.5316	12.4146
4.5276	12.4134
4.5237	12.399
4.5197	12.3848
4.5158	12.3833
4.5119	12.381
4.508	12.4037
4.504	12.4537
4.5001	12.5299
4.4962	12.6628
4.4923	12.8238
4.4884	12.9972
4.4846	13.2134
4.4807	13.4514
4.4768	13.7062
4.473	13.9584
4.4691	14.1936
4.4652	14.4086
4.4614	14.6141
4.4576	14.8254
4.4537	15.0253
4.4499	15.2261
4.4461	15.4418
4.4423	15.6945
4.4385	15.9346
4.4347	16.1724
4.4309	16.3751
4.4271	16.5328
4.4233	16.6915
4.4196	16.8307
4.4158	16.9496
4.412	17.077
4.4083	17.1573
4.4045	17.1869
4.4008	17.2265
4.3971	17.2674
4.3934	17.3212
4.3896	17.4126
4.3859	17.5102
4.3822	17.5689
4.3785	17.629
4.3748	17.6219
4.3711	17.5402
4.3674	17.41
4.3638	17.2075
4.3601	16.9409
4.3564	16.6678
4.3528	16.3862
4.3491	16.1298
4.3455	15.9505
4.3418	15.7719
4.3382	15.5493
4.3346	15.3575
4.331	15.1789
4.3273	14.9533
4.3237	14.6823
4.3201	14.3669
4.3165	14.0555
4.3129	13.7296
4.3094	13.3874
4.3058	13.0277
4.3022	12.6661
4.2986	12.2936
4.2951	11.8993
4.2915	11.4716
4.288	11.0411
4.2844	10.6432
4.2809	10.2518
4.2774	9.8591
4.2738	9.5321
4.2703	9.3007
4.2668	9.2067
4.2633	9.3102
4.2598	9.5711
4.2563	9.8743
4.2528	10.2153
4.2493	10.5572
4.2458	10.8923
4.2424	11.2296
4.2389	11.5658
4.2354	11.9116
4.232	12.2218
4.2285	12.5671
4.2251	12.9576
4.2216	13.3095
4.2182	13.6716
4.2148	14.0195
4.2113	14.2826
4.2079	14.4737
4.2045	14.6383
4.2011	14.7524
4.1977	14.8022
4.1943	14.8261
4.1909	14.8391
4.1875	14.8138
4.1841	14.737
4.1808	14.6321
4.1774	14.5554
4.174	14.4867
4.1707	14.3712
4.1673	14.2364
4.164	14.104
4.1606	13.9454
4.1573	13.8023
4.154	13.6415
4.1506	13.4282
4.1473	13.2252
4.144	13.0123
4.1407	12.7772
4.1374	12.5515
4.1341	12.3225
4.1308	12.0516
4.1275	11.7877
4.1242	11.5211
4.1209	11.2525
4.1177	11.0141
4.1144	10.7687
4.1111	10.5172
4.1079	10.2567
4.1046	9.9877
4.1014	9.7696
4.0981	9.5484
4.0949	9.3104
4.0917	9.0748
4.0884	8.8278
4.0852	8.5408
4.082	8.2663
4.0788	7.9925
4.0756	7.71
4.0724	7.409
4.0692	7.1137
4.066	6.8615
4.0628	6.6031
4.0596	6.3173
4.0565	6.0428
4.0533	5.748
4.0501	5.3641
4.047	4.9895
4.0438	4.6279
4.0406	4.2437
4.0375	3.9264
4.0344	3.6624
4.0312	3.4407
4.0281	3.2662
4.025	3.0949
4.0218	2.9346
4.0187	2.8337
4.0156	2.7646
4.0125	2.6632
4.0094	2.5443
4.0063	2.4354
4.0032	2.3225
4.0001	2.2275
3.997	2.169
3.994	2.1145
3.9909	2.0705
3.9878	2.0153
3.9847	1.9829
3.9817	1.976
3.9786	1.9774
3.9756	1.9717
3.9725	1.9511
3.9695	1.9547
3.9665	1.9888
3.9634	2.0132
3.9604	2.0146
3.9574	2.0305
3.9544	2.0762
3.9513	2.1285
3.9483	2.2014
3.9453	2.282
3.9423	2.3656
3.9393	2.47
3.9363	2.574
3.9333	2.6054
3.9304	2.577
3.9274	2.5948
3.9244	2.6488
3.9214	2.6822
3.9185	2.7028
3.9155	2.7286
3.9126	2.7539
3.9096	2.7686
3.9067	2.7691
3.9037	2.7923
3.9008	2.8112
3.8979	2.8212
3.8949	2.8314
3.892	2.8214
3.8891	2.8266
3.8862	2.8243
3.8833	2.8555
3.8804	2.9053
3.8775	2.8967
3.8746	2.8778
3.8717	2.8842
3.8688	2.9036
3.8659	2.9427
3.863	2.9685
3.8601	2.9574
3.8573	2.9858
3.8544	2.9801
3.8515	2.9806
3.8487	3.0038
3.8458	3.0646
3.843	3.1172
3.8401	3.1558
3.8373	3.1887
3.8344	3.2742
3.8316	3.4154
3.8288	3.5596
3.8259	3.7218
3.8231	3.8845
3.8203	4.0829
3.8175	4.2814
3.8147	4.4907
3.8119	4.7673
3.8091	5.0925
3.8063	5.451
3.8035	5.8884
3.8007	6.4447
3.7979	7.1116
3.7951	7.8815
3.7924	8.7342
3.7896	9.5702
3.7868	10.2906
3.7841	10.8869
3.7813	11.4069
3.7785	11.8567
3.7758	12.2114
3.773	12.5337
3.7703	12.8508
3.7676	13.1411
3.7648	13.3791
3.7621	13.6198
3.7594	13.8251
3.7566	13.9456
3.7539	14.0233
3.7512	14.149
3.7485	14.3113
3.7458	14.4365
3.7431	14.5957
3.7404	14.8344
3.7377	15.039
3.735	15.1887
3.7323	15.3729
3.7296	15.5716
3.7269	15.7021
3.7242	15.7949
3.7216	15.8915
3.7189	15.9801
3.7162	16.0635
3.7136	16.1508
3.7109	16.2058
3.7083	16.2605
3.7056	16.3372
3.703	16.3798
3.7003	16.4102
3.6977	16.4528
3.695	16.4786
3.6924	16.5148
3.6898	16.5331
3.6872	16.5499
3.6845	16.5428
3.6819	16.5286
3.6793	16.5466
3.6767	16.5319
3.6741	16.4632
3.6715	16.4416
3.6689	16.4173
3.6663	16.3611
3.6637	16.3284
3.6611	16.278
3.6585	16.2134
3.656	16.1373
3.6534	16.0656
3.6508	16.0059
3.6482	15.9266
3.6457	15.8082
3.6431	15.7042
3.6406	15.6403
3.638	15.556
3.6355	15.4553
3.6329	15.3715
3.6304	15.2824
3.6278	15.1744
3.6253	15.084
3.6227	14.9417
3.6202	14.7861
3.6177	14.6584
3.6152	14.5438
3.6127	14.4107
3.6101	14.2293
3.6076	14.0098
3.6051	13.8199
3.6026	13.6108
3.6001	13.3398
3.5976	13.0706
3.5951	12.8181
3.5926	12.4982
3.5901	12.134
3.5876	11.7442
3.5852	11.3217
3.5827	10.8587
3.5802	10.3687
3.5777	9.8842
3.5753	9.4899
3.5728	9.2102
3.5704	9.0547
3.5679	9.035
3.5654	9.0651
3.563	9.0224
3.5605	8.9142
3.5581	8.7757
3.5557	8.621
3.5532	8.4098
3.5508	8.1713
3.5484	7.9061
3.5459	7.5926
3.5435	7.2541
3.5411	6.8854
3.5387	6.5032
3.5363	6.1245
3.5338	5.6928
3.5314	5.2924
3.529	4.9011
3.5266	4.5128
3.5242	4.135
3.5218	3.8149
3.5195	3.5856
3.5171	3.3649
3.5147	3.1909
3.5123	3.1047
3.5099	3.0606
3.5075	2.9858
3.5052	2.8828
3.5028	2.8278
3.5004	2.8112
3.4981	2.771
3.4957	2.7125
3.4934	2.6521
3.491	2.6161
3.4887	2.5867
3.4863	2.5659
3.484	2.5342
3.4816	2.4778
3.4793	2.4271
3.477	2.4274
3.4746	2.4719
3.4723	2.5086
3.47	2.5811
3.4677	2.6964
3.4653	2.8472
3.463	2.9621
3.4607	3.063
3.4584	3.1338
3.4561	3.2235
3.4538	3.2574
3.4515	3.2607
3.4492	3.2946
3.4469	3.3119
3.4446	3.2991
3.4423	3.3176
3.44	3.3367
3.4378	3.3398
3.4355	3.3566
3.4332	3.3597
3.4309	3.3673
3.4287	3.3784
3.4264	3.3545
3.4241	3.3595
3.4219	3.3739
3.4196	3.3578
3.4174	3.3221
3.4151	3.3213
3.4129	3.3363
3.4106	3.3507
3.4084	3.358
3.4061	3.3483
3.4039	3.3393
3.4017	3.3308
3.3994	3.2853
3.3972	3.2628
3.395	3.2697
3.3928	3.2354
3.3906	3.2529
3.3883	3.2304
3.3861	3.1899
3.3839	3.1729
3.3817	3.1338
3.3795	3.1073
3.3773	3.1094
3.3751	3.1418
3.3729	3.1686
3.3707	3.1568
3.3685	3.0819
3.3663	3.0521
3.3641	3.0509
3.362	3.0042
3.3598	2.9107
3.3576	2.8702
3.3554	2.851
3.3533	2.7949
3.3511	2.794
3.3489	2.8018
3.3468	2.8683
3.3446	3.0485
3.3425	3.3483
3.3403	3.7587
3.3382	4.2693
3.336	4.8291
3.3339	5.335
3.3317	5.7695
3.3296	6.2325
3.3274	6.6356
3.3253	6.9693
3.3232	7.2643
3.321	7.5523
3.3189	7.8597
3.3168	8.1294
3.3147	8.3309
3.3126	8.5268
3.3104	8.7222
3.3083	8.9265
3.3062	9.1013
3.3041	9.2924
3.302	9.4677
3.2999	9.6232
3.2978	9.7547
3.2957	9.8475
3.2936	9.9813
3.2915	10.1445
3.2894	10.2714
3.2874	10.3773
3.2853	10.4862
3.2832	10.5646
3.2811	10.6501
3.279	10.7706
3.277	10.9025
3.2749	11.025
3.2728	11.1256
3.2708	11.2042
3.2687	11.2523
3.2666	11.2807
3.2646	11.4091
3.2625	11.5175
3.2605	11.5254
3.2584	11.564
3.2564	11.6125
3.2543	11.666
3.2523	11.7283
3.2503	11.7731
3.2482	11.7818
3.2462	11.8181
3.2442	11.8514
3.2421	11.8685
3.2401	11.9118
3.2381	11.8943
3.2361	11.9182
3.234	11.9542
3.232	12.007
3.23	12.0482
3.228	12.0257
3.226	12.0665
3.224	12.1058
3.222	12.1003
3.22	12.1307
3.218	12.1356
3.216	12.1011
3.214	12.0977
3.212	12.0864
3.21	12.061
3.208	12.1112
3.206	12.1288
3.204	12.0823
3.2021	12.07
3.2001	12.0897
3.1981	12.0201
3.1961	11.9628
3.1942	11.9824
3.1922	11.9585
3.1902	11.8891
3.1883	11.8446
3.1863	11.8072
3.1844	11.7951
3.1824	11.7475
3.1805	11.6814
3.1785	11.6906
3.1766	11.6163
3.1746	11.4661
3.1727	11.3586
3.1707	11.2703
3.1688	11.1796
3.1669	11.0806
3.1649	10.9257
3.163	10.763
3.1611	10.6117
3.1591	10.4613
3.1572	10.3024
3.1553	10.2169
3.1534	10.1897
3.1515	10.1431
3.1495	10.1011
3.1476	10.0876
3.1457	10.0737
3.1438	10.0756
3.1419	10.0812
3.14	10.0974
3.1381	10.1319
3.1362	10.0917
3.1343	10.0992
3.1324	10.1206
3.1305	10.0633
3.1286	10.0391
3.1268	10.0232
3.1249	9.9889
3.123	9.9169
3.1211	9.8489
3.1192	9.7367
3.1174	9.627
3.1155	9.5548
3.1136	9.4307
3.1117	9.3199
3.1099	9.2725
3.108	9.2706
3.1061	9.3121
3.1043	9.3708
3.1024	9.3789
3.1006	9.3322
3.0987	9.3133
3.0969	9.3928
3.095	9.4828
3.0932	9.4911
3.0913	9.5034
3.0895	9.6088
3.0876	9.6578
3.0858	9.6422
3.084	9.7282
3.0821	9.8056
3.0803	9.8106
3.0785	9.7902
3.0766	9.8567
3.0748	9.9174
3.073	9.8575
3.0712	9.8544
3.0694	9.8991
3.0675	9.907
3.0657	9.8572
3.0639	9.807
3.0621	9.8115
3.0603	9.853
3.0585	9.9077
3.0567	9.9181
3.0549	9.9174
3.0531	9.8826
3.0513	9.8331
3.0495	9.8714
3.0477	9.9354
3.0459	9.9493
3.0441	9.933
3.0423	9.9302
3.0406	9.9557
3.0388	9.9396
3.037	9.924
3.0352	9.8736
3.0334	9.861
3.0317	9.9126
3.0299	9.9178
3.0281	9.8906
3.0264	9.8371
3.0246	9.8257
3.0228	9.8608
3.0211	9.8253
3.0193	9.8144
3.0176	9.8335
3.0158	9.7573
3.014	9.7286
3.0123	9.744
3.0105	9.7549
3.0088	9.7407
3.007	9.7464
3.0053	9.7547
3.0036	9.709
3.0018	9.7298
3.0001	9.7435
2.9984	9.7142
2.9966	9.6983
2.9949	9.6791
2.9932	9.609
2.9914	9.6
2.9897	9.5925
2.988	9.569
2.9863	9.5828
2.9845	9.6022
2.9828	9.5617
2.9811	9.543
2.9794	9.5598
2.9777	9.5051
2.976	9.4096
2.9743	9.4314
2.9726	9.4674
2.9709	9.4492
2.9692	9.4063
2.9675	9.3959
2.9658	9.4272
2.9641	9.3824
2.9624	9.2998
2.9607	9.277
2.959	9.2401
2.9573	9.228
2.9556	9.2541
2.9539	9.2936
2.9523	9.3035
2.9506	9.2581
2.9489	9.2271
2.9472	9.2275
2.9455	9.2659
2.9439	9.2512
2.9422	9.2377
2.9405	9.2545
2.9389	9.2356
2.9372	9.2102
2.9355	9.2152
2.9339	9.2178
2.9322	9.2441
2.9306	9.278
2.9289	9.2972
2.9272	9.3114
2.9256	9.3078
2.9239	9.2678
2.9223	9.2557
2.9207	9.2562
2.919	9.2735
2.9174	9.3102
2.9157	9.3239
2.9141	9.3476
2.9124	9.3722
2.9108	9.3116
2.9092	9.3291
2.9075	9.3822
2.9059	9.4115
2.9043	9.4624
2.9027	9.4831
2.901	9.4722
2.8994	9.475
2.8978	9.5013
2.8962	9.5486
2.8946	9.5576
2.8929	9.5501
2.8913	9.5432
2.8897	9.5574
2.8881	9.6533
2.8865	9.7331
2.8849	9.7045
2.8833	9.6341
2.8817	9.6753
2.8801	9.7833
2.8785	9.8151
2.8769	9.8262
2.8753	9.8477
2.8737	9.8444
2.8721	9.8643
2.8705	9.8927
2.8689	9.9595
2.8673	9.9932
2.8658	10.0048
2.8642	10.0218
2.8626	10.0649
2.861	10.0865
2.8594	10.1229
2.8579	10.1869
2.8563	10.1897
2.8547	10.2134
2.8531	10.2638
2.8516	10.2747
2.85	10.2863
2.8484	10.3029
2.8469	10.3403
2.8453	10.3609
2.8437	10.3884
2.8422	10.4149
2.8406	10.4301
2.8391	10.4374
2.8375	10.454
2.836	10.4732
2.8344	10.4796
2.8329	10.499
2.8313	10.5411
2.8298	10.5783
2.8282	10.5653
2.8267	10.5485
2.8252	10.5355
2.8236	10.544
2.8221	10.5653
2.8205	10.5153
2.819	10.4521
2.8175	10.4566
2.8159	10.4587
2.8144	10.4647
2.8129	10.4673
2.8114	10.4019
2.8098	10.3351
2.8083	10.302
2.8068	10.2603
2.8053	10.1821
2.8038	10.1272
2.8022	10.1149
2.8007	10.0301
2.7992	9.901
2.7977	9.8241
2.7962	9.7142
2.7947	9.5342
2.7932	9.3748
2.7917	9.2543
2.7902	9.1245
2.7887	9.0336
2.7872	9.022
2.7857	9.0201
2.7842	9.0686
2.7827	9.1532
2.7812	9.2365
2.7797	9.3035
2.7782	9.404
2.7767	9.4468
2.7752	9.501
2.7738	9.5863
2.7723	9.632
2.7708	9.6003
2.7693	9.6635
2.7678	9.7121
2.7664	9.7201
2.7649	9.6337
2.7634	9.4558
2.7619	9.435
2.7605	9.6597
2.759	9.8821
2.7575	10.0424
2.7561	10.1518
2.7546	10.2558
2.7531	10.4263
2.7517	10.54
2.7502	10.6368
2.7488	10.751
2.7473	10.8668
2.7458	10.9596
2.7444	11.0176
2.7429	11.0385
2.7415	11.0574
2.74	11.1498
2.7386	11.317
2.7371	11.4796
2.7357	11.649
2.7343	11.8761
2.7328	12.152
2.7314	12.3765
2.7299	12.5302
2.7285	12.6713
2.7271	12.7561
2.7256	12.8482
2.7242	13.0808
2.7228	13.4237
2.7213	13.7318
2.7199	14.0273
2.7185	14.4316
2.7171	14.7617
2.7156	14.9831
2.7142	15.1193
2.7128	15.12
2.7114	15.0612
2.71	15.02
2.7085	14.9679
2.7071	14.9241
2.7057	14.8896
2.7043	14.9843
2.7029	15.3009
2.7015	15.8349
2.7001	16.5241
2.6987	17.2433
2.6973	17.944
2.6959	18.5756
2.6945	19.1103
2.6931	19.6517
2.6917	20.2882
2.6903	20.8497
2.6889	21.3575
2.6875	21.7733
2.6861	22.1136
2.6847	22.4291
2.6833	22.7125
2.6819	22.9683
2.6805	23.1556
2.6791	23.3013
2.6778	23.4585
2.6764	23.5722
2.675	23.787
2.6736	24.0164
2.6722	24.0832
2.6709	23.9864
2.6695	24.0858
2.6681	24.2973
2.6667	24.2845
2.6654	24.3295
2.664	24.5303
2.6626	24.7328
2.6613	24.7832
2.6599	24.8197
2.6585	24.8934
2.6572	24.9985
2.6558	25.0149
2.6545	25.079
2.6531	25.1065
2.6517	25.1037
2.6504	25.1174
2.649	25.2048
2.6477	25.2832
2.6463	25.272
2.645	25.2502
2.6436	25.2867
2.6423	25.2761
2.6409	25.2834
2.6396	25.3346
2.6382	25.3784
2.6369	25.3698
2.6356	25.3571
2.6342	25.3374
2.6329	25.3481
2.6315	25.3005
2.6302	25.2389
2.6289	25.3068
2.6275	25.2986
2.6262	25.2521
2.6249	25.3454
2.6236	25.3859
2.6222	25.3457
2.6209	25.1986
2.6196	25.1614
2.6183	25.2192
2.6169	25.1849
2.6156	25.1889
2.6143	25.2358
2.613	25.2394
2.6117	25.2595
2.6103	25.2486
2.609	25.2109
2.6077	25.1515
2.6064	25.0402
2.6051	24.9997
2.6038	25.0589
2.6025	25.0828
2.6012	25.1003
2.5999	25.0956
2.5986	25.0632
2.5973	24.9623
2.596	24.7255
2.5947	24.5419
2.5934	24.6442
2.5921	24.8017
2.5908	24.7518
2.5895	24.6255
2.5882	24.5062
2.5869	24.4401
2.5856	24.3525
2.5843	24.1469
2.583	24.115
2.5817	24.1907
2.5805	24.1171
2.5792	24.0404
2.5779	23.9759
2.5766	23.9082
2.5753	23.8665
2.5741	23.7671
2.5728	23.6929
2.5715	23.6489
2.5702	23.495
2.569	23.3569
2.5677	23.238
2.5664	23.0824
2.5651	22.8816
2.5639	22.6839
2.5626	22.425
2.5613	22.1525
2.5601	21.8979
2.5588	21.6182
2.5575	21.2689
2.5563	20.8933
2.555	20.49
2.5538	20.0514
2.5525	19.6173
2.5513	19.2079
2.55	18.7532
2.5487	18.2786
2.5475	17.8808
2.5462	17.5395
2.545	17.1609
2.5437	16.8421
2.5425	16.5558
2.5413	16.2889
2.54	16.0864
2.5388	15.9784
2.5375	15.9064
2.5363	15.8214
2.535	15.749
2.5338	15.7885
2.5326	15.932
2.5313	16.1236
2.5301	16.3142
2.5289	16.4871
2.5276	16.7218
2.5264	16.9544
2.5252	17.1677
2.5239	17.4003
2.5227	17.6096
2.5215	17.7863
2.5202	17.9551
2.519	18.1287
2.5178	18.2928
2.5166	18.4098
2.5154	18.5086
2.5141	18.6104
2.5129	18.7023
2.5117	18.8226
2.5105	18.8941
2.5093	18.9472
2.5081	19.0026
2.5068	19.0388
2.5056	19.0788
2.5044	19.0978
2.5032	19.1532
2.502	19.192
2.5008	19.1975
2.4996	19.2733
2.4984	19.3386
2.4972	19.3301
2.496	19.3566
2.4948	19.4092
2.4936	19.4698
2.4924	19.5501
2.4912	19.5766
2.49	19.6143
2.4888	19.6832
2.4876	19.7367
2.4864	19.8165
2.4852	19.9115
2.484	19.9951
2.4828	20.1251
2.4816	20.2691
2.4805	20.4019
2.4793	20.5352
2.4781	20.625
2.4769	20.7593
2.4757	20.9731
2.4745	21.1481
2.4734	21.2703
2.4722	21.3928
2.471	21.5569
2.4698	21.7148
2.4686	21.8825
2.4675	22.0123
2.4663	22.1724
2.4651	22.313
2.464	22.413
2.4628	22.5733
2.4616	22.7438
2.4604	22.8245
2.4593	22.8977
2.4581	23.0306
2.4569	23.1717
2.4558	23.1847
2.4546	23.2603
2.4535	23.4019
2.4523	23.4869
2.4511	23.5973
2.45	23.6802
2.4488	23.6998
2.4477	23.7626
2.4465	23.8429
2.4454	23.9146
2.4442	23.957
2.4431	24.0074
2.4419	24.0863
2.4408	24.1969
2.4396	24.2585
2.4385	24.2805
2.4373	24.2994
2.4362	24.3049
2.435	24.4148
2.4339	24.5327
2.4327	24.54
2.4316	24.5391
2.4305	24.5879
2.4293	24.7032
2.4282	24.7491
2.427	24.7735
2.4259	24.8278
2.4248	24.8784
2.4236	24.9301
2.4225	24.9736
2.4214	25.0329
2.4202	25.0982
2.4191	25.1162
2.418	25.1191
2.4169	25.1295
2.4157	25.1423
2.4146	25.1712
2.4135	25.2289
2.4124	25.219
2.4112	25.1787
2.4101	25.2178
2.409	25.2614
2.4079	25.2732
2.4068	25.2218
2.4056	25.1565
2.4045	25.1595
2.4034	25.2315
2.4023	25.255
2.4012	25.2311
2.4001	25.2161
2.399	25.2337
2.3979	25.1887
2.3967	25.2121
2.3956	25.2161
2.3945	25.1667
2.3934	25.1849
2.3923	25.2517
2.3912	25.2744
2.3901	25.2424
2.389	25.1546
2.3879	25.1638
2.3868	25.1925
2.3857	25.1546
2.3846	25.1375
2.3835	25.0826
2.3824	25.0364
2.3813	25.0073
2.3802	24.9722
2.3791	24.9549
2.3781	24.8908
2.377	24.8344
2.3759	24.7809
2.3748	24.7034
2.3737	24.6655
2.3726	24.6314
2.3715	24.4988
2.3704	24.4065
2.3694	24.3376
2.3683	24.2073
2.3672	24.1015
2.3661	23.9778
2.365	23.8559
2.364	23.679
2.3629	23.4737
2.3618	23.2648
2.3607	23.0782
2.3597	22.8603
2.3586	22.6649
2.3575	22.4546
2.3564	22.2152
2.3554	21.9883
2.3543	21.779
2.3532	21.6132
2.3522	21.3861
2.3511	21.2116
2.35	21.0548
2.349	20.8869
2.3479	20.7024
2.3468	20.5693
2.3458	20.4694
2.3447	20.3356
2.3436	20.2657
2.3426	20.2373
2.3415	20.1715
2.3405	20.1111
2.3394	20.1653
2.3384	20.1791
2.3373	20.1376
2.3363	20.2073
2.3352	20.3205
2.3342	20.3645
2.3331	20.4093
2.3321	20.4678
2.331	20.6297
2.33	20.7264
2.3289	20.8422
2.3279	21.0129
2.3268	21.1124
2.3258	21.2028
2.3247	21.3399
2.3237	21.4823
2.3226	21.5791
2.3216	21.6381
2.3206	21.7297
2.3195	21.7942
2.3185	21.8778
2.3175	21.9642
2.3164	21.9905
2.3154	22.0651
2.3144	22.1231
2.3133	22.2323
2.3123	22.2763
2.3113	22.2931
2.3102	22.3057
2.3092	22.3327
2.3082	22.3684
2.3071	22.3895
2.3061	22.4426
2.3051	22.4987
2.3041	22.5382
2.303	22.5643
2.302	22.6041
2.301	22.628
2.3	22.6737
2.299	22.6841
2.2979	22.6941
2.2969	22.7319
2.2959	22.8276
2.2949	22.8778
2.2939	22.9048
2.2929	22.934
2.2918	22.9906
2.2908	23.0758
2.2898	23.118
2.2888	23.1326
2.2878	23.2084
2.2868	23.2979
2.2858	23.355
2.2848	23.4012
2.2838	23.4334
2.2828	23.525
2.2818	23.5982
2.2808	23.6944
2.2798	23.7846
2.2787	23.845
2.2777	23.8502
2.2767	23.8997
2.2757	24.0271
2.2747	24.0844
2.2738	24.1382
2.2728	24.1872
2.2718	24.226
2.2708	24.2672
2.2698	24.2959
2.2688	24.3106
2.2678	24.3809
2.2668	24.4001
2.2658	24.4145
2.2648	24.4737
2.2638	24.5306
2.2628	24.5801
2.2618	24.5879
2.2609	24.581
2.2599	24.6485
2.2589	24.6975
2.2579	24.706
2.2569	24.6663
2.2559	24.7096
2.255	24.7977
2.254	24.8245
2.253	24.8048
2.252	24.8363
2.251	24.8396
2.2501	24.86
2.2491	24.9578
2.2481	25.0063
2.2471	25.0068
2.2462	25.0023
2.2452	25.0016
2.2442	25.0584
2.2433	25.0778
2.2423	25.0897
2.2413	25.1034
2.2403	25.164
2.2394	25.2199
2.2384	25.2261
2.2374	25.2233
2.2365	25.1835
2.2355	25.1925
2.2345	25.2282
2.2336	25.2024
2.2326	25.192
2.2317	25.2209
2.2307	25.2334
2.2297	25.2552
2.2288	25.296
2.2278	25.299
2.2269	25.2384
2.2259	25.2242
2.225	25.2337
2.224	25.2237
2.2231	25.2701
2.2221	25.2915
2.2211	25.2569
2.2202	25.1891
2.2192	25.192
2.2183	25.2038
2.2173	25.2285
2.2164	25.2434
2.2155	25.1773
2.2145	25.1399
2.2136	25.1314
2.2126	25.0745
2.2117	25.0535
2.2107	25.0653
2.2098	25.0307
2.2088	24.9791
2.2079	24.9644
2.207	24.9822
2.206	25.04
2.2051	25.0544
2.2041	25.0662
2.2032	25.107
2.2023	25.1465
2.2013	25.1555
2.2004	25.2076
2.1995	25.2735
2.1985	25.2645
2.1976	25.2555
2.1967	25.2768
2.1957	25.3265
2.1948	25.3791
2.1939	25.3649
2.193	25.3142
2.192	25.3438
2.1911	25.416
2.1902	25.4089
2.1893	25.372
2.1883	25.4127
2.1874	25.4082
2.1865	25.4089
2.1856	25.4582
2.1846	25.5093
2.1837	25.4913
2.1828	25.4738
2.1819	25.4837
2.181	25.4989
2.18	25.5543
2.1791	25.5467
2.1782	25.4785
2.1773	25.5067
2.1764	25.5278
2.1755	25.5486
2.1746	25.4923
2.1736	25.4411
2.1727	25.4885
2.1718	25.543
2.1709	25.5197
2.17	25.5321
2.1691	25.5079
2.1682	25.4487
2.1673	25.4492
2.1664	25.4487
2.1655	25.4146
2.1646	25.3876
2.1637	25.426
2.1628	25.4269
2.1619	25.3864
2.161	25.426
2.1601	25.5003
2.1592	25.4615
2.1583	25.3502
2.1574	25.3019
2.1565	25.3521
2.1556	25.416
2.1547	25.471
2.1538	25.4586
2.1529	25.4118
2.152	25.4549
2.1511	25.5448
2.1502	25.5361
2.1493	25.506
2.1484	25.4956
2.1475	25.4345
2.1466	25.4316
2.1458	25.5003
2.1449	25.5718
2.144	25.5969
2.1431	25.5763
2.1422	25.6216
2.1413	25.668
2.1404	25.6116
2.1396	25.5662
2.1387	25.6543
2.1378	25.7172
2.1369	25.703
2.136	25.7177
2.1352	25.6907
2.1343	25.7438
2.1334	25.7807
2.1325	25.7007
2.1316	25.6273
2.1308	25.6775
2.1299	25.7537
2.129	25.7244
2.1281	25.7154
2.1273	25.7229
2.1264	25.7599
2.1255	25.7793
2.1247	25.7042
2.1238	25.7362
2.1229	25.7315
2.122	25.6746
2.1212	25.6585
2.1203	25.5903
2.1194	25.6486
2.1186	25.7338
2.1177	25.7026
2.1168	25.6486
2.116	25.6599
2.1151	25.6869
2.1143	25.6448
2.1134	25.5932
2.1125	25.6268
2.1117	25.6576
2.1108	25.7064
2.11	25.7869
2.1091	25.7873
2.1082	25.6964
2.1074	25.7253
2.1065	25.8044
2.1057	25.7409
2.1048	25.6505
2.104	25.6955
2.1031	25.6798
2.1023	25.7116
2.1014	25.7357
2.1005	25.7528
2.0997	25.7085
2.0988	25.686
2.098	25.6876
2.0971	25.6924
2.0963	25.6943
2.0955	25.6
2.0946	25.6017
2.0938	25.6142
2.0929	25.6571
2.0921	25.6976
2.0912	25.6813
2.0904	25.6519
2.0895	25.7296
2.0887	25.7101
2.0879	25.7161
2.087	25.7542
2.0862	25.65
2.0853	25.5536
2.0845	25.564
2.0837	25.6183
2.0828	25.6824
2.082	25.6839
2.0812	25.6682
2.0803	25.6543
2.0795	25.6535
2.076	25.6535
2.072	25.6297
2.068	25.6282
2.064	25.5418
2.06	25.5713
2.056	25.5231
2.052	25.6199
2.048	25.4994
2.044	25.4639
2.04	25.5818
2.036	25.475
2.032	25.5569
2.028	25.526
2.024	25.3904
2.02	25.3097
2.016	25.2597
2.012	25.3148
2.008	25.1721
2.004	25.1196
2	25.0384
1.996	25.0521
1.992	24.9632
1.988	24.8174
1.984	24.8216
1.98	24.9021
1.976	24.8827
1.972	24.9587
1.968	24.7873
1.964	24.7624
1.96	24.9501
1.956	24.6803
1.952	24.6725
1.948	24.5864
1.944	24.6695
1.94	24.7653
1.936	24.7258
1.932	24.7917
1.928	24.6059
1.924	24.5817
1.92	24.5777
1.916	24.6019
1.912	24.6261
1.908	24.6382
1.904	24.6705
1.9	24.851
1.896	24.6973
1.892	24.7914
1.888	24.779
1.884	24.8104
1.88	24.8719
1.876	24.8888
1.872	25.0097
1.868	24.8004
1.864	24.8976
1.86	24.9128
1.856	24.9647
1.852	25.0037
1.848	24.9511
1.844	24.9609
1.84	24.9187
1.836	24.9042
1.832	24.9642
1.828	25.0266
1.824	24.8229
1.82	24.7914
1.816	24.9255
1.812	25.0221
1.808	24.9816
1.804	24.9917
1.8	24.9406
1.796	25.0324
1.792	24.9237
1.788	24.928
1.784	24.8446
1.78	24.8764
1.776	24.8566
1.772	24.9126
1.768	25.0086
1.764	24.9812
1.76	25.0422
1.756	25.0422
1.752	24.885
1.748	24.7846
1.744	24.8404
1.74	24.6934
1.736	24.6895
1.732	24.6016
1.728	24.5297
1.724	24.453
1.72	24.3816
1.716	24.4036
1.712	24.4989
1.708	24.4162
1.704	24.6218
1.7	24.6377
1.696	24.59
1.692	24.4989
1.688	24.6138
1.684	24.4983
1.68	24.5221
1.676	24.5659
1.672	24.6138
1.668	24.4933
1.664	24.4448
1.66	24.3282
1.656	24.3163
1.652	24.3079
1.648	24.4729
1.644	24.3234
1.64	24.203
1.636	24.1012
1.632	24.1656
1.628	24.2995
1.624	24.2827
1.62	24.3472
1.616	24.3066
1.612	24.443
1.608	24.1989
1.604	24.334
1.6	24.1808
1.596	24.1167
1.592	24.0935
1.588	23.9517
1.584	23.9428
1.58	24.1531
1.576	24.0762
1.572	23.9962
1.568	23.8105
1.564	23.7988
1.56	23.8635
1.556	23.8393
1.552	23.9787
1.548	23.9668
1.544	24.0081
1.54	23.869
1.536	23.834
1.532	23.5839
1.528	23.7224
1.524	23.9195
1.52	23.6462
1.516	23.5146
1.512	23.5023
1.508	23.3897
1.504	23.4748
1.5	23.3955
1.496	23.1123
1.492	23.2507
1.488	23.2181
1.484	23.2181
1.48	23.2411
1.476	23.2103
1.472	23.2757
1.468	23.2546
1.464	23.1891
1.46	23.1854
1.456	23.2718
1.452	23.0993
1.448	23.0355
1.444	23.1155
1.44	23.175
1.436	23.1982
1.432	23.1634
1.428	23.1732
1.424	23.1138
1.42	22.9815
1.416	22.808
1.412	22.7036
1.408	22.6962
1.404	22.6773
1.4	22.6754
1.396	22.6527
1.392	22.7096
1.388	22.7542
1.384	22.7603
1.38	22.7116
1.376	22.7792
1.372	22.8129
1.368	22.9087
1.364	22.8207
1.36	22.7705
1.356	22.7221
1.352	22.8695
1.348	22.8538
1.344	22.8516
1.34	22.8865
1.336	22.8775
1.332	22.6694
1.328	22.6806
1.324	22.6598
1.32	22.749
1.316	22.8273
1.312	22.7726
1.308	22.6292
1.304	22.618
1.3	22.4663
1.296	22.4335
1.292	22.4448
1.288	22.3675
1.284	22.3454
1.28	22.3343
1.276	22.2896
1.272	22.2002
1.268	22.1891
1.264	22.2113
1.26	22.2225
1.256	22.2214
1.252	22.1657
1.248	22.21
1.244	22.21
1.24	22.1875
1.236	22.1986
1.232	22.0072
1.228	21.9728
1.224	22.0633
1.22	22.1081
1.216	22.1418
1.212	22.0633
1.208	22.097
1.204	22.1867
1.2	22.2204
1.196	22.1871
1.192	22.1649
1.188	22.0745
1.184	22.0526
1.18	21.9628
1.176	22.0526
1.172	21.9638
1.168	21.8967
1.164	21.8393
1.16	21.8153
1.156	21.8697
1.152	21.8327
1.148	21.7953
1.144	21.7527
1.14	21.6149
1.136	21.5718
1.132	21.5793
1.128	21.4988
1.124	21.6334
1.12	21.5311
1.116	21.6334
1.112	21.4199
1.108	21.4558
1.104	21.2115
1.1	21.1749
1.096	21.1356
1.092	21.1541
1.088	21.0275
1.084	21.075
1.08	21.265
1.076	21.1225
1.072	20.8815
1.068	20.8889
1.064	21.0435
1.06	21.0568
1.056	20.9438
1.052	20.7846
1.048	20.7846
1.044	20.938
1.04	20.9351
1.036	20.9846
1.032	20.8265
1.028	20.8468
1.024	20.7228
1.02	20.7676
1.016	20.7507
1.012	20.6503
1.008	20.6327
1.004	20.6715
1	20.6991
0.996	20.6017
0.992	20.3614
0.988	20.6057
0.984	20.5049
0.98	20.5426
0.976	20.4825
0.972	20.5323
0.968	20.4692
0.964	20.4419
0.96	20.3439
0.956	20.647
0.952	20.4889
0.948	20.5032
0.944	20.4993
0.94	20.6193
0.936	20.5526
0.932	20.5036
0.928	20.5244
0.924	20.5139
0.92	20.5315
0.916	20.5105
0.912	20.4755
0.908	20.3112
0.904	20.2828
0.9	20.2309
0.896	20.2724
0.892	20.2673
0.888	20.3197
0.884	20.2951
0.88	20.1365
0.876	20.2691
0.872	20.1597
0.868	20.156
0.864	20.0815
0.86	20.0737
0.856	20.0659
0.852	20.0474
0.848	19.9931
0.844	19.9931
0.84	20.0649
0.836	19.9506
0.832	19.9701
0.828	19.7965
0.824	20.0602
0.82	19.9426
0.816	19.9659
0.812	19.9173
0.808	19.8962
0.804	20.001
0.8	19.9718
0.799	19.8317
0.798	19.8356
0.797	19.9987
0.796	20.0833
0.795	19.9921
0.794	20.0019
0.793	20.1065
0.792	20.0345
0.791	19.8942
0.79	19.9414
0.789	19.9383
0.788	19.9383
0.787	19.7249
0.786	19.7013
0.785	19.9169
0.784	19.9972
0.783	20.0547
0.782	19.9597
0.781	19.9368
0.78	19.9857
0.779	19.9513
0.778	19.7456
0.777	19.8254
0.776	19.886
0.775	19.8157
0.774	19.6984
0.773	19.5735
0.772	19.6778
0.771	19.6399
0.77	19.7078
0.769	19.7097
0.768	19.8587
0.767	19.9062
0.766	19.6019
0.765	19.5864
0.764	19.6337
0.763	19.8316
0.762	19.784
0.761	19.5828
0.76	19.526
0.759	19.6432
0.758	19.6267
0.757	19.6841
0.756	19.8042
0.755	19.7349
0.754	19.7365
0.753	19.653
0.752	19.6284
0.751	19.6616
0.75	19.5432
0.749	19.4711
0.748	19.4391
0.747	19.5995
0.746	19.5071
0.745	19.6233
0.744	19.5413
0.743	19.5274
0.742	19.5405
0.741	19.5261
0.74	19.4577
0.739	19.5979
0.738	19.6194
0.737	19.4993
0.736	19.3089
0.735	19.2389
0.734	19.2996
0.733	19.2904
0.732	19.349
0.731	19.349
0.73	19.4631
0.729	19.404
0.728	19.4154
0.727	19.4269
0.726	19.2976
0.725	19.169
0.724	18.9965
0.723	19.0299
0.722	19.2074
0.721	19.1601
0.72	19.2056
0.719	19.0687
0.718	19.0825
0.717	18.9562
0.716	18.9588
0.715	19.1239
0.714	19.158
0.713	19.2264
0.712	19.2378
0.711	18.9959
0.71	18.9622
0.709	18.9424
0.708	18.8114
0.707	18.9034
0.706	19.0697
0.705	18.9456
0.704	18.9583
0.703	18.9131
0.702	18.5284
0.701	18.7957
0.7	18.9307
0.699	18.903
0.698	19.0249
0.697	18.8665
0.696	18.889
0.695	18.7767
0.694	18.7393
0.693	18.7882
0.692	18.7308
0.691	18.625
0.69	18.3973
0.689	18.4409
0.688	18.6207
0.687	18.6898
0.686	18.6446
0.685	18.7278
0.684	18.846
0.683	18.7043
0.682	18.5831
0.681	18.7333
0.68	18.652
0.679	18.7825
0.678	18.7044
0.677	18.5974
0.676	18.6841
0.675	18.6696
0.674	18.4408
0.673	18.5798
0.672	18.2526
0.671	18.17
0.67	18.2564
0.669	18.2789
0.668	18.4063
0.667	18.3276
0.666	18.3048
0.665	18.3801
0.664	18.4636
0.663	18.3311
0.662	18.3276
0.661	18.2373
0.66	18.1919
0.659	18.0756
0.658	18.1543
0.657	18.0565
0.656	17.9225
0.655	18.038
0.654	18.143
0.653	18.1317
0.652	18.1279
0.651	18.0977
0.65	18.1316
0.649	18.1203
0.648	18.0977
0.647	18.0447
0.646	18.0069
0.645	17.9284
0.644	17.9019
0.643	17.8978
0.642	17.8866
0.641	17.9732
0.64	17.8796
0.639	17.7209
0.638	17.8335
0.637	17.7779
0.636	17.7115
0.635	17.7181
0.634	17.789
0.633	17.685
0.632	17.6493
0.631	17.6493
0.63	17.6227
0.629	17.6337
0.628	17.7802
0.627	17.6447
0.626	18.0487
0.625	17.8403
0.624	17.7112
0.623	17.5913
0.622	17.5315
0.621	17.4937
0.62	17.3856
0.619	17.3973
0.618	17.4301
0.617	17.4301
0.616	17.644
0.615	17.5528
0.614	17.2512
0.613	17.3652
0.612	17.6355
0.611	17.3164
0.61	17.3216
0.609	17.3007
0.608	17.3216
0.607	17.2837
0.606	17.2837
0.605	17.3382
0.604	17.3221
0.603	17.1918
0.602	17.2191
0.601	17.1863
0.6	17.3015
0.599	17.2687
0.598	17.2908
0.597	17.1423
0.596	17.1476
0.595	17.1313
0.594	17.2499
0.593	17.3447
0.592	17.1476
0.591	17.0647
0.59	17.0757
0.589	17.0152
0.588	17.0589
0.587	17.2749
0.586	17.114
0.585	16.9706
0.584	16.8763
0.583	16.9428
0.582	16.9647
0.581	16.9428
0.58	16.7744
0.579	16.7959
0.578	16.8668
0.577	16.7083
0.576	16.8452
0.575	16.7467
0.574	16.6826
0.573	16.9958
0.572	16.7011
0.571	16.6173
0.57	16.5357
0.569	16.5253
0.568	16.5046
0.567	16.4774
0.566	16.4576
0.565	16.4302
0.564	16.3442
0.563	16.3065
0.562	16.3374
0.561	16.2444
0.56	16.2407
0.559	16.112
0.558	15.9203
0.557	15.8343
0.556	15.8325
0.555	15.7859
0.554	15.7782
0.553	15.6596
0.552	15.671
0.551	15.7422
0.55	15.639
0.549	15.7092
0.548	15.664
0.547	15.5732
0.546	15.6052
0.545	15.5777
0.544	15.5581
0.543	15.5972
0.542	15.5519
0.541	15.5929
0.54	15.4884
0.539	15.3629
0.538	15.3446
0.537	15.2622
0.536	15.2718
0.535	15.3337
0.534	15.2077
0.533	15.1085
0.532	15.0895
0.531	15.0805
0.53	15.199
0.529	15.2473
0.528	15.1203
0.527	15.1497
0.526	15.1974
0.525	15.2458
0.524	14.9026
0.523	14.7904
0.522	14.8278
0.521	14.9494
0.52	14.7713
0.519	14.912
0.518	14.8268
0.517	14.7237
0.516	14.9365
0.515	14.7047
0.514	14.62
0.513	14.5153
0.512	14.5631
0.511	14.4336
0.51	14.349
0.509	14.3054
0.508	14.334
0.507	14.3144
0.506	14.3415
0.505	14.358
0.504	14.3458
0.503	14.2472
0.502	14.4323
0.501	14.2472
0.5	14.3565
0.499	14.2631
0.498	14.2266
0.497	14.0491
0.496	13.9417
0.495	14.0693
0.494	14.0958
0.493	13.9823
0.492	14.0315
0.491	13.9417
0.49	13.9769
0.489	13.7167
0.488	13.8343
0.487	14.0383
0.486	14.0526
0.485	13.7414
0.484	13.6362
0.483	13.6531
0.482	13.7133
0.481	13.6583
0.48	13.6964
0.479	13.6286
0.478	13.6793
0.477	13.7006
0.476	13.7048
0.475	13.3998
0.474	13.5142
0.473	13.4862
0.472	13.5359
0.471	13.5574
0.47	13.3206
0.469	13.4733
0.468	13.6039
0.467	13.5141
0.466	13.4173
0.465	13.2982
0.464	13.2342
0.463	13.165
0.462	13.2276
0.461	13.3665
0.46	13.0738
0.459	13.0104
0.458	12.9806
0.457	13.0184
0.456	12.9349
0.455	12.9953
0.454	13.0788
0.453	13.0484
0.452	13.1168
0.451	13.0101
0.45	12.7945
0.449	12.8857
0.448	12.8772
0.447	12.9165
0.446	12.6608
0.445	12.6026
0.444	12.5713
0.443	12.6511
0.442	12.5925
0.441	12.6278
0.44	12.4982
0.439	12.4597
0.438	12.3014
0.437	12.3331
0.436	12.3306
0.435	12.2062
0.434	12.1291
0.433	12.2331
0.432	12.3672
0.431	12.2799
0.43	12.2866
0.429	11.8489
0.428	11.9128
0.427	11.9904
0.426	11.802
0.425	11.7202
0.424	11.7202
0.423	11.5493
0.422	11.8657
0.421	11.8315
0.42	11.7655
0.419	11.6195
0.418	11.5841
0.417	11.3796
0.416	11.4684
0.415	11.4684
0.414	11.239
0.413	11.3221
0.412	11.1721
0.411	11.2106
0.41	11.3316
0.409	11.1345
0.408	11.1628
0.407	11.2015
0.406	11.2068
0.405	10.9504
0.404	11.0125
0.403	11.1128
0.402	10.9333
0.401	10.7574
0.4	10.791
