Name:  Black tar paper
Type:  Manmade materials
Class:  Roofing Materials
Subclass:  Roofing Paper
Particle Size: Solid
Sample No.: 0522UUUTAR
Owner:  National Photographic Interpretation Center 
Wavelength Range:  All
Origin: Spectra obtained from the Noncoventional Exploitation Factors 
Data System of the National Photographic Interpretation Center. 
Description:  Extremely weathered black roofing paper. Paper was 
thickly tarred and deeply cracked.




Measurement:  Directional (10 Degree) Hemispherical Reflectance
First Column:  X
Second Column:  Y  
X Units:  Wavelength (micrometers)
Y Units:  Reflectance (percent)
First X Value:  0.3
Last X Value: 12.5
Number of X Values: 536
Additional Information:  None

0.3	2.19
0.302	2.19
0.304	2.19
0.306	2.19
0.308	2.19
0.31	2.19
0.312	2.18
0.314	2.18
0.316	2.18
0.318	2.17
0.32	2.17
0.322	2.17
0.324	2.17
0.326	2.17
0.328	2.17
0.33	2.17
0.332	2.17
0.334	2.17
0.336	2.17
0.338	2.17
0.34	2.18
0.342	2.18
0.344	2.18
0.346	2.18
0.348	2.18
0.35	2.18
0.352	2.19
0.354	2.19
0.356	2.19
0.358	2.19
0.36	2.19
0.362	2.2
0.364	2.2
0.366	2.2
0.368	2.2
0.37	2.21
0.372	2.21
0.374	2.22
0.376	2.22
0.378	2.22
0.38	2.22
0.382	2.23
0.384	2.23
0.386	2.23
0.388	2.24
0.39	2.24
0.392	2.25
0.394	2.25
0.396	2.25
0.398	2.26
0.4	2.26
0.402	2.27
0.404	2.27
0.406	2.27
0.408	2.28
0.41	2.28
0.412	2.28
0.414	2.29
0.416	2.29
0.418	2.29
0.42	2.3
0.422	2.3
0.424	2.31
0.426	2.31
0.428	2.31
0.43	2.32
0.432	2.32
0.434	2.32
0.436	2.33
0.438	2.33
0.44	2.34
0.442	2.34
0.444	2.34
0.446	2.34
0.448	2.34
0.45	2.35
0.452	2.35
0.454	2.36
0.456	2.36
0.458	2.37
0.46	2.37
0.462	2.37
0.464	2.38
0.466	2.38
0.468	2.38
0.47	2.38
0.472	2.38
0.474	2.39
0.476	2.39
0.478	2.39
0.48	2.39
0.482	2.39
0.484	2.38
0.486	2.38
0.488	2.38
0.49	2.39
0.492	2.39
0.494	2.4
0.496	2.41
0.498	2.42
0.5	2.43
0.502	2.43
0.504	2.44
0.506	2.44
0.508	2.45
0.51	2.45
0.512	2.45
0.514	2.45
0.516	2.45
0.518	2.46
0.52	2.46
0.522	2.46
0.524	2.47
0.526	2.47
0.528	2.47
0.53	2.48
0.532	2.48
0.534	2.48
0.536	2.49
0.538	2.49
0.54	2.49
0.542	2.5
0.544	2.5
0.546	2.5
0.548	2.51
0.55	2.51
0.552	2.51
0.554	2.52
0.556	2.52
0.558	2.53
0.56	2.53
0.562	2.53
0.564	2.54
0.566	2.54
0.568	2.55
0.57	2.55
0.572	2.55
0.574	2.56
0.576	2.56
0.578	2.56
0.58	2.57
0.582	2.57
0.584	2.57
0.586	2.58
0.588	2.58
0.59	2.59
0.592	2.59
0.594	2.59
0.596	2.6
0.598	2.6
0.6	2.6
0.602	2.61
0.604	2.61
0.606	2.61
0.608	2.62
0.61	2.62
0.612	2.62
0.614	2.62
0.616	2.63
0.618	2.63
0.62	2.63
0.622	2.64
0.624	2.64
0.626	2.64
0.628	2.64
0.63	2.65
0.632	2.65
0.634	2.65
0.636	2.66
0.638	2.66
0.64	2.66
0.642	2.66
0.644	2.67
0.646	2.67
0.648	2.67
0.65	2.68
0.652	2.68
0.654	2.68
0.656	2.68
0.658	2.69
0.66	2.69
0.662	2.7
0.664	2.7
0.666	2.7
0.668	2.7
0.67	2.71
0.672	2.71
0.674	2.71
0.676	2.72
0.678	2.72
0.68	2.72
0.682	2.73
0.684	2.73
0.686	2.73
0.688	2.73
0.69	2.73
0.692	2.74
0.694	2.74
0.696	2.75
0.698	2.75
0.7	2.75
0.702	2.76
0.704	2.76
0.706	2.76
0.708	2.76
0.71	2.77
0.712	2.77
0.714	2.77
0.716	2.78
0.718	2.78
0.72	2.78
0.722	2.79
0.724	2.79
0.726	2.79
0.728	2.8
0.73	2.8
0.732	2.8
0.734	2.81
0.736	2.81
0.738	2.82
0.74	2.82
0.742	2.82
0.744	2.82
0.746	2.83
0.748	2.83
0.75	2.83
0.752	2.84
0.754	2.84
0.756	2.84
0.758	2.84
0.76	2.85
0.762	2.85
0.764	2.85
0.766	2.86
0.768	2.86
0.77	2.87
0.772	2.87
0.774	2.87
0.776	2.87
0.778	2.88
0.78	2.88
0.782	2.88
0.784	2.89
0.786	2.89
0.788	2.89
0.79	2.9
0.792	2.9
0.794	2.9
0.796	2.91
0.798	2.91
0.8	2.91
0.82	2.94
0.84	2.97
0.86	3
0.88	3.06
0.9	3.1
0.92	3.13
0.94	3.15
0.96	3.18
0.98	3.2
1	3.21
1.02	3.24
1.04	3.27
1.06	3.27
1.08	3.3
1.1	3.31
1.12	3.33
1.14	3.33
1.16	3.35
1.18	3.4
1.2	3.37
1.22	3.39
1.24	3.39
1.26	3.39
1.28	3.4
1.3	3.4
1.32	3.4
1.34	3.43
1.36	3.39
1.38	3.43
1.4	3.41
1.42	3.42
1.44	3.43
1.46	3.43
1.48	3.44
1.5	3.44
1.52	3.44
1.54	3.46
1.56	3.45
1.58	3.46
1.6	3.46
1.62	3.46
1.64	3.46
1.66	3.47
1.68	3.44
1.7	3.46
1.72	3.46
1.74	3.45
1.76	3.45
1.78	3.46
1.8	3.46
1.82	3.46
1.84	3.46
1.86	3.43
1.88	3.46
1.9	3.45
1.92	3.41
1.94	3.43
1.96	3.46
1.98	3.47
2	3.47
2.02	3.48
2.04	3.48
2.06	3.48
2.08	3.48
2.1	3.48
2.12	3.49
2.14	3.47
2.16	3.44
2.18	3.45
2.2	3.45
2.22	3.44
2.24	3.42
2.26	4.174
2.28	3.9286
2.3	3.8838
2.32	3.7261
2.34	3.739
2.36	3.606
2.38	3.5835
2.4	3.7485
2.42	3.4577
2.44	3.398
2.46	3.5393
2.48	3.4476
2.5	3.6371
2.52	3.5741
2.54	3.7497
2.56	3.6042
2.58	3.4748
2.6	3.5116
2.62	3.538
2.64	3.6249
2.66	3.6757
2.68	3.5145
2.7	3.324
2.72	3.0905
2.74	3.0702
2.76	2.8839
2.78	2.9155
2.8	2.946
2.82	2.7906
2.84	2.8622
2.86	2.7999
2.88	2.902
2.9	3.011
2.92	2.7258
2.94	2.9552
2.96	2.7764
2.98	2.8842
3	3.0679
3.02	2.9174
3.04	2.8895
3.06	3.0151
3.08	3.0139
3.1	2.97
3.12	3.0431
3.14	2.9201
3.16	2.9622
3.18	2.9923
3.2	3.0666
3.22	2.9852
3.24	2.9311
3.26	2.9461
3.28	2.8843
3.3	2.9603
3.32	2.8055
3.34	2.6574
3.36	2.6625
3.38	2.4254
3.4	2.3094
3.42	2.462
3.44	2.4997
3.46	2.6218
3.48	2.3782
3.5	2.3091
3.52	2.8006
3.54	2.7062
3.56	2.6769
3.58	2.576
3.6	2.5993
3.62	2.7395
3.64	2.6916
3.66	2.6507
3.68	2.663
3.7	2.7754
3.72	2.8461
3.74	2.8839
3.76	2.808
3.78	2.755
3.8	2.811
3.82	2.8967
3.84	2.9141
3.86	2.8055
3.88	2.8391
3.9	2.9366
3.92	2.9792
3.94	2.9462
3.96	3.059
3.98	3.0914
4	3.0719
4.02	3.1829
4.04	3.1542
4.06	3.2759
4.08	3.151
4.1	3.2027
4.12	3.1986
4.14	3.2883
4.16	3.4262
4.18	3.3289
4.2	3.2665
4.22	3.3184
4.24	3.3482
4.26	3.3097
4.28	3.3489
4.3	3.4136
4.32	3.308
4.34	3.3878
4.36	3.3956
4.38	3.2569
4.4	3.2488
4.42	3.3586
4.44	3.3588
4.46	3.4293
4.48	3.4436
4.5	3.399
4.52	3.3576
4.54	3.3546
4.56	3.3782
4.58	3.4029
4.6	3.3118
4.62	3.3536
4.64	3.4383
4.66	3.3551
4.68	3.3686
4.7	3.28
4.72	3.2632
4.74	3.26
4.76	3.3222
4.78	3.4047
4.8	3.4181
4.82	3.3199
4.84	3.2421
4.86	3.2734
4.88	3.2198
4.9	3.234
4.92	3.0925
4.94	3.2
4.96	3.2005
4.98	3.1252
5	3.0937
5.1	3.0012
5.2	2.881
5.3	2.7478
5.4	2.6396
5.5	2.4103
5.6	2.1794
5.7	2.031
5.8	1.9364
5.9	2.0023
6	2.0443
6.1	2.0052
6.2	2.0236
6.3	2.0323
6.4	2.1028
6.5	1.9762
6.6	1.979
6.7	1.8039
6.8	1.7447
6.9	1.6403
7	1.6671
7.1	1.6356
7.2	1.6547
7.3	1.6835
7.4	1.677
7.5	1.6624
7.6	1.6569
7.7	1.6079
7.8	1.5904
7.9	1.6978
8	1.7965
8.1	1.7932
8.2	1.8028
8.3	1.9815
8.4	2.0276
8.5	2.05
8.6	1.8903
8.7	2.013
8.8	2.2748
8.9	2.279
9	2.2069
9.1	2.3819
9.2	2.5559
9.3	2.585
9.4	2.3886
9.5	2.4516
9.6	2.5853
9.7	2.5649
9.8	2.7618
9.9	2.6183
10	2.5153
10.1	2.6399
10.2	2.3826
10.3	2.5148
10.4	2.6648
10.5	2.5
10.6	2.6394
10.7	2.6355
10.8	2.6037
10.9	2.6225
11	2.7061
11.1	2.7342
11.2	2.8093
11.3	2.8411
11.4	2.6826
11.5	2.7846
11.6	2.7379
11.7	2.8125
11.8	2.7633
11.9	2.5655
12	2.733
12.1	2.8487
12.2	3.4705
12.3	2.6082
12.4	3.4893
12.5	3.0703
