Name: Pyrite FeS2
Type:  Mineral
Class:  Sulfides
Subclass:   
Particle Size:  Coarse  (75 - 250  Micrometers)
Sample No.:  pyrite.1
Owner:  JHU
Wavelength Range:  IR
Origin: Ambassaguas, Logrono, Castilla la Vieja, Spain via the 
Smithsonian (sample no. NMNH 161959)
Description: Large cubic (3cm/side) piece with yellow metallic luster, 
weighing ~160 g. It had less than 1% limonitic surface alteration, 
which was easily removed. Microscopic examination of the crushed 
sample showed ~4% contamination with  unidentified colorless grains 
having 2-3 degree birefringence and index of refraction <<1.600, 
sometimes showing what appear to be alteration coatings.
Measurement:  Bidirectional reflectance 
First Column:  X
Second Column:  Y  
X Units:  Wavelength (micrometers)
Y Units:  Reflectance (percent)
First X Value:  25.0442
Last X Value:  2.079
Number of X Values:  2287
Additional Information:  pyrite1a.txt

25.04420302	10.1262
24.9237955	11.1777
24.80454022	11.4204
24.68642074	11.2224
24.5694209	10.9885
24.45358465	10.7622
24.3387763	10.509
24.22504094	10.2219
24.11236361	9.9116
24.00072962	9.5805
23.89012454	9.1909
23.78053421	8.8218
23.67194472	8.4341
23.56434244	8.0281
23.45771395	7.5429
23.35204611	6.9404
23.24732598	6.2153
23.14354087	5.3725
23.04067832	4.2778
22.93872607	2.7407
22.83767211	1.4609
22.7375046	1.135
22.63821194	1.3018
22.53978272	1.519
22.44220571	1.7383
22.3454699	1.927
22.24956446	2.072
22.15447875	2.1748
22.06020229	2.3069
21.96677306	2.4297
21.87408402	2.5247
21.7821739	2.6143
21.69103293	2.6726
21.60065148	2.7383
21.5110201	2.814
21.42212949	2.8689
21.33397051	2.9119
21.24653416	2.9634
21.15981159	3.0095
21.0737941	3.0603
20.98847313	3.104
20.90384024	3.134
20.81988716	3.1589
20.73660571	3.1855
20.65398787	3.2195
20.57202575	3.26
20.49071156	3.2778
20.41003766	3.2886
20.3299965	3.3069
20.25058069	3.3286
20.1717829	3.3467
20.09359597	3.3581
20.01601281	3.3623
19.93906621	3.3779
19.8626695	3.3879
19.78685599	3.3948
19.71161901	3.4031
19.63695203	3.4121
19.56284859	3.4133
19.48930232	3.4255
19.41630698	3.4385
19.34385639	3.4519
19.27194448	3.4685
19.20056526	3.4788
19.12971284	3.4788
19.05938141	3.4817
18.98956523	3.4873
18.92025868	3.4939
18.85145618	3.4973
18.78315226	3.4973
18.71534153	3.4973
18.64801865	3.5029
18.58117838	3.5017
18.51481556	3.4954
18.44892507	3.4946
18.38350191	3.5
18.31854111	3.4958
18.25407111	3.4875
18.19002023	3.488
18.12641726	3.4936
18.06325753	3.5022
18.00053642	3.5066
17.93824937	3.5102
17.8763919	3.5129
17.81495958	3.522
17.75394803	3.5298
17.69335296	3.5369
17.63317011	3.5449
17.57339529	3.5549
17.51402436	3.5652
17.45505324	3.5798
17.39647791	3.5945
17.3382944	3.6164
17.28049878	3.6465
17.2230872	3.6833
17.16605584	3.7309
17.10940093	3.7944
17.05311876	3.8569
16.99720566	3.9189
16.94165801	3.9714
16.88647225	4.0066
16.83167317	4.0176
16.77720046	4.0076
16.72307919	3.9834
16.66930597	3.948
16.61587747	3.9123
16.56279037	3.8896
16.51004141	3.8762
16.45762737	3.8552
16.40554507	3.823
16.35379138	3.793
16.30236319	3.7663
16.25125744	3.7402
16.20047111	3.7107
16.15000121	3.6816
16.0998448	3.6609
16.04999896	3.6462
16.00048641	3.634
15.95125297	3.6304
15.90232158	3.6404
15.85368947	3.6467
15.80535391	3.6401
15.75731218	3.6243
15.70956162	3.6035
15.6620996	3.574
15.61492349	3.5474
15.56803074	3.522
15.52141878	3.4968
15.47508511	3.4809
15.42902725	3.4685
15.38324273	3.4507
15.33772913	3.4426
15.29248405	3.4421
15.24750513	3.4443
15.20279002	3.4543
15.1583364	3.4788
15.114142	3.5185
15.07020455	3.564
15.02652181	3.6245
14.98309158	3.7038
14.93991168	3.761
14.89700213	3.7829
14.85431629	3.7959
14.81187438	3.7956
14.76967431	3.7834
14.72771402	3.7656
14.68599147	3.7456
14.64450465	3.7234
14.60325156	3.7024
14.56223023	3.6875
14.52143873	3.676
14.48087511	3.6589
14.44053748	3.6421
14.40042395	3.6262
14.36053266	3.6096
14.32086177	3.5954
14.28140946	3.582
14.24217393	3.5669
14.20315338	3.5505
14.16434607	3.5361
14.12575025	3.5242
14.0873642	3.5095
14.0491862	3.4966
14.01121458	3.4902
13.97344765	3.4829
13.93590321	3.4734
13.89854065	3.4692
13.8613779	3.4648
13.82441336	3.4575
13.78764544	3.4524
13.75107258	3.4534
13.71469324	3.4548
13.67850587	3.4482
13.64250897	3.4404
13.60670103	3.4394
13.57108057	3.4355
13.53564612	3.4338
13.50039624	3.4394
13.46532947	3.4399
13.4304444	3.4355
13.39573962	3.4419
13.36121373	3.4495
13.32686536	3.4434
13.29269314	3.4382
13.25869572	3.4402
13.22487175	3.4363
13.19121992	3.4282
13.15773892	3.4241
13.12442745	3.4128
13.09130135	3.4001
13.05832501	3.3892
13.02551438	3.3804
12.99286821	3.3701
12.96038529	3.3621
12.92806437	3.3535
12.89590426	3.3489
12.86390376	3.342
12.83206168	3.3267
12.80037684	3.3086
12.7688481	3.291
12.73747429	3.2739
12.70625427	3.258
12.67518693	3.24
12.64427113	3.2239
12.61350579	3.2112
12.58290562	3.2026
12.55243781	3.2014
12.52211719	3.2012
12.4919427	3.1977
12.46191328	3.1943
12.43202789	3.1985
12.40228549	3.2007
12.37268507	3.1977
12.34322561	3.1965
12.31390609	3.2053
12.28472554	3.2183
12.25568296	3.2309
12.22677738	3.2436
12.19800782	3.2576
12.16937334	3.2722
12.14087298	3.2888
12.1125058	3.3052
12.08427087	3.3162
12.05616727	3.3203
12.02819409	3.3288
12.00035041	3.3455
11.97263534	3.3669
11.945048	3.3865
11.9175875	3.4036
11.8902671	3.4243
11.86305761	3.4414
11.83597236	3.4543
11.80901051	3.4687
11.78217122	3.4805
11.75545365	3.4809
11.72885698	3.4724
11.70238038	3.47
11.67602305	3.4661
11.64978419	3.4563
11.62366299	3.448
11.59765866	3.446
11.57177043	3.4451
11.54599752	3.4404
11.52033916	3.4355
11.49479458	3.4326
11.46936304	3.4302
11.44404378	3.428
11.41883606	3.4226
11.39373914	3.4182
11.3687523	3.4121
11.34387482	3.4031
11.31910597	3.394
11.29444505	3.3821
11.26990406	3.3694
11.24545684	3.3581
11.22111545	3.3476
11.19687921	3.3342
11.17274743	3.3218
11.14871946	3.3101
11.12479461	3.2981
11.10097222	3.2883
11.07725165	3.28
11.05363222	3.2727
11.03011331	3.2627
11.00669427	3.2549
10.98337447	3.2471
10.96015327	3.2385
10.93703005	3.2317
10.9140042	3.2236
10.89107509	3.2156
10.86824213	3.2104
10.8455047	3.2065
10.82286221	3.2014
10.80031407	3.1973
10.77785969	3.1912
10.75549848	3.1855
10.73322986	3.1794
10.71106474	3.1746
10.68897956	3.1719
10.66698525	3.1667
10.64508128	3.1604
10.62326708	3.157
10.6015421	3.1523
10.5799058	3.1467
10.55835763	3.1438
10.53689705	3.1387
10.51552354	3.1316
10.49423657	3.1277
10.4730356	3.125
10.45192012	3.124
10.43088962	3.1238
10.40994358	3.124
10.38908149	3.1243
10.36830285	3.1272
10.34760717	3.1287
10.32699394	3.1284
10.30646267	3.1309
10.28601287	3.1355
10.26564407	3.1392
10.24535578	3.1413
10.22514752	3.1457
10.20502924	3.1504
10.1849796	3.157
10.16500858	3.166
10.14511574	3.1765
10.12530059	3.1853
10.10556271	3.1934
10.08590162	3.2034
10.0663169	3.2195
10.04680808	3.2371
10.02737473	3.2556
10.00801642	3.2783
9.98873271	3.3037
9.969523168	3.3298
9.950387369	3.3608
9.931324888	3.3992
9.912335307	3.4429
9.893427994	3.4924
9.874582922	3.5493
9.855809507	3.6194
9.83710734	3.7053
9.818476015	3.801
9.799915133	3.8823
9.781424293	3.8979
9.7630031	3.832
9.744651161	3.7615
9.726368087	3.7908
9.70815349	3.9275
9.690006986	4.0991
9.671928196	4.2524
9.653916739	4.3694
9.635972241	4.4448
9.618094328	4.4809
9.600282632	4.4792
9.582536785	4.4495
9.564856422	4.4001
9.547241181	4.3398
9.529690704	4.28
9.512204634	4.2285
9.494782617	4.1831
9.477424301	4.1431
9.460138288	4.1118
9.4429063	4.0867
9.425736975	4.0676
9.408629972	4.0552
9.391584952	4.0498
9.374601579	4.0496
9.35767952	4.0537
9.340818443	4.062
9.324018018	4.0776
9.307277919	4.0984
9.290597822	4.1269
9.273977405	4.1572
9.257416348	4.1863
9.240914333	4.2134
9.224471046	4.2344
9.208086173	4.249
9.191759404	4.26
9.17549043	4.2676
9.159278945	4.2732
9.143124645	4.2749
9.127027227	4.2754
9.110986392	4.2737
9.095001842	4.2693
9.079073281	4.2656
9.06320863	4.2585
9.04739114	4.249
9.031628764	4.237
9.015921215	4.2231
9.000268208	4.2085
8.984669459	4.1958
8.969124685	4.1875
8.953633608	4.1811
8.93819595	4.177
8.922811435	4.1765
8.907479789	4.1748
8.89220074	4.1745
8.876974017	4.1787
8.861799353	4.1853
8.846676481	4.1904
8.831605135	4.1921
8.816585054	4.1924
8.801615977	4.1899
8.786697643	4.1826
8.771829795	4.1736
8.757012178	4.1648
8.742244536	4.1567
8.727526619	4.1479
8.712858175	4.1384
8.69824652	4.1274
8.683676252	4.1135
8.669154714	4.0991
8.654681663	4.0847
8.640256858	4.0745
8.625880055	4.0688
8.611551018	4.0666
8.597269507	4.0703
8.583035287	4.0764
8.568848124	4.084
8.554707784	4.093
8.540614036	4.1035
8.52656665	4.1147
8.512565398	4.1243
8.498610052	4.1348
8.484700388	4.1453
8.470836182	4.154
8.45701721	4.1601
8.443243252	4.1645
8.429514089	4.1665
8.415829502	4.168
8.402189274	4.1719
8.388593191	4.1826
8.375041038	4.1999
8.361539594	4.2234
8.348074642	4.2554
8.334652987	4.2922
8.32127442	4.3306
8.307938734	4.3674
8.294645723	4.4028
8.281395183	4.435
8.268186911	4.4648
8.255020704	4.4924
8.241896361	4.5178
8.228813685	4.5422
8.215772476	4.5644
8.202772537	4.584
8.189813674	4.605
8.176895691	4.6274
8.164018395	4.6496
8.151188239	4.6667
8.138391724	4.677
8.125635323	4.6853
8.11291885	4.6926
8.100242116	4.6955
8.087604937	4.6973
8.075007126	4.7004
8.062448501	4.7024
8.049928879	4.7034
8.037448078	4.7068
8.025005918	4.7107
8.012602221	4.7151
8.000236807	4.72
7.9879095	4.7248
7.975620124	4.7307
7.963368505	4.7361
7.951154468	4.7414
7.938977841	4.748
7.926838452	4.7561
7.914736131	4.7641
7.902670708	4.7688
7.890642014	4.7712
7.878649883	4.7739
7.866694148	4.7754
7.854780812	4.7781
7.842897355	4.7805
7.831049799	4.781
7.819237984	4.7807
7.807461747	4.7781
7.795720929	4.7744
7.784015369	4.7695
7.772344909	4.7646
7.760709391	4.761
7.749108659	4.7566
7.737542556	4.7515
7.726010929	4.7453
7.714513623	4.7392
7.703050485	4.7322
7.691621363	4.7256
7.680226106	4.7217
7.668864563	4.7163
7.657536586	4.7095
7.646242025	4.7041
7.634980733	4.6999
7.623752563	4.6941
7.61255737	4.6865
7.601395008	4.6807
7.590265333	4.6763
7.579173946	4.6731
7.568109199	4.6697
7.557076711	4.6662
7.546076342	4.6628
7.535107952	4.6606
7.524171401	4.6601
7.51326655	4.6582
7.502393263	4.6538
7.491551403	4.6482
7.480740833	4.6438
7.469961418	4.6404
7.459213023	4.6379
7.448495516	4.6355
7.437808762	4.6311
7.42715263	4.6255
7.416526989	4.6196
7.405931707	4.6145
7.395366655	4.6096
7.384831703	4.6025
7.374326724	4.594
7.363851589	4.5862
7.353406171	4.5776
7.342990345	4.5679
7.332603984	4.5588
7.322252325	4.5525
7.311924506	4.5454
7.30162578	4.5383
7.291356025	4.5317
7.281115117	4.5242
7.270902937	4.5171
7.260719363	4.5105
7.250564275	4.5034
7.240437554	4.4973
7.230339081	4.4924
7.220268738	4.4883
7.210226408	4.4834
7.200211974	4.4814
7.19022532	4.4812
7.18026633	4.4795
7.17033489	4.4778
7.160436013	4.478
7.150559317	4.477
7.140709829	4.478
7.130887439	4.48
7.121092034	4.479
7.111323503	4.48
7.101581735	4.4805
7.091866622	4.4792
7.082178053	4.4778
7.07251592	4.4766
7.062880115	4.4748
7.053270531	4.4702
7.04368706	4.468
7.034129597	4.4704
7.024598035	4.4707
7.01509227	4.4687
7.005612196	4.4648
6.99615771	4.459
6.986728709	4.4548
6.977325089	4.4495
6.967946748	4.4402
6.958593585	4.4328
6.949265497	4.4309
6.939962385	4.4238
6.930688952	4.4153
6.921435478	4.4048
6.912206681	4.3921
6.903002461	4.3796
6.893822721	4.3694
6.884667364	4.3564
6.875536292	4.3391
6.866429409	4.3191
6.857346618	4.3081
6.848287825	4.3003
6.839252935	4.2873
6.830241852	4.2724
6.821254483	4.2598
6.812290735	4.2478
6.803350514	4.2322
6.794433728	4.2131
6.785540285	4.1995
6.776670093	4.1897
6.767823062	4.1789
6.7589991	4.1687
6.750198118	4.1567
6.741420026	4.1455
6.732664735	4.1348
6.723932156	4.1245
6.715226709	4.1152
6.706539278	4.1106
6.697874296	4.1091
6.689231675	4.1059
6.680611329	4.1062
6.672013173	4.1125
6.663437121	4.1206
6.654883087	4.1269
6.646350987	4.1272
6.637840737	4.1299
6.629352253	4.1438
6.620885451	4.1562
6.612440248	4.1631
6.604016563	4.1702
6.595614312	4.1743
6.587233415	4.1789
6.578873789	4.1802
6.570535354	4.1848
6.56221803	4.1926
6.553921736	4.1963
6.545646392	4.2004
6.537391921	4.2036
6.529158241	4.2021
6.520945276	4.1982
6.512757189	4.199
6.504585407	4.1943
6.496434107	4.1831
6.488303211	4.1807
6.480192643	4.1802
6.472102327	4.177
6.464032186	4.1731
6.455982145	4.166
6.44795213	4.1582
6.439942066	4.1484
6.431951879	4.1367
6.423981494	4.1213
6.416030838	4.1028
6.408099838	4.0959
6.400188422	4.0933
6.392296516	4.0837
6.384424048	4.0701
6.376570948	4.0535
6.368737143	4.0383
6.360922563	4.0242
6.353127136	4.0049
6.345350793	3.9834
6.337593464	3.969
6.329855078	3.9529
6.322139564	3.9304
6.314438848	3.9072
6.30675687	3.8826
6.29909356	3.8577
6.291448851	3.831
6.283822676	3.8025
6.276214965	3.7727
6.268625654	3.7414
6.261054675	3.709
6.253501961	3.6743
6.245967447	3.6394
6.238451067	3.6055
6.230952756	3.573
6.223472449	3.5427
6.21601008	3.5161
6.208565585	3.4941
6.201142747	3.4756
6.1937338	3.457
6.186342535	3.4404
6.178968891	3.4333
6.171612803	3.4258
6.164274209	3.4145
6.156953047	3.4026
6.149649255	3.3909
6.14236277	3.3791
6.135093533	3.3669
6.12784148	3.3528
6.120606552	3.335
6.113388688	3.3205
6.106187828	3.3157
6.099003911	3.3113
6.091836878	3.3079
6.084686669	3.3059
6.077553226	3.3047
6.070436489	3.3105
6.063336399	3.3232
6.056252899	3.3318
6.049185931	3.344
6.042135436	3.3718
6.035101357	3.3994
6.02808727	3.425
6.021085843	3.4504
6.01410066	3.4758
6.007131667	3.5049
6.000178805	3.531
5.99324202	3.5527
5.986321256	3.5762
5.979416457	3.5996
5.972527568	3.6177
5.965654534	3.6374
5.9587973	3.6584
5.951955813	3.6758
5.945130017	3.6885
5.938319859	3.6955
5.931525286	3.7126
5.924746243	3.7329
5.917982678	3.7471
5.911234538	3.7605
5.904501769	3.77
5.89778432	3.7754
5.891082139	3.7869
5.884395172	3.7944
5.87772337	3.8059
5.871066679	3.821
5.864428488	3.8293
5.85780186	3.8396
5.851190191	3.8496
5.84459343	3.8579
5.838011527	3.8652
5.831444431	3.8716
5.824892094	3.8769
5.818354465	3.8884
5.811831494	3.9023
5.805323133	3.9123
5.798829332	3.9216
5.792350043	3.9304
5.785885217	3.939
5.779434806	3.9465
5.772998761	3.9495
5.766577035	3.9526
5.760169579	3.9668
5.753776347	3.9778
5.747397291	3.9851
5.741032364	3.9939
5.734681519	4.0037
5.728344709	4.0117
5.722021888	4.0183
5.715713009	4.0237
5.709421287	4.0312
5.703140149	4.0405
5.696872816	4.0481
5.690619242	4.0549
5.684379382	4.0632
5.678153192	4.071
5.671940626	4.0806
5.66574164	4.0911
5.659556189	4.0996
5.653384229	4.1077
5.647225716	4.114
5.641080605	4.1225
5.634948854	4.136
5.628830419	4.1472
5.622725256	4.1553
5.616633323	4.1643
5.610557723	4.1748
5.604492113	4.1821
5.598439603	4.1904
5.592400152	4.199
5.586373717	4.2053
5.580360257	4.2109
5.574359729	4.2204
5.568372092	4.2305
5.562397304	4.2375
5.556435324	4.2444
5.550486112	4.2527
5.544549625	4.2612
5.538625823	4.27
5.532714665	4.2783
5.526816112	4.2856
5.520930122	4.2937
5.515056656	4.3022
5.509195674	4.311
5.503347136	4.3193
5.497511002	4.3254
5.491687233	4.3318
5.48587579	4.3386
5.480076633	4.3447
5.474289725	4.3516
5.468518015	4.3569
5.462755479	4.3635
5.457005076	4.3721
5.451266765	4.3784
5.445540511	4.3828
5.439826274	4.3887
5.434124016	4.396
5.428433701	4.4014
5.422755291	4.4058
5.417088748	4.4138
5.411434035	4.4214
5.405791116	4.4275
5.400159953	4.4343
5.394540509	4.4399
5.388932749	4.4451
5.383336635	4.4502
5.377752132	4.4558
5.372179203	4.4612
5.366617813	4.467
5.361067925	4.4719
5.355529504	4.4758
5.350002515	4.4807
5.344486921	4.489
5.338982689	4.4953
5.333492627	4.5002
5.328011006	4.5058
5.32254064	4.512
5.317081497	4.5161
5.31163354	4.5198
5.306196736	4.5237
5.30077105	4.5276
5.295356449	4.5317
5.289952898	4.5366
5.284560364	4.541
5.279178813	4.5442
5.273808212	4.5474
5.268448526	4.5498
5.263099724	4.553
5.257761771	4.5564
5.252434635	4.5598
5.247118283	4.5622
5.241812682	4.5644
5.236517799	4.5666
5.231233603	4.5691
5.225960061	4.5713
5.220697141	4.5723
5.21544481	4.5735
5.210203036	4.5774
5.204974498	4.5803
5.19975374	4.5813
5.194543444	4.5837
5.189343579	4.5842
5.184154115	4.5847
5.178975019	4.5849
5.173806261	4.5864
5.168647809	4.5876
5.163499634	4.5876
5.158361704	4.5876
5.153233989	4.5874
5.148116459	4.5879
5.143009082	4.5879
5.137911829	4.5879
5.13282467	4.5884
5.127747575	4.5881
5.122680514	4.5869
5.117623458	4.5862
5.112576376	4.5864
5.107539239	4.5862
5.102512018	4.5859
5.097494683	4.5852
5.092487206	4.5845
5.087489558	4.5832
5.082504292	4.5815
5.077526209	4.5793
5.072557868	4.5776
5.06759924	4.5757
5.062650297	4.573
5.057711011	4.5715
5.052781354	4.5696
5.047861297	4.5664
5.042950812	4.564
5.038049872	4.5615
5.033158448	4.5586
5.028276513	4.5561
5.023404039	4.5542
5.018541	4.553
5.013687367	4.5515
5.008843113	4.5493
5.004010715	4.5461
4.999185133	4.5422
4.994368849	4.5373
4.989561837	4.5332
4.984764069	4.5303
4.979975518	4.5268
4.97519616	4.5217
4.970425966	4.5183
4.96566491	4.5149
4.960912967	4.5083
4.95617011	4.5029
4.951436313	4.4973
4.94671155	4.491
4.941995795	4.4861
4.937289023	4.4812
4.932591209	4.4761
4.927902325	4.4714
4.923222347	4.4661
4.918551251	4.4617
4.913889009	4.4582
4.909235598	4.4565
4.904590991	4.4543
4.899955165	4.4526
4.895328095	4.4524
4.890712146	4.4534
4.886102507	4.4538
4.88150155	4.4551
4.876909249	4.457
4.87232558	4.4575
4.86775052	4.4587
4.863184043	4.4604
4.858626126	4.4612
4.854076745	4.4607
4.849535875	4.4587
4.845003493	4.457
4.840479575	4.4546
4.835964098	4.4521
4.831457037	4.4487
4.826958369	4.446
4.822468072	4.4433
4.81798612	4.4404
4.813512492	4.4387
4.809047164	4.4385
4.804590113	4.438
4.800141316	4.4382
4.79570075	4.4387
4.791268392	4.4387
4.78684422	4.4397
4.782430498	4.4407
4.778022625	4.4412
4.773622869	4.4419
4.769231209	4.4426
4.764847623	4.4441
4.760472086	4.4443
4.756104579	4.4443
4.751745078	4.4446
4.747393562	4.4431
4.743050009	4.4419
4.738714396	4.4399
4.734386703	4.4385
4.730066907	4.4363
4.725754987	4.4341
4.721450921	4.4316
4.717154688	4.4294
4.712866266	4.4265
4.708585635	4.425
4.704312773	4.4245
4.700047658	4.4236
4.695790271	4.4233
4.691540589	4.4224
4.687298593	4.4214
4.68306426	4.4206
4.67883976	4.4189
4.67462069	4.4182
4.670409221	4.4175
4.666205334	4.4165
4.662009009	4.4148
4.657820224	4.4131
4.65363896	4.4119
4.649465195	4.4109
4.645298911	4.4082
4.641140087	4.406
4.636988702	4.4023
4.632844738	4.3996
4.628708174	4.3984
4.62457899	4.3957
4.620457167	4.3926
4.616342684	4.3899
4.612235523	4.3879
4.608135664	4.3865
4.604043086	4.3848
4.599957772	4.3828
4.595879702	4.3813
4.591808856	4.3806
4.587745215	4.3801
4.58368876	4.3796
4.57964157	4.3794
4.575599426	4.3791
4.571564412	4.3794
4.567536508	4.3818
4.563515696	4.3843
4.559501956	4.3852
4.555495271	4.386
4.551495621	4.3872
4.547502989	4.3887
4.543517355	4.3894
4.539538701	4.3911
4.535567009	4.3923
4.531602261	4.3938
4.527644439	4.3957
4.523693523	4.3962
4.519749497	4.3979
4.515814382	4.4001
4.511884077	4.4033
4.507960608	4.4045
4.504043956	4.406
4.500134104	4.4079
4.496231034	4.4106
4.492334729	4.4121
4.488445171	4.4133
4.484562343	4.4153
4.480686226	4.4177
4.476816804	4.4197
4.47295406	4.4211
4.469097975	4.4236
4.465248534	4.4248
4.461405718	4.4265
4.45756951	4.4282
4.453739894	4.4304
4.449916853	4.4321
4.44610037	4.4341
4.442290427	4.4348
4.438487009	4.436
4.434690097	4.4372
4.430899676	4.4385
4.42711573	4.4397
4.423340197	4.4409
4.419569145	4.4421
4.415804518	4.4443
4.412046298	4.446
4.408294471	4.4482
4.404549018	4.4495
4.400809925	4.4519
4.397077175	4.4536
4.393350752	4.4551
4.389630639	4.4558
4.385916821	4.456
4.382209282	4.4565
4.378508006	4.457
4.374812977	4.4575
4.371124179	4.4585
4.367441596	4.4592
4.363765214	4.4575
4.360095015	4.4565
4.356430985	4.4575
4.352773108	4.457
4.349121369	4.4565
4.345475751	4.4568
4.341836241	4.4573
4.338202821	4.4587
4.334577357	4.4599
4.330956072	4.4599
4.327340832	4.4599
4.323731623	4.4597
4.320128429	4.4597
4.316531235	4.4595
4.312940028	4.4595
4.30935479	4.4592
4.305775509	4.4592
4.302202168	4.4592
4.298634754	4.459
4.29507325	4.459
4.291517644	4.4587
4.287967919	4.4587
4.284424062	4.4585
4.280886058	4.4585
4.277353892	4.4585
4.27382755	4.4582
4.270307018	4.4582
4.266792281	4.458
4.263283325	4.458
4.259780136	4.4578
4.256282699	4.4578
4.252791	4.4575
4.249306832	4.4575
4.245826565	4.4575
4.242351994	4.4573
4.238883105	4.4573
4.235419885	4.457
4.231962319	4.457
4.228510393	4.4568
4.225064094	4.4568
4.221623408	4.4568
4.218188322	4.4565
4.214758821	4.4565
4.211334892	4.4563
4.207916522	4.4563
4.204503696	4.456
4.201096402	4.456
4.197694626	4.4558
4.194300114	4.4548
4.190909331	4.4541
4.187524026	4.4534
4.184144186	4.4538
4.180769797	4.4541
4.177400846	4.4534
4.174037321	4.4538
4.170679208	4.4531
4.167326493	4.4521
4.163979165	4.4521
4.16063721	4.4524
4.157300615	4.4529
4.153969367	4.4529
4.150643454	4.4534
4.147322862	4.4529
4.144007579	4.4529
4.140697592	4.4526
4.137392888	4.4524
4.134093455	4.4534
4.130799281	4.4538
4.127510352	4.4536
4.124226656	4.4529
4.120948181	4.4526
4.117674914	4.4531
4.114408535	4.4548
4.111145645	4.4565
4.107887925	4.4575
4.104635365	4.4578
4.101387951	4.459
4.098145671	4.4595
4.094908514	4.4602
4.091676466	4.4614
4.088449517	4.4619
4.085227653	4.4619
4.082010864	4.4634
4.078799136	4.4641
4.075592459	4.4643
4.072390819	4.4651
4.069194206	4.4656
4.066002607	4.4651
4.062816011	4.4653
4.059634406	4.4643
4.056457779	4.4631
4.053286121	4.4621
4.050119418	4.4607
4.046957659	4.4597
4.043800833	4.459
4.040648928	4.457
4.037503563	4.457
4.034361463	4.4556
4.031224251	4.4534
4.028091913	4.4521
4.024964439	4.4499
4.021841819	4.4477
4.018724039	4.4453
4.01561109	4.4441
4.012502959	4.4426
4.009399637	4.4412
4.00630111	4.4385
4.00320737	4.4353
4.000118404	4.4348
3.997034201	4.4328
3.99395475	4.4292
3.990880041	4.4258
3.987810062	4.4243
3.984744803	4.4228
3.981684252	4.4216
3.9786284	4.4197
3.975577234	4.4175
3.972530744	4.4153
3.96948892	4.4128
3.966451751	4.4106
3.963420797	4.4079
3.960392903	4.4058
3.957369631	4.4023
3.954350972	4.4009
3.951336915	4.3987
3.948327449	4.3972
3.945322564	4.395
3.942322249	4.3926
3.939326493	4.3901
3.936335288	4.3884
3.933348621	4.3865
3.930366483	4.384
3.927388864	4.3823
3.924415753	4.3799
3.921447139	4.3772
3.918483014	4.375
3.915523366	4.3728
3.912568186	4.3704
3.909617463	4.3696
3.906671188	4.3672
3.90372935	4.3635
3.900791939	4.3603
3.897858945	4.3579
3.894930359	4.3542
3.892007684	4.3506
3.889087881	4.3484
3.886172454	4.3454
3.883261396	4.3413
3.880354695	4.3374
3.877452343	4.3345
3.874554329	4.331
3.871660644	4.3276
3.868771278	4.3249
3.865886222	4.3223
3.863005465	4.3191
3.860128998	4.3144
3.857256812	4.3118
3.854388896	4.3086
3.851525243	4.3035
3.848665841	4.2995
3.845812161	4.2971
3.842961232	4.293
3.840114528	4.2886
3.837272037	4.2844
3.834433752	4.28
3.831599662	4.2761
3.828769759	4.2717
3.825944033	4.2666
3.823122474	4.2627
3.820305074	4.259
3.817491824	4.2549
3.814682714	4.2495
3.811877735	4.2451
3.809076878	4.2412
3.806280134	4.237
3.803487494	4.2312
3.800698949	4.2261
3.797914489	4.2212
3.795134107	4.2165
3.792357792	4.2119
3.789585537	4.206
3.786817332	4.2009
3.784053167	4.1955
3.781293036	4.1907
3.778538356	4.1858
3.77578626	4.1792
3.773038171	4.1736
3.770294079	4.168
3.767553976	4.1619
3.764817852	4.1565
3.7620857	4.1521
3.759357511	4.1457
3.756633275	4.1394
3.753912985	4.133
3.751196632	4.1272
3.748484207	4.1211
3.745775701	4.1157
3.743071107	4.1094
3.740370416	4.1035
3.73767362	4.0972
3.734980709	4.0908
3.732291676	4.0847
3.729606512	4.0784
3.726925208	4.0723
3.724247758	4.0666
3.721574151	4.0605
3.718904381	4.0549
3.716238438	4.0483
3.713577694	4.0405
3.71091938	4.0351
3.708264869	4.0293
3.705614154	4.0227
3.702967225	4.0159
3.700324074	4.0088
3.697684695	4.0022
3.695049078	3.9973
3.692417215	3.9924
3.689789099	3.9868
3.687164722	3.9809
3.684544075	3.9739
3.68192715	3.967
3.67931394	3.9607
3.676704437	3.9548
3.674098633	3.9477
3.67149652	3.9414
3.66889809	3.9355
3.666303336	3.9294
3.663712249	3.9233
3.661124822	3.9175
3.658541047	3.9119
3.655960916	3.9062
3.653384422	3.9001
3.65081289	3.8943
3.648243644	3.8882
3.645678012	3.8821
3.643115986	3.8757
3.640557559	3.8694
3.638002722	3.8638
3.635451469	3.8572
3.632903791	3.8506
3.630359682	3.8452
3.627819133	3.8398
3.625282138	3.8325
3.622748688	3.8262
3.620218777	3.8203
3.617692397	3.8144
3.615169541	3.8086
3.6126502	3.802
3.610135673	3.7964
3.607623341	3.7895
3.605114504	3.7829
3.602609154	3.7768
3.600107283	3.7703
3.597608885	3.7637
3.595113953	3.758
3.592622478	3.7527
3.590134454	3.7475
3.587649874	3.7417
3.585168731	3.7366
3.582691017	3.7305
3.580216725	3.7236
3.577745848	3.7173
3.57527838	3.7112
3.572814313	3.7048
3.57035364	3.698
3.567896354	3.6914
3.565442448	3.6853
3.562991916	3.6787
3.560544749	3.6709
3.558100942	3.6648
3.555660487	3.6592
3.553223378	3.6518
3.550790868	3.645
3.548360427	3.6387
3.545933311	3.6321
3.543509513	3.6257
3.541089027	3.6199
3.538671844	3.6128
3.53625796	3.6072
3.533847367	3.6011
3.531440058	3.5952
3.529036026	3.5889
3.526635266	3.5823
3.524237769	3.5759
3.52184353	3.5696
3.519452542	3.564
3.517064798	3.5579
3.514680292	3.5513
3.512299017	3.5439
3.509920967	3.5378
3.507546135	3.532
3.505174514	3.5244
3.502806098	3.5176
3.500440881	3.5112
3.498078855	3.5034
3.495720015	3.4954
3.493365575	3.4883
3.491013085	3.4819
3.488663762	3.4741
3.486317598	3.4665
3.483974588	3.46
3.481634725	3.4541
3.479298003	3.4468
3.476964415	3.4399
3.474633956	3.4326
3.472306619	3.4258
3.469982397	3.4187
3.467661284	3.4119
3.465343275	3.4053
3.463028363	3.3977
3.460716541	3.3892
3.458407804	3.3821
3.456102146	3.3762
3.453799559	3.3684
3.451500039	3.3613
3.449203579	3.3538
3.446910172	3.3459
3.444619814	3.3389
3.442332497	3.3298
3.440048216	3.3208
3.437768146	3.3137
3.435489916	3.3054
3.433214704	3.2976
3.430942504	3.2905
3.428673309	3.283
3.426407114	3.2744
3.424143913	3.2673
3.421883699	3.26
3.419626467	3.2527
3.417372212	3.2456
3.415120926	3.239
3.412872605	3.2314
3.410627242	3.2234
3.408384831	3.2158
3.406145367	3.2087
3.403908845	3.2004
3.401675257	3.1921
3.399444599	3.1841
3.397216864	3.1763
3.394992047	3.167
3.392770143	3.1589
3.390551144	3.1511
3.388335047	3.1416
3.386121844	3.1328
3.383912676	3.1252
3.381705245	3.1167
3.379500692	3.1089
3.377299012	3.1018
3.375100198	3.0942
3.372904246	3.0854
3.370711149	3.0759
3.368520903	3.0681
3.366333501	3.0605
3.364148938	3.053
3.361967208	3.0447
3.359788306	3.0366
3.357612227	3.0286
3.355438965	3.0212
3.353268515	3.0146
3.35110087	3.0073
3.348937148	2.9995
3.346775098	2.9919
3.344615837	2.9829
3.342459362	2.9756
3.340305665	2.9675
3.338154741	2.9592
3.336006587	2.9504
3.333861195	2.9414
3.33171856	2.9326
3.329578678	2.9248
3.327441544	2.9167
3.32530715	2.9094
3.323175494	2.9018
3.321046568	2.8921
3.318920368	2.8821
3.31679689	2.8743
3.314676126	2.8679
3.312558073	2.8599
3.310442725	2.8516
3.308330077	2.8442
3.306220124	2.8364
3.304112861	2.8284
3.302008281	2.821
3.299906382	2.8137
3.297808244	2.8061
3.295711686	2.7978
3.293617792	2.791
3.291526557	2.7842
3.289437976	2.7761
3.287352045	2.7678
3.285268756	2.7607
3.283188107	2.7544
3.281110091	2.7468
3.279034705	2.738
3.276961942	2.73
3.274891798	2.7229
3.272824267	2.7156
3.270759346	2.7082
3.268697029	2.7009
3.26663731	2.6929
3.264580186	2.6841
3.262525652	2.6777
3.260473701	2.6721
3.25842433	2.6645
3.256377534	2.6575
3.254333308	2.6509
3.252291646	2.6453
3.250252545	2.6394
3.248217054	2.633
3.246183057	2.6269
3.244151606	2.6206
3.242122696	2.6143
3.240096322	2.6081
3.238072479	2.6016
3.236051163	2.5952
3.234032369	2.5884
3.232016093	2.5835
3.230002329	2.5784
3.227991073	2.5718
3.22598232	2.5659
3.223976065	2.5596
3.221972305	2.5535
3.219971033	2.5476
3.217972246	2.541
3.215975939	2.5349
3.213982108	2.5295
3.211990747	2.5225
3.210001852	2.5161
3.208015419	2.5115
3.206031443	2.5063
3.204049919	2.5007
3.202070843	2.4939
3.200095235	2.4888
3.19812104	2.4829
3.196149279	2.4773
3.194179949	2.4722
3.192213043	2.4673
3.190248559	2.4617
3.18828649	2.4556
3.186326834	2.4499
3.184369586	2.4443
3.18241474	2.4402
3.180462293	2.437
3.17851224	2.4316
3.176564577	2.4255
3.1746193	2.4194
3.172676403	2.4131
3.170735883	2.4084
3.168797736	2.4038
3.166861956	2.3982
3.164928541	2.3935
3.162997484	2.3904
3.161068783	2.3857
3.159142432	2.3794
3.157218427	2.3733
3.155296765	2.3684
3.153378435	2.3625
3.151461443	2.3574
3.14954678	2.3538
3.147634443	2.3494
3.145724426	2.345
3.143816726	2.3396
3.141911338	2.3337
3.140008258	2.3281
3.138107483	2.3227
3.136209007	2.3181
3.134312827	2.3135
3.132418938	2.3091
3.130527337	2.3044
3.128638019	2.2986
3.126750981	2.2944
3.124866217	2.2886
3.122984699	2.2827
3.121104471	2.2788
3.119226507	2.2747
3.1173508	2.2695
3.115477349	2.2644
3.113606148	2.2595
3.111737193	2.2549
3.10987048	2.2515
3.108006006	2.2468
3.106143766	2.2412
3.104283756	2.238
3.102425973	2.2361
3.100570412	2.2324
3.098717069	2.2273
3.096865941	2.2231
3.095017023	2.219
3.093170311	2.217
3.091325802	2.2126
3.089483491	2.2095
3.087643375	2.2075
3.085805449	2.2048
3.08396971	2.2019
3.082136155	2.2007
3.080304778	2.1985
3.078476524	2.1968
3.076649492	2.1951
3.074824627	2.1938
3.073001926	2.1921
3.071181385	2.1912
3.069363	2.1904
3.067546766	2.1885
3.065732681	2.187
3.06392074	2.1865
3.06211094	2.187
3.060303276	2.187
3.058497745	2.1868
3.056694344	2.1855
3.054893068	2.1843
3.053093914	2.1846
3.051296877	2.186
3.049501955	2.1863
3.047709144	2.186
3.045918439	2.186
3.044129837	2.1858
3.042343335	2.186
3.040558928	2.1863
3.038776613	2.1865
3.036996386	2.187
3.035219166	2.1877
3.033443104	2.188
3.031669119	2.1863
3.029897208	2.1853
3.028127367	2.1855
3.026359592	2.1868
3.02459388	2.1865
3.022830228	2.1868
3.021068631	2.1887
3.019309085	2.1904
3.017551589	2.1899
3.015796137	2.1887
3.014042726	2.1897
3.012291354	2.1914
3.010542015	2.1926
3.008794707	2.1936
3.007049426	2.1953
3.005306169	2.1963
3.003564931	2.1985
3.00182571	2.2004
3.000088503	2.2017
2.998353304	2.2036
2.996620112	2.2053
2.994888923	2.2068
2.993160628	2.2085
2.991433432	2.2114
2.989708228	2.2141
2.987985013	2.2156
2.986263784	2.2178
2.984544536	2.2222
2.982827267	2.2251
2.981111973	2.228
2.97939865	2.231
2.977687296	2.2344
2.975977906	2.238
2.974270478	2.2414
2.972565009	2.2454
2.970861493	2.2498
2.96915993	2.2559
2.967460314	2.2612
2.965763522	2.2649
2.964067792	2.2685
2.962373999	2.2754
2.960682141	2.281
2.958992215	2.2861
2.957304216	2.291
2.955618142	2.2971
2.95393399	2.3037
2.952251756	2.3101
2.950571437	2.3152
2.94889303	2.3218
2.947216531	2.3301
2.945541937	2.3357
2.943869245	2.3418
2.942198452	2.3481
2.940529554	2.3562
2.938862549	2.364
2.937197432	2.3706
2.935534201	2.3791
2.933872853	2.3877
2.932213384	2.3955
2.930555792	2.4055
2.928900072	2.4143
2.927246222	2.4231
2.925595095	2.4316
2.923944975	2.4397
2.922296715	2.4502
2.920650312	2.4619
2.919005763	2.4719
2.917363066	2.4831
2.915722216	2.4951
2.91408321	2.5051
2.912446047	2.5164
2.910810722	2.5293
2.909177232	2.542
2.907545575	2.5542
2.905915747	2.5674
2.904287745	2.5823
2.902661566	2.5957
2.901037208	2.6101
2.899414666	2.6255
2.897793938	2.6423
2.896175022	2.658
2.894557913	2.6748
2.892942609	2.6916
2.891329106	2.7092
2.889717403	2.7278
2.888107495	2.7473
2.886500214	2.7666
2.884893888	2.7856
2.883289349	2.8061
2.881686594	2.8262
2.880085619	2.8469
2.878486423	2.8691
2.876889001	2.8921
2.875293352	2.9133
2.873699471	2.9338
2.872107357	2.9558
2.870517006	2.9783
2.868928415	3.0015
2.867341582	3.0259
2.865756502	3.0483
2.864173175	3.0703
2.862591596	3.0937
2.861011762	3.1172
2.859433672	3.1409
2.857857321	3.1643
2.856282708	3.1877
2.854709829	3.2104
2.853138681	3.2346
2.851569261	3.259
2.850001568	3.2832
2.848436408	3.3069
2.846872156	3.3323
2.845309621	3.3562
2.8437488	3.3813
2.842189691	3.4072
2.840632291	3.4331
2.839076596	3.4582
2.837522604	3.4831
2.835970313	3.5098
2.834419719	3.5361
2.83287082	3.564
2.831323613	3.5906
2.829778094	3.6169
2.828234263	3.645
2.826692114	3.6721
2.825151647	3.6985
2.823612858	3.7251
2.822075744	3.7517
2.820540303	3.7788
2.819006531	3.8049
2.817474427	3.8325
2.815943987	3.8601
2.81441521	3.8874
2.812888091	3.915
2.811363418	3.9414
2.809839609	3.9675
2.80831745	3.9939
2.806796939	4.0198
2.805278075	4.0437
2.803760853	4.0681
2.802245271	4.0945
2.800731327	4.1199
2.799219018	4.145
2.797708341	4.1682
2.796199294	4.1909
2.794691874	4.2143
2.793186078	4.238
2.791681905	4.26
2.79017935	4.281
2.788678412	4.3015
2.787179865	4.322
2.785682151	4.3423
2.784186046	4.3628
2.782691547	4.3833
2.781198652	4.4043
2.779707358	4.4245
2.778217662	4.4431
2.776729562	4.4602
2.775243056	4.477
2.77375814	4.4946
2.772274812	4.511
2.77079307	4.5259
2.769312911	4.5417
2.767834333	4.5571
2.766357333	4.5713
2.764881908	4.5859
2.763408056	4.5986
2.761935774	4.6125
2.760465061	4.6267
2.758995913	4.6391
2.757528328	4.6494
2.756062304	4.6589
2.754597837	4.6748
2.753134926	4.6914
2.751674325	4.7014
2.750214517	4.7139
2.748756257	4.728
2.747299542	4.7407
2.74584437	4.7532
2.74439074	4.7651
2.742938647	4.7737
2.741488091	4.7817
2.740039067	4.7905
2.738591575	4.8049
2.737145611	4.8183
2.735701174	4.8257
2.73425826	4.8359
2.732816867	4.8481
2.731376994	4.8569
2.729938636	4.8655
2.728501793	4.8733
2.727066462	4.8791
2.72563264	4.883
2.724200325	4.8913
2.722769514	4.8979
2.721340206	4.9021
2.719912397	4.9116
2.718486086	4.9233
2.717062008	4.9292
2.715638684	4.9348
2.714216851	4.9407
2.712796505	4.9411
2.711377646	4.9426
2.709960269	4.9482
2.708544374	4.9556
2.707129958	4.9619
2.705717018	4.9646
2.704305552	4.9678
2.702895558	4.9687
2.701487034	4.9702
2.700079976	4.9734
2.698674384	4.9753
2.697270255	4.9763
2.695867585	4.9773
2.694466374	4.9765
2.693066619	4.9785
2.691668318	4.9824
2.690271467	4.9849
2.688876066	4.9873
2.687482111	4.988
2.686089602	4.9885
2.684698534	4.989
2.683309626	4.9897
2.681921436	4.9907
2.680534681	4.988
2.679149359	4.9861
2.677765469	4.9858
2.676383008	4.9853
2.675001973	4.9892
2.673622363	4.9917
2.672244175	4.9851
2.670867407	4.9773
2.669492057	4.9814
2.668118123	4.9819
2.666745602	4.9778
2.665374493	4.977
2.664004793	4.9824
2.6626365	4.9858
2.66127032	4.9858
2.659904834	4.9861
2.658540748	4.9858
2.657178061	4.9851
2.65581677	4.9831
2.654456873	4.9822
2.653098368	4.9805
2.651741253	4.9802
2.650385525	4.9827
2.649031183	4.9817
2.647678224	4.9802
2.646326647	4.9778
2.644976449	4.9775
2.643627628	4.977
2.642280182	4.9768
2.640934109	4.9751
2.639589407	4.9719
2.638246073	4.9707
2.636904106	4.9709
2.635563503	4.968
2.634224263	4.9648
2.632886383	4.9612
2.631549862	4.9558
2.630214697	4.9548
2.628881577	4.9573
2.627549117	4.9551
2.626218007	4.9541
2.624888245	4.9558
2.62355983	4.9573
2.622232758	4.9536
2.620907028	4.9477
2.619582638	4.949
2.618259585	4.9497
2.616937869	4.9465
2.615617486	4.9487
2.614298435	4.9514
2.612980713	4.9534
2.61166432	4.9516
2.610349252	4.9504
2.609035507	4.9504
2.607723085	4.9463
2.606411982	4.9424
2.605102197	4.9436
2.603793727	4.9458
2.602486572	4.947
2.601180728	4.9475
2.599876194	4.9495
2.598572968	4.948
2.597271722	4.9414
2.595971105	4.9326
2.59467179	4.9336
2.593373774	4.9419
2.592077057	4.9468
2.590781636	4.9487
2.589487509	4.9465
2.588194675	4.946
2.58690313	4.9468
2.585612874	4.9463
2.584323905	4.9443
2.58303622	4.9451
2.581749817	4.947
2.580464695	4.9521
2.579180852	4.9524
2.577898286	4.9521
2.576616995	4.9516
2.575336976	4.9521
2.574058229	4.9495
2.572780751	4.9514
2.571504541	4.9551
2.570229596	4.9534
2.568955915	4.9534
2.567683495	4.9529
2.566412994	4.9531
2.565143091	4.9534
2.563874445	4.9524
2.562607053	4.9524
2.561340913	4.9534
2.560076024	4.9556
2.558812384	4.957
2.55754999	4.9582
2.556288841	4.9597
2.555028936	4.9604
2.553770272	4.959
2.552512847	4.9614
2.55125666	4.9636
2.550001709	4.9617
2.548747991	4.9619
2.547495506	4.9629
2.546244252	4.9651
2.544994225	4.9658
2.543745426	4.9656
2.542497852	4.9673
2.5412515	4.9673
2.54000637	4.968
2.53876246	4.9704
2.537519767	4.9704
2.536278934	4.9687
2.535038671	4.9707
2.53379962	4.9717
2.53256178	4.9724
2.531325149	4.9709
2.530089725	4.9709
2.528855506	4.9702
2.52762249	4.9704
2.526390677	4.9726
2.525160064	4.9748
2.523930648	4.9726
2.52270243	4.9741
2.521475406	4.9746
2.520249575	4.9746
2.519024936	4.9753
2.517801486	4.9751
2.516579857	4.9758
2.515358781	4.9756
2.514138889	4.9773
2.512920179	4.9778
2.511702651	4.9785
2.510486301	4.977
2.50927113	4.9773
2.508057134	4.9773
2.506844312	4.9773
2.505632662	4.9773
2.504422183	4.9768
2.503212874	4.977
2.502004731	4.9761
2.500797754	4.9773
2.499591942	4.9787
2.498387291	4.9785
2.497183801	4.9783
2.49598147	4.979
2.494780296	4.9792
2.493580278	4.9797
2.492381413	4.9802
2.491183701	4.9809
2.489987139	4.9797
2.488791726	4.9795
2.48759808	4.98
2.486404959	4.9814
2.485212983	4.9819
2.484022149	4.9819
2.482832455	4.9834
2.4816439	4.9812
2.480456483	4.9802
2.479270202	4.9802
2.478085055	4.98
2.47690104	4.9792
2.475718156	4.9797
2.474536402	4.9807
2.473355775	4.9809
2.472176274	4.9787
2.470997898	4.9765
2.469820644	4.9753
2.468644512	4.9736
2.467469499	4.9724
2.466295604	4.9729
2.465122826	4.9717
2.463951163	4.97
2.462780612	4.969
2.461611174	4.9675
2.460442845	4.9665
2.45927623	4.9668
2.458110116	4.968
2.456945108	4.9673
2.455781204	4.9648
2.454618401	4.9651
2.4534567	4.9653
2.452296097	4.9646
2.451136592	4.9624
2.449978183	4.9624
2.448820868	4.9607
2.447664646	4.9575
2.446509516	4.9556
2.445355475	4.9563
2.444202523	4.9556
2.443050657	4.9543
2.441899876	4.9538
2.440750179	4.9548
2.439601564	4.9534
2.43845403	4.9495
2.437307575	4.9487
2.436162197	4.9487
2.435017895	4.9495
2.433874668	4.9487
2.432732513	4.9473
2.431592022	4.9465
2.430452008	4.947
2.429313063	4.9453
2.428175185	4.9424
2.427038372	4.9424
2.425902624	4.9424
2.424767938	4.9397
2.423634312	4.9385
2.422501747	4.9387
2.421370239	4.9355
2.420239788	4.9358
2.419110392	4.935
2.417982049	4.9321
2.416854758	4.9304
2.415728518	4.9314
2.414603328	4.9297
2.413479185	4.9282
2.412356088	4.9285
2.411234036	4.925
2.410113027	4.9236
2.40899306	4.9238
2.407874134	4.9245
2.406756246	4.9211
2.405639396	4.9211
2.40452416	4.9194
2.40340938	4.9194
2.402295634	4.918
2.401182919	4.9158
2.400071234	4.9182
2.398960578	4.9175
2.39785095	4.9155
2.396742348	4.917
2.39563477	4.9167
2.394528216	4.916
2.393422683	4.9143
2.392318171	4.9126
2.391214677	4.9123
2.390112201	4.914
2.389010742	4.9111
2.387910297	4.9097
2.386811435	4.9116
2.385713014	4.9116
2.384615605	4.9109
2.383519204	4.9111
2.382423811	4.9116
2.381329425	4.9101
2.380236043	4.9121
2.379143665	4.9126
2.37805229	4.9106
2.376961915	4.9114
2.375872539	4.9119
2.374784162	4.9099
2.373696781	4.9097
2.372610396	4.9104
2.371525004	4.9084
2.370440606	4.9097
2.369357198	4.9114
2.368274781	4.9101
2.367193351	4.9084
2.366112909	4.9109
2.365033453	4.9106
2.363954982	4.9077
2.362877493	4.9072
2.361800987	4.9092
2.360726018	4.9075
2.35965147	4.905
2.3585779	4.9077
2.357505307	4.9057
2.356433688	4.905
2.355363044	4.9077
2.354293372	4.9072
2.353224671	4.9067
2.35215694	4.9062
2.351090177	4.905
2.350024382	4.9053
2.348959552	4.9067
2.347895687	4.905
2.346832785	4.9026
2.345770845	4.9028
2.344709866	4.9018
2.343649846	4.9023
2.342590784	4.9028
2.341532678	4.9011
2.340475528	4.8994
2.339419333	4.8992
2.33836409	4.8987
2.337309798	4.9001
2.336256457	4.8999
2.335204611	4.8992
2.334153166	4.8974
2.333102667	4.8955
2.332053114	4.8948
2.331004504	4.896
2.329956838	4.895
2.328910112	4.8933
2.327864326	4.8923
2.32681948	4.8935
2.325775571	4.895
2.324732598	4.8935
2.32369056	4.8921
2.322649456	4.8916
2.321609284	4.8945
2.320570043	4.8943
2.319531733	4.8916
2.318494351	4.8918
2.317457897	4.8921
2.316422369	4.8913
2.315387766	4.8909
2.314354087	4.8882
2.31332133	4.8862
2.312289495	4.885
2.31125858	4.8848
2.310229117	4.8857
2.309200038	4.8835
2.308171875	4.8833
2.307144627	4.883
2.306118293	4.8816
2.305092872	4.8816
2.304068363	4.8796
2.303044763	4.8765
2.302022073	4.8767
2.301000291	4.8777
2.299979415	4.8779
2.298959445	4.8747
2.297940379	4.875
2.296922216	4.876
2.295904955	4.8733
2.294888595	4.8708
2.29387366	4.8713
2.292859097	4.8728
2.291845431	4.873
2.29083266	4.8703
2.289820785	4.8664
2.288809803	4.8647
2.287799713	4.8642
2.286790515	4.8638
2.285782206	4.863
2.284774786	4.8623
2.283768254	4.8601
2.282762608	4.8603
2.281757848	4.8596
2.280753972	4.8569
2.279750978	4.855
2.278748867	4.8552
2.277747636	4.8535
2.276747284	4.8528
2.275747811	4.8547
2.274749215	4.8525
2.273751494	4.8516
2.272754649	4.8501
2.271758677	4.8508
2.270763578	4.8506
2.269769866	4.8501
2.268776508	4.8464
2.267784019	4.8447
2.266792398	4.844
2.265801644	4.8425
2.264811756	4.8408
2.263822732	4.8393
2.262834571	4.8369
2.261847273	4.8367
2.260860836	4.8357
2.259875259	4.8345
2.258890541	4.831
2.257906681	4.8306
2.256923678	4.8313
2.25594153	4.8281
2.254960236	4.8271
2.253979796	4.8271
2.253000208	4.8259
2.252021471	4.8235
2.251043584	4.8242
2.250066546	4.8227
2.249090355	4.8198
2.248115012	4.8181
2.247140514	4.8186
2.246167365	4.8169
2.245194554	4.814
2.244222586	4.8147
2.243251458	4.8149
2.242281171	4.8127
2.241311723	4.8108
2.240343113	4.8115
2.23937534	4.8105
2.238408402	4.8066
2.237442299	4.8037
2.23647703	4.8022
2.235512593	4.8022
2.234548988	4.802
2.233586213	4.7998
2.232624267	4.8005
2.231663149	4.7983
2.230702859	4.7971
2.229743394	4.7952
2.228784755	4.7964
2.22782694	4.7947
2.226869947	4.7908
2.225913777	4.7883
2.224958427	4.7891
2.224003896	4.7886
2.223050679	4.7864
2.222097785	4.7829
2.221145707	4.7837
2.220194445	4.7825
2.219243997	4.7798
2.218294362	4.7795
2.21734554	4.7773
2.21639753	4.7761
2.215450329	4.7761
2.214503938	4.7722
2.213558355	4.7705
2.212613579	4.7703
2.211669609	4.77
2.210726445	4.7666
2.209784084	4.7666
2.208842527	4.7663
2.207901771	4.7646
2.206961817	4.7624
2.206022662	4.7627
2.205084307	4.7622
2.204146749	4.7627
2.203209989	4.7605
2.202274024	4.7568
2.201338854	4.7571
2.200404963	4.7576
2.199471379	4.7529
2.198538587	4.75
2.197606587	4.7536
2.196675376	4.7519
2.195744954	4.7473
2.194815319	4.7451
2.193886472	4.7471
2.192958411	4.7495
2.192031134	4.749
2.191104641	4.7463
2.190178931	4.7434
2.189254003	4.7419
2.188329856	4.7417
2.187406488	4.7439
2.1864839	4.7405
2.185562567	4.7368
2.184641533	4.7395
2.183721275	4.7375
2.182801792	4.7344
2.181883083	4.7339
2.180965147	4.7336
2.180047983	4.7307
2.17913159	4.7297
2.178215967	4.7297
2.177301113	4.7285
2.176387028	4.7292
2.175473709	4.7261
2.174561157	4.7266
2.17364937	4.7275
2.172738348	4.7278
2.171828089	4.7226
2.170918592	4.7222
2.170009856	4.7195
2.169101881	4.718
2.168194666	4.7202
2.167288209	4.72
2.166382509	4.7163
2.165477567	4.7129
2.16457338	4.717
2.163670416	4.7178
2.162767737	4.7197
2.161865811	4.7156
2.160964637	4.7151
2.160064214	4.7146
2.159164542	4.7126
2.158265618	4.7114
2.157367442	4.7124
2.156470014	4.7099
2.155573332	4.708
2.154677395	4.7087
2.153782203	4.708
2.152887754	4.7051
2.151994048	4.7041
2.151101084	4.7016
2.150208861	4.7012
2.149317377	4.7007
2.148426632	4.699
2.147536625	4.6985
2.146647355	4.6985
2.145758822	4.6968
2.144871024	4.6955
2.14398396	4.6958
2.143097629	4.6916
2.14221249	4.6936
2.141327623	4.6924
2.140443487	4.6892
2.139560081	4.6872
2.138677403	4.6863
2.137795454	4.6863
2.136914232	4.6865
2.136033736	4.6843
2.135153965	4.6821
2.134274919	4.6819
2.133396596	4.6792
2.132518995	4.6741
2.131642117	4.676
2.130765959	4.6765
2.129890521	4.678
2.129015803	4.6797
2.128141802	4.6755
2.127268519	4.6728
2.126395952	4.6714
2.125524101	4.6702
2.124652964	4.6658
2.123782542	4.6641
2.122912832	4.665
2.122043834	4.6641
2.121175997	4.666
2.12030842	4.6665
2.119441553	4.6658
2.118575394	4.6609
2.117709942	4.6582
2.116845198	4.6582
2.115981159	4.6562
2.115117826	4.6575
2.114255197	4.6565
2.113393271	4.6526
2.112532047	4.6484
2.111671525	4.6482
2.110811704	4.6501
2.109952583	4.6506
2.109094161	4.6457
2.108236437	4.6431
2.107379855	4.644
2.106523524	4.6435
2.105667889	4.6387
2.104812949	4.6389
2.103958703	4.6401
2.103105151	4.6396
2.10225229	4.6372
2.101400121	4.6323
2.100548642	4.6348
2.099697853	4.6357
2.098847754	4.6328
2.097998342	4.6328
2.097149617	4.6287
2.096301579	4.6274
2.095454226	4.6277
2.094607559	4.6247
2.093761575	4.6245
2.092916274	4.6225
2.092071655	4.6225
2.091227718	4.6238
2.090384461	4.6191
2.089541885	4.6186
2.088699987	4.6142
2.087858767	4.614
2.08701866	4.6128
2.086178794	4.6125
2.085339604	4.6106
2.084501088	4.6103
2.083663247	4.6103
2.082826078	4.6108
2.081989583	4.6081
2.081153758	4.6079
2.080318605	4.6084
2.079484122	4.6072
