Name: Brass plate
Type: Manmade materials
Class: Reflectance target
Subclass: 
Particle Size: Solid
Sample No.: SN: ILF-17464-2-1
Owner: JPL
Wavelength range: IR
Origin: Labsphere, P.O. Box 70, Shaker Street, North Sutton, NH 03260
(603) 927-4266
Description: Measurement made at bottom center. Field Brass 2.
Measured Oct. 30th 1997 to Nov. 2nd 1997.




Measurement: Hemispherical Reflectance
First Column: X
Second Column: Y
X Units: Wavelength (micrometers)
Y Units: Reflectence (percent)
First X Value: 15.3853
Last X Value: 2.00032
Number of X Values: 2256
Additional information: None.
 
15.3853	86.4328
15.3397	86.3533
15.2945	86.315
15.2495	86.4563
15.2048	86.5728
15.1603	86.5916
15.1161	86.5694
15.0722	86.5254
15.0285	86.5045
14.9851	86.5908
14.9419	86.59
14.8989	86.3965
14.8563	86.3418
14.8138	86.3957
14.7716	86.4593
14.7296	86.4763
14.6879	86.4457
14.6464	86.4248
14.6052	86.3945
14.5641	86.4731
14.5233	86.5283
14.4828	86.5373
14.4424	86.5243
14.4023	86.5481
14.3624	86.6566
14.3227	86.6221
14.2833	86.5263
14.244	86.5188
14.205	86.4447
14.1662	86.4362
14.1276	86.4207
14.0892	86.3438
14.051	86.3535
14.0131	86.5144
13.9753	86.5265
13.9377	86.3682
13.9004	86.4017
13.8632	86.4227
13.8262	86.4596
13.7895	86.4525
13.7529	86.4249
13.7165	86.3726
13.6803	86.3203
13.6443	86.2734
13.6085	86.2351
13.5729	86.2847
13.5374	86.2998
13.5022	86.3666
13.4671	86.3347
13.4322	86.2881
13.3975	86.328
13.363	86.3836
13.3286	86.4282
13.2944	86.4037
13.2604	86.3308
13.2266	86.3458
13.193	86.4008
13.1595	86.4059
13.1262	86.3855
13.093	86.2939
13.06	86.2281
13.0272	86.3074
12.9946	86.2913
12.9621	86.2099
12.9298	86.1734
12.8976	86.2398
12.8656	86.1665
12.8337	86.022
12.8021	86.01
12.7705	86.0433
12.7391	85.986
12.7079	85.9448
12.6769	85.9254
12.6459	85.8796
12.6152	85.9091
12.5845	85.9194
12.5541	85.9727
12.5238	85.9401
12.4936	85.8591
12.4635	85.8457
12.4337	85.842
12.4039	85.9281
12.3743	86.0009
12.3448	85.9688
12.3155	85.9038
12.2863	85.8436
12.2573	85.8753
12.2284	85.9112
12.1996	85.9185
12.171	85.8904
12.1425	85.8637
12.1141	85.9242
12.0859	85.9655
12.0578	85.9556
12.0298	85.9487
12.0019	85.9955
11.9742	86.0474
11.9466	85.9977
11.9192	85.9475
11.8918	85.9784
11.8646	85.9781
11.8375	85.947
11.8106	85.904
11.7837	85.9438
11.757	86.0213
11.7304	85.9962
11.7039	85.958
11.6776	85.9231
11.6513	85.9379
11.6252	85.928
11.5992	85.9329
11.5733	85.8711
11.5475	85.87
11.5219	86.0047
11.4963	86.0688
11.4709	86.0537
11.4455	86.0087
11.4203	85.9243
11.3952	85.9486
11.3702	85.9659
11.3454	85.9288
11.3206	85.8058
11.2959	85.7176
11.2714	85.665
11.2469	85.6228
11.2226	85.6583
11.1983	85.665
11.1742	85.7347
11.1502	85.857
11.1263	85.8723
11.1024	85.8175
11.0787	85.7066
11.0551	85.6631
11.0316	85.6371
11.0081	85.5952
10.9848	85.659
10.9616	85.6787
10.9385	85.6768
10.9154	85.5861
10.8925	85.5088
10.8697	85.642
10.8469	85.7481
10.8243	85.6218
10.8017	85.5409
10.7793	85.5615
10.7569	85.6288
10.7346	85.6806
10.7125	85.6627
10.6904	85.6552
10.6684	85.6742
10.6465	85.7163
10.6247	85.6146
10.6029	85.4764
10.5813	85.5144
10.5597	85.6501
10.5383	85.6085
10.5169	85.5089
10.4956	85.5558
10.4744	85.6189
10.4533	85.5702
10.4323	85.5119
10.4113	85.544
10.3904	85.5486
10.3697	85.5122
10.349	85.5534
10.3284	85.4856
10.3078	85.4514
10.2874	85.5903
10.267	85.6305
10.2467	85.5451
10.2265	85.4886
10.2064	85.4912
10.1863	85.4655
10.1663	85.4185
10.1464	85.478
10.1266	85.5348
10.1069	85.5456
10.0872	85.5553
10.0676	85.5214
10.0481	85.4656
10.0287	85.48
10.0093	85.4699
9.99005	85.4804
9.97084	85.4497
9.95169	85.4122
9.93263	85.3574
9.91364	85.3623
9.89472	85.3671
9.87587	85.342
9.8571	85.2831
9.83839	85.2326
9.81976	85.262
9.80119	85.2921
9.78271	85.2191
9.76428	85.1685
9.74592	85.1857
9.72764	85.2463
9.70943	85.3255
9.69128	85.333
9.6732	85.2958
9.65518	85.1902
9.63724	85.0549
9.61935	85.0652
9.60155	85.1333
9.5838	85.1955
9.56611	85.1329
9.5485	85.0971
9.53094	85.1906
9.51345	85.2373
9.49604	85.2202
9.47867	85.2687
9.46137	85.2509
9.44414	85.1524
9.42697	85.1758
9.40986	85.2031
9.39281	85.251
9.37583	85.286
9.35891	85.249
9.34204	85.2615
9.32524	85.2902
9.3085	85.3696
9.29182	85.3772
9.27519	85.409
9.25863	85.4184
9.24213	85.3133
9.22568	85.2309
9.2093	85.3012
9.19297	85.4098
9.17669	85.4749
9.16048	85.5019
9.14433	85.5146
9.12823	85.4737
9.11218	85.4723
9.0962	85.51
9.08027	85.5431
9.06439	85.6062
9.04858	85.6897
9.03281	85.6982
9.0171	85.6572
9.00145	85.7014
8.98585	85.7578
8.9703	85.6951
8.9548	85.7069
8.93937	85.7283
8.92398	85.6488
8.90865	85.6154
8.89337	85.662
8.87814	85.7108
8.86296	85.7221
8.84784	85.7159
8.83277	85.646
8.81774	85.5825
8.80277	85.5258
8.78786	85.5321
8.77298	85.5649
8.75816	85.5232
8.7434	85.5239
8.72868	85.5511
8.714	85.5623
8.69938	85.6272
8.68481	85.6495
8.67029	85.5854
8.65581	85.5531
8.64139	85.4765
8.62701	85.5051
8.61268	85.568
8.5984	85.4749
8.58416	85.4156
8.56997	85.5243
8.55583	85.546
8.54174	85.5048
8.52769	85.5362
8.51368	85.5993
8.49973	85.6016
8.48582	85.6454
8.47195	85.6213
8.45813	85.5345
8.44436	85.5559
8.43062	85.6293
8.41693	85.5951
8.4033	85.5724
8.3897	85.6128
8.37614	85.6009
8.36264	85.5616
8.34917	85.6226
8.33574	85.6492
8.32236	85.5592
8.30903	85.4792
8.29573	85.528
8.28248	85.5269
8.26927	85.5055
8.2561	85.5623
8.24298	85.5759
8.2299	85.5532
8.21685	85.5669
8.20385	85.5572
8.19089	85.6488
8.17797	85.6966
8.16509	85.6603
8.15225	85.6278
8.13946	85.6464
8.1267	85.5871
8.11398	85.5964
8.10131	85.6909
8.08867	85.6851
8.07606	85.7277
8.0635	85.7377
8.05099	85.6958
8.0385	85.6548
8.02606	85.7126
8.01366	85.7623
8.00129	85.8189
7.98896	85.8964
7.97667	85.8913
7.96442	85.8897
7.9522	85.9373
7.94002	86.0049
7.92788	86.0834
7.91578	86.1511
7.90371	86.1869
7.89168	86.2637
7.87969	86.331
7.86773	86.391
7.85581	86.3974
7.84392	86.3759
7.83207	86.4897
7.82026	86.607
7.80849	86.6057
7.79674	86.5996
7.78503	86.6343
7.77337	86.729
7.76173	86.7619
7.75012	86.8114
7.73856	86.7893
7.72703	86.7746
7.71553	86.7545
7.70406	86.7276
7.69263	86.771
7.68123	86.8093
7.66987	86.7862
7.65855	86.813
7.64725	86.8511
7.63598	86.8637
7.62475	86.904
7.61356	86.9233
7.60239	86.9617
7.59126	87.0047
7.58017	87.0099
7.5691	86.9926
7.55806	87.0002
7.54707	87.0213
7.5361	86.9944
7.52516	86.9929
7.51425	86.9825
7.50338	86.9849
7.49253	87.0078
7.48172	87.0432
7.47094	87.0624
7.46019	87.1154
7.44947	87.1054
7.43879	87.0874
7.42813	87.1103
7.4175	87.1014
7.4069	87.0812
7.39634	87.0697
7.3858	87.0761
7.37529	87.0455
7.36482	87.0505
7.35437	87.1602
7.34396	87.2451
7.33357	87.1649
7.32321	86.9968
7.31288	87.0105
7.30258	87.0636
7.29231	87.0901
7.28207	87.2165
7.27185	87.268
7.26167	87.0985
7.25152	87.027
7.24139	87.0312
7.23129	87.0316
7.22122	87.0468
7.21117	87.1677
7.20116	87.1382
7.19117	87.0246
7.18121	87.1295
7.17128	87.3011
7.16137	87.2261
7.1515	87.1497
7.14164	87.1089
7.13182	87.0179
7.12203	87.0329
7.11225	87.0493
7.10251	87.049
7.0928	87.0576
7.08311	86.9963
7.07344	86.9743
7.06381	87.0928
7.0542	87.4042
7.04461	87.6497
7.03506	87.3294
7.02552	87.1552
7.01601	87.0992
7.00653	87.1032
6.99708	87.2089
6.98765	87.207
6.97824	87.1698
6.96886	87.3811
6.95951	87.6128
6.95018	87.2561
6.94087	87.1061
6.9316	87.1705
6.92234	87.1478
6.91311	87.24
6.90391	87.3131
6.89473	87.2264
6.88557	87.2805
6.87644	87.5015
6.86733	88.1389
6.85824	88.0413
6.84918	87.4184
6.84015	87.2117
6.83114	87.3849
6.82215	87.409
6.81319	87.2132
6.80424	87.2137
6.79532	87.6584
6.78643	87.822
6.77756	87.5063
6.76871	87.3008
6.75989	87.1424
6.75109	87.1322
6.74231	87.1193
6.73355	87.1643
6.72482	87.3172
6.71611	87.5033
6.70742	87.4217
6.69875	87.1441
6.69011	87.2944
6.68149	87.5744
6.67289	87.4139
6.66431	87.1864
6.65576	87.1745
6.64722	87.74
6.63871	88.4663
6.63022	88.1502
6.62175	87.502
6.61331	87.2742
6.60488	87.2545
6.59648	87.4914
6.5881	87.5874
6.57974	87.7828
6.5714	88.0012
6.56308	87.6242
6.55478	87.5412
6.54651	87.4262
6.53825	87.2301
6.53001	87.3115
6.5218	87.6078
6.51361	87.4232
6.50544	87.4715
6.49729	88.2741
6.48915	88.4102
6.48104	87.8441
6.47295	87.4497
6.46488	87.1899
6.45683	87.1886
6.4488	87.2275
6.44079	87.2753
6.4328	87.4275
6.42482	87.7011
6.41687	88.4786
6.40894	88.2083
6.40103	87.2155
6.39314	86.9326
6.38526	86.9071
6.37741	87.0165
6.36957	87.1675
6.36176	86.9284
6.35396	87.0154
6.34618	87.54
6.33843	87.2793
6.33069	86.8406
6.32297	86.7911
6.31527	86.7347
6.30758	86.707
6.29992	86.7074
6.29227	86.7348
6.28465	86.6984
6.27704	86.7057
6.26945	86.7141
6.26188	86.7076
6.25432	86.7078
6.24679	86.7614
6.23927	86.7318
6.23177	86.6342
6.22429	86.5741
6.21683	86.6581
6.20938	86.709
6.20195	86.7087
6.19454	86.8529
6.18715	87.3192
6.17978	87.111
6.17242	86.7557
6.16508	86.9184
6.15776	86.9999
6.15045	86.8263
6.14317	86.8036
6.1359	86.7681
6.12864	86.7436
6.12141	87.1706
6.11419	87.7302
6.10699	87.4159
6.0998	87.0371
6.09263	86.9623
6.08549	87.0144
6.07835	87.4984
6.07123	87.7734
6.06413	87.4106
6.05705	87.7234
6.04998	88.7034
6.04293	88.0294
6.0359	87.176
6.02888	87.0622
6.02187	87.174
6.01489	87.3719
6.00792	87.2565
6.00096	87.2111
5.99403	87.5189
5.98711	87.5912
5.9802	87.4006
5.97331	87.5405
5.96644	87.5669
5.95958	87.2168
5.95274	87.2123
5.94591	87.4203
5.9391	88.1359
5.9323	87.9963
5.92552	87.3348
5.91876	87.1804
5.91201	87.1375
5.90528	87.3039
5.89856	87.8871
5.89186	87.8777
5.88517	88.0764
5.8785	88.1472
5.87184	87.4356
5.8652	87.391
5.85857	87.2784
5.85196	87.1267
5.84536	87.1084
5.83878	87.2327
5.83221	87.4713
5.82566	87.8929
5.81912	87.8312
5.81259	87.275
5.80608	87.0636
5.79959	87.0979
5.79311	87.1135
5.78665	87.168
5.78019	87.193
5.77376	87.4627
5.76734	88.0149
5.76093	87.6237
5.75453	87.2468
5.74815	87.371
5.74179	87.2132
5.73543	87.1294
5.7291	87.1419
5.72277	87.2592
5.71646	87.3345
5.71017	87.4009
5.70389	87.1692
5.69762	87.054
5.69136	87.0992
5.68513	87.0414
5.6789	87.1507
5.67268	87.1313
5.66648	86.96
5.6603	87.0594
5.65413	87.1738
5.64797	87.264
5.64182	87.4327
5.63569	87.1998
5.62957	86.9675
5.62347	86.9363
5.61737	87.0183
5.61129	86.9936
5.60522	86.9789
5.59917	86.9455
5.59313	86.8957
5.5871	87.0307
5.58109	87.3003
5.57509	87.2142
5.5691	86.9719
5.56312	86.9725
5.55716	87.026
5.55121	87.0002
5.54528	86.9256
5.53935	86.8842
5.53344	86.8307
5.52754	86.8597
5.52166	86.8566
5.51578	86.8072
5.50992	86.8053
5.50407	86.9018
5.49823	86.9164
5.49241	86.8549
5.4866	86.8329
5.4808	86.956
5.47501	86.9974
5.46923	87.0558
5.46347	87.0756
5.45772	86.8971
5.45198	86.7941
5.44625	86.8002
5.44054	86.8281
5.43484	86.7849
5.42914	86.8329
5.42347	87.079
5.4178	87.0308
5.41214	86.8313
5.4065	86.731
5.40087	86.7317
5.39525	86.8135
5.38964	86.854
5.38404	86.7956
5.37846	86.6995
5.37288	86.7071
5.36732	86.73
5.36177	86.7773
5.35623	86.9339
5.35071	87.0138
5.34519	86.8781
5.33968	86.78
5.33419	86.7439
5.32871	86.7809
5.32324	86.8141
5.31778	86.7733
5.31233	86.747
5.30689	86.7802
5.30147	86.8196
5.29605	86.8754
5.29065	86.8886
5.28525	86.803
5.27987	86.8101
5.2745	86.7846
5.26914	86.7834
5.26379	86.7925
5.25845	86.7762
5.25312	86.7162
5.24781	86.7016
5.2425	86.7667
5.23721	86.8071
5.23192	86.7937
5.22665	86.8042
5.22138	86.8265
5.21613	86.9302
5.21089	86.9237
5.20566	86.8173
5.20044	86.7978
5.19522	86.738
5.19002	86.7377
5.18483	86.7574
5.17965	86.7564
5.17448	86.7709
5.16933	86.8362
5.16418	86.8247
5.15904	86.7786
5.15391	86.7831
5.14879	86.8308
5.14368	86.8165
5.13859	86.7824
5.1335	86.7622
5.12842	86.7597
5.12335	86.7998
5.1183	86.849
5.11325	86.8835
5.10821	86.8361
5.10318	86.8311
5.09817	86.8525
5.09316	86.8567
5.08816	86.8842
5.08317	86.8424
5.07819	86.8032
5.07322	86.8499
5.06826	86.8313
5.06331	86.8113
5.05837	86.8165
5.05344	86.8086
5.04852	86.7829
5.04361	86.7543
5.03871	86.7786
5.03382	86.8882
5.02894	86.9309
5.02406	86.8711
5.0192	86.799
5.01435	86.7218
5.0095	86.8001
5.00467	86.8649
4.99984	86.8356
4.99502	86.7685
4.99021	86.7608
4.98542	86.7677
4.98063	86.7422
4.97585	86.7914
4.97108	86.8623
4.96632	86.8441
4.96156	86.8217
4.95682	86.854
4.95209	86.7973
4.94736	86.794
4.94264	86.8213
4.93794	86.8327
4.93324	86.8662
4.92855	86.8658
4.92387	86.8541
4.9192	86.8077
4.91453	86.788
4.90988	86.8504
4.90524	86.866
4.9006	86.8564
4.89597	86.8274
4.89135	86.806
4.88674	86.7821
4.88214	86.787
4.87755	86.8152
4.87296	86.81
4.86839	86.8273
4.86382	86.8387
4.85926	86.784
4.85471	86.8076
4.85017	86.8226
4.84564	86.8354
4.84111	86.8238
4.8366	86.846
4.83209	86.8761
4.82759	86.9371
4.8231	86.9442
4.81862	86.9254
4.81415	86.8594
4.80968	86.7906
4.80522	86.8017
4.80077	86.8025
4.79633	86.7641
4.7919	86.7814
4.78747	86.8503
4.78306	86.8232
4.77865	86.8354
4.77425	86.8866
4.76986	86.8465
4.76547	86.8439
4.7611	86.9025
4.75673	86.8328
4.75237	86.8021
4.74802	86.8658
4.74367	86.86
4.73934	86.8037
4.73501	86.8177
4.73069	86.8698
4.72638	86.8529
4.72207	86.8183
4.71777	86.8391
4.71348	86.8467
4.7092	86.9243
4.70493	86.9069
4.70066	86.7933
4.69641	86.735
4.69216	86.7808
4.68791	86.8187
4.68368	86.8165
4.67945	86.8144
4.67523	86.8076
4.67102	86.832
4.66682	86.8523
4.66262	86.8393
4.65843	86.8758
4.65425	86.8646
4.65007	86.7944
4.64591	86.7974
4.64175	86.8504
4.6376	86.8549
4.63345	86.813
4.62932	86.7218
4.62519	86.7116
4.62106	86.8198
4.61695	86.8586
4.61284	86.8234
4.60874	86.8308
4.60465	86.8473
4.60056	86.8786
4.59648	86.8742
4.59241	86.8319
4.58835	86.8452
4.58429	86.8624
4.58024	86.8496
4.5762	86.8567
4.57216	86.8555
4.56814	86.8576
4.56411	86.8651
4.5601	86.8908
4.55609	86.9278
4.55209	86.924
4.5481	86.8324
4.54411	86.7832
4.54013	86.7794
4.53616	86.8048
4.5322	86.8443
4.52824	86.8335
4.52429	86.806
4.52034	86.8385
4.51641	86.8278
4.51247	86.7608
4.50855	86.7966
4.50463	86.824
4.50072	86.8107
4.49682	86.8026
4.49292	86.8025
4.48903	86.8044
4.48515	86.7833
4.48127	86.7911
4.4774	86.7976
4.47354	86.8088
4.46968	86.8007
4.46584	86.7663
4.46199	86.7881
4.45815	86.8295
4.45432	86.8352
4.4505	86.7913
4.44668	86.7608
4.44287	86.7267
4.43907	86.7524
4.43527	86.8088
4.43148	86.8314
4.4277	86.8638
4.42392	86.8449
4.42015	86.8318
4.41638	86.7896
4.41262	86.7335
4.40887	86.7224
4.40513	86.7282
4.40139	86.7684
4.39765	86.7706
4.39393	86.7296
4.39021	86.7737
4.38649	86.8301
4.38278	86.8231
4.37908	86.8169
4.37539	86.7959
4.3717	86.8092
4.36801	86.8284
4.36434	86.7593
4.36067	86.7504
4.357	86.7927
4.35335	86.7765
4.34969	86.7561
4.34605	86.7955
4.34241	86.8278
4.33877	86.8225
4.33514	86.7849
4.33152	86.7757
4.32791	86.8028
4.3243	86.8638
4.32069	86.8944
4.3171	86.9012
4.31351	86.8887
4.30992	86.7941
4.30634	86.7443
4.30277	86.8051
4.2992	86.8464
4.29564	86.8361
4.29208	86.8807
4.28853	86.9308
4.28499	86.9395
4.28145	86.9134
4.27792	86.8919
4.27439	86.9029
4.27087	86.9019
4.26735	86.8915
4.26384	86.8956
4.26034	86.8321
4.25684	86.7841
4.25335	86.885
4.24986	86.9724
4.24638	86.9359
4.24291	86.893
4.23944	86.914
4.23598	86.9387
4.23252	86.9083
4.22906	86.9253
4.22562	86.9871
4.22218	86.9267
4.21874	86.8975
4.21531	86.9023
4.21189	86.8886
4.20847	86.8338
4.20506	86.7321
4.20165	86.7009
4.19825	86.7436
4.19485	86.7829
4.19146	86.811
4.18807	86.7806
4.18469	86.6947
4.18132	86.7157
4.17795	86.7074
4.17458	86.6795
4.17123	86.7244
4.16787	86.7852
4.16453	86.7647
4.16118	86.7336
4.15785	86.7245
4.15451	86.7095
4.15119	86.7327
4.14787	86.7758
4.14455	86.785
4.14124	86.7415
4.13794	86.7351
4.13464	86.7179
4.13134	86.7097
4.12805	86.6922
4.12477	86.7191
4.12149	86.7827
4.11822	86.7635
4.11495	86.7109
4.11168	86.6645
4.10843	86.6677
4.10517	86.6529
4.10192	86.6571
4.09868	86.6827
4.09545	86.7154
4.09221	86.7237
4.08899	86.7084
4.08576	86.6833
4.08255	86.6748
4.07933	86.6397
4.07613	86.6862
4.07292	86.7368
4.06973	86.6873
4.06654	86.7075
4.06335	86.7359
4.06017	86.7069
4.05699	86.7289
4.05382	86.7576
4.05065	86.7424
4.04749	86.7283
4.04433	86.7034
4.04118	86.6781
4.03803	86.6593
4.03489	86.6705
4.03175	86.7001
4.02862	86.7323
4.02549	86.7487
4.02237	86.7301
4.01925	86.7106
4.01614	86.6896
4.01303	86.7036
4.00993	86.7532
4.00683	86.6946
4.00373	86.6084
4.00064	86.6077
3.99756	86.6413
3.99448	86.7146
3.9914	86.7613
3.98833	86.7263
3.98527	86.7244
3.98221	86.7514
3.97915	86.746
3.9761	86.7045
3.97305	86.641
3.97001	86.6623
3.96697	86.7524
3.96394	86.7805
3.96091	86.7507
3.95789	86.6657
3.95487	86.6427
3.95186	86.629
3.94885	86.6185
3.94584	86.6433
3.94284	86.6756
3.93984	86.6741
3.93685	86.6492
3.93386	86.6316
3.93088	86.678
3.9279	86.7086
3.92493	86.7504
3.92196	86.7317
3.919	86.7058
3.91604	86.684
3.91308	86.6718
3.91013	86.6467
3.90718	86.6379
3.90424	86.627
3.9013	86.653
3.89837	86.6696
3.89544	86.6675
3.89252	86.6957
3.8896	86.6799
3.88668	86.676
3.88377	86.7067
3.88086	86.6624
3.87796	86.628
3.87506	86.6153
3.87217	86.6326
3.86928	86.6359
3.86639	86.5583
3.86351	86.6033
3.86064	86.627
3.85776	86.611
3.8549	86.6102
3.85203	86.649
3.84917	86.7343
3.84631	86.7626
3.84346	86.7213
3.84062	86.6956
3.83777	86.7343
3.83494	86.7043
3.8321	86.6709
3.82927	86.6164
3.82644	86.5859
3.82362	86.5895
3.82081	86.6207
3.81799	86.6522
3.81518	86.6846
3.81238	86.6749
3.80958	86.5559
3.80678	86.5504
3.80399	86.6368
3.8012	86.6676
3.79841	86.6081
3.79563	86.592
3.79286	86.5859
3.79008	86.637
3.78731	86.7152
3.78455	86.7336
3.78179	86.7014
3.77903	86.6057
3.77628	86.5337
3.77353	86.6076
3.77079	86.6612
3.76805	86.6118
3.76531	86.6048
3.76258	86.6031
3.75985	86.5855
3.75713	86.5504
3.7544	86.536
3.75169	86.637
3.74898	86.6702
3.74627	86.6343
3.74356	86.5952
3.74086	86.5845
3.73816	86.6044
3.73547	86.6137
3.73278	86.6367
3.7301	86.6226
3.72741	86.6104
3.72474	86.6101
3.72206	86.5972
3.71939	86.5853
3.71673	86.5385
3.71406	86.5669
3.71141	86.5614
3.70875	86.5394
3.7061	86.5716
3.70345	86.6113
3.70081	86.5966
3.69817	86.5951
3.69553	86.6308
3.6929	86.6642
3.69027	86.6104
3.68765	86.5762
3.68503	86.6009
3.68241	86.5935
3.6798	86.6154
3.67719	86.6501
3.67458	86.6494
3.67198	86.622
3.66938	86.546
3.66678	86.5159
3.66419	86.5738
3.66161	86.6459
3.65902	86.6394
3.65644	86.6117
3.65387	86.5987
3.65129	86.6386
3.64872	86.6217
3.64616	86.609
3.64359	86.6301
3.64103	86.618
3.63848	86.5867
3.63593	86.5239
3.63338	86.491
3.63084	86.5708
3.6283	86.651
3.62576	86.6586
3.62322	86.614
3.62069	86.5907
3.61817	86.6129
3.61564	86.6051
3.61312	86.5759
3.61061	86.5517
3.6081	86.5682
3.60559	86.5305
3.60308	86.5383
3.60058	86.587
3.59808	86.5819
3.59558	86.6082
3.59309	86.6319
3.59061	86.5988
3.58812	86.6563
3.58564	86.7626
3.58316	86.6869
3.58069	86.5358
3.57822	86.5402
3.57575	86.5784
3.57328	86.5831
3.57082	86.5867
3.56836	86.5667
3.56591	86.5555
3.56346	86.5945
3.56101	86.6097
3.55857	86.5757
3.55613	86.5412
3.55369	86.5312
3.55126	86.5679
3.54883	86.6048
3.5464	86.6046
3.54397	86.6059
3.54155	86.5858
3.53914	86.5512
3.53672	86.5994
3.53431	86.5939
3.5319	86.578
3.5295	86.6415
3.5271	86.6059
3.5247	86.5485
3.52231	86.5548
3.51991	86.5865
3.51753	86.5895
3.51514	86.585
3.51276	86.6438
3.51038	86.712
3.50801	86.7793
3.50563	86.7683
3.50327	86.7375
3.5009	86.7399
3.49854	86.683
3.49618	86.6998
3.49382	86.7397
3.49147	86.6734
3.48912	86.6406
3.48677	86.6758
3.48443	86.6558
3.48209	86.5631
3.47975	86.6104
3.47742	86.6642
3.47509	86.6371
3.47276	86.6438
3.47044	86.611
3.46812	86.6458
3.4658	86.6744
3.46348	86.6891
3.46117	86.6958
3.45886	86.6686
3.45656	86.5977
3.45425	86.5591
3.45195	86.6159
3.44966	86.6584
3.44736	86.6663
3.44507	86.6538
3.44279	86.6189
3.4405	86.6487
3.43822	86.712
3.43594	86.6649
3.43367	86.6276
3.43139	86.6947
3.42912	86.7742
3.42686	86.8175
3.42459	86.79
3.42233	86.6931
3.42007	86.6165
3.41782	86.6808
3.41557	86.6912
3.41332	86.667
3.41108	86.6617
3.40883	86.6338
3.40659	86.6443
3.40435	86.7078
3.40212	86.6995
3.39989	86.6406
3.39766	86.6098
3.39544	86.6116
3.39322	86.6226
3.391	86.6074
3.38878	86.5214
3.38657	86.5597
3.38436	86.6071
3.38215	86.5967
3.37994	86.5905
3.37774	86.5963
3.37554	86.622
3.37335	86.6026
3.37115	86.5746
3.36896	86.5829
3.36678	86.6039
3.36459	86.5875
3.36241	86.606
3.36023	86.6208
3.35805	86.5743
3.35588	86.5378
3.35371	86.5504
3.35154	86.5527
3.34938	86.5254
3.34721	86.5076
3.34505	86.5089
3.3429	86.5204
3.34074	86.51
3.33859	86.4764
3.33644	86.5634
3.3343	86.6356
3.33215	86.6453
3.33001	86.5746
3.32788	86.4925
3.32574	86.5303
3.32361	86.581
3.32148	86.5747
3.31936	86.5264
3.31723	86.504
3.31511	86.5056
3.31299	86.509
3.31088	86.5268
3.30876	86.4836
3.30665	86.4891
3.30455	86.6048
3.30244	86.6755
3.30034	86.643
3.29824	86.5896
3.29614	86.533
3.29405	86.5359
3.29196	86.5373
3.28987	86.5409
3.28778	86.5663
3.2857	86.5732
3.28362	86.5292
3.28154	86.5162
3.27946	86.5351
3.27739	86.5591
3.27532	86.5981
3.27325	86.621
3.27119	86.6186
3.26913	86.6633
3.26707	86.6117
3.26501	86.518
3.26295	86.5411
3.2609	86.5584
3.25885	86.5649
3.2568	86.5064
3.25476	86.4676
3.25272	86.4213
3.25068	86.4873
3.24864	86.5049
3.24661	86.5522
3.24458	86.61
3.24255	86.6238
3.24052	86.5904
3.2385	86.5446
3.23648	86.5808
3.23446	86.6406
3.23244	86.5997
3.23043	86.5693
3.22841	86.5771
3.2264	86.571
3.2244	86.5645
3.22239	86.5983
3.22039	86.5571
3.21839	86.5604
3.2164	86.5745
3.2144	86.5767
3.21241	86.5926
3.21042	86.4888
3.20844	86.452
3.20645	86.5168
3.20447	86.5471
3.20249	86.487
3.20051	86.5265
3.19854	86.5401
3.19657	86.5007
3.1946	86.5772
3.19263	86.6644
3.19067	86.628
3.1887	86.5788
3.18674	86.5389
3.18479	86.4983
3.18283	86.4833
3.18088	86.4849
3.17893	86.5218
3.17698	86.4959
3.17504	86.5108
3.17309	86.5716
3.17115	86.5343
3.16921	86.4935
3.16728	86.4631
3.16534	86.4535
3.16341	86.5109
3.16148	86.5562
3.15956	86.5003
3.15763	86.4987
3.15571	86.6136
3.15379	86.6778
3.15187	86.6172
3.14996	86.584
3.14805	86.5796
3.14614	86.6418
3.14423	86.5872
3.14232	86.5692
3.14042	86.5626
3.13852	86.5771
3.13662	86.5801
3.13472	86.5557
3.13283	86.4927
3.13094	86.528
3.12905	86.5829
3.12716	86.6333
3.12528	86.6313
3.12339	86.5868
3.12151	86.5856
3.11964	86.5948
3.11776	86.5333
3.11589	86.4988
3.11401	86.4915
3.11214	86.5268
3.11028	86.554
3.10841	86.5524
3.10655	86.5501
3.10469	86.5628
3.10283	86.5559
3.10098	86.5901
3.09912	86.5997
3.09727	86.573
3.09542	86.5358
3.09358	86.4704
3.09173	86.5109
3.08989	86.5007
3.08805	86.48
3.08621	86.5211
3.08437	86.6309
3.08254	86.6355
3.08071	86.6397
3.07888	86.619
3.07705	86.5613
3.07523	86.5886
3.0734	86.6116
3.07158	86.5912
3.06977	86.5627
3.06795	86.4135
3.06613	86.3436
3.06432	86.3334
3.06251	86.3907
3.0607	86.4987
3.0589	86.5586
3.0571	86.5208
3.05529	86.4608
3.05349	86.5137
3.0517	86.6316
3.0499	86.6017
3.04811	86.5257
3.04632	86.5993
3.04453	86.6634
3.04274	86.6149
3.04096	86.5467
3.03918	86.5134
3.0374	86.4791
3.03562	86.5247
3.03384	86.582
3.03207	86.5931
3.03029	86.6151
3.02852	86.593
3.02676	86.6081
3.02499	86.6396
3.02323	86.6326
3.02146	86.5663
3.0197	86.4502
3.01795	86.4053
3.01619	86.5654
3.01444	86.6732
3.01269	86.6915
3.01094	86.5762
3.00919	86.5534
3.00744	86.55
3.0057	86.5523
3.00396	86.6004
3.00222	86.5354
3.00048	86.4357
2.99875	86.4764
2.99701	86.5658
2.99528	86.581
2.99355	86.6179
2.99183	86.6358
2.9901	86.5891
2.98838	86.4712
2.98666	86.4064
2.98494	86.4232
2.98322	86.5332
2.9815	86.6123
2.97979	86.595
2.97808	86.5691
2.97637	86.5469
2.97466	86.5303
2.97295	86.5518
2.97125	86.622
2.96955	86.5276
2.96785	86.5328
2.96615	86.528
2.96446	86.4766
2.96276	86.5125
2.96107	86.5537
2.95938	86.6051
2.95769	86.586
2.95601	86.5277
2.95432	86.473
2.95264	86.4567
2.95096	86.5053
2.94928	86.486
2.9476	86.4628
2.94593	86.469
2.94425	86.5769
2.94258	86.5871
2.94092	86.5051
2.93925	86.5149
2.93758	86.5786
2.93592	86.6109
2.93426	86.5652
2.9326	86.4441
2.93094	86.4473
2.92928	86.5252
2.92763	86.4926
2.92598	86.5352
2.92433	86.6133
2.92268	86.5641
2.92103	86.5225
2.91939	86.4999
2.91775	86.5144
2.9161	86.5527
2.91447	86.5631
2.91283	86.4983
2.91119	86.4702
2.90956	86.4801
2.90793	86.5201
2.9063	86.5543
2.90467	86.5743
2.90304	86.5702
2.90142	86.5131
2.89979	86.4459
2.89817	86.3737
2.89656	86.4603
2.89494	86.5008
2.89332	86.4182
2.89171	86.4398
2.8901	86.4558
2.88849	86.4767
2.88688	86.4222
2.88527	86.3774
2.88367	86.4687
2.88206	86.4926
2.88046	86.4725
2.87886	86.4718
2.87727	86.4741
2.87567	86.4464
2.87408	86.3649
2.87248	86.4165
2.87089	86.5104
2.8693	86.5161
2.86772	86.5019
2.86613	86.4497
2.86455	86.4373
2.86297	86.4594
2.86139	86.4941
2.85981	86.5041
2.85823	86.455
2.85666	86.4321
2.85508	86.4222
2.85351	86.4748
2.85194	86.4093
2.85038	86.3904
2.84881	86.3954
2.84724	86.425
2.84568	86.3844
2.84412	86.3384
2.84256	86.433
2.841	86.3914
2.83945	86.3548
2.83789	86.3887
2.83634	86.5633
2.83479	86.7127
2.83324	86.6282
2.83169	86.5314
2.83015	86.5166
2.82861	86.4401
2.82706	86.4193
2.82552	86.4274
2.82398	86.4645
2.82245	86.4624
2.82091	86.5221
2.81938	86.5454
2.81784	86.4951
2.81631	86.3916
2.81479	86.3013
2.81326	86.3306
2.81173	86.4505
2.81021	86.5387
2.80869	86.5767
2.80716	86.5401
2.80565	86.5311
2.80413	86.6931
2.80261	86.7254
2.8011	86.5573
2.79959	86.3879
2.79808	86.3676
2.79657	86.4438
2.79506	86.3226
2.79355	86.2626
2.79205	86.3636
2.79055	86.3715
2.78904	86.3192
2.78754	86.5737
2.78605	86.7151
2.78455	86.3305
2.78306	86.2592
2.78156	86.3722
2.78007	86.1398
2.77858	86.0345
2.77709	86.1024
2.77561	86.2283
2.77412	86.2923
2.77264	86.3243
2.77116	86.5333
2.76968	86.6472
2.7682	86.6959
2.76672	86.4855
2.76524	86.3571
2.76377	86.5378
2.7623	86.7237
2.76083	86.5244
2.75936	86.3473
2.75789	86.4796
2.75642	87.0127
2.75496	87.0704
2.7535	86.496
2.75203	86.2727
2.75057	86.2913
2.74912	86.371
2.74766	86.2895
2.7462	86.2197
2.74475	86.2532
2.7433	86.3297
2.74185	86.7458
2.7404	87.1158
2.73895	86.9101
2.7375	86.4691
2.73606	86.5112
2.73462	86.6322
2.73318	86.4131
2.73174	86.2723
2.7303	86.1865
2.72886	86.2318
2.72742	86.3766
2.72599	86.6471
2.72456	86.8183
2.72313	86.6453
2.7217	86.9043
2.72027	87.1937
2.71884	86.6478
2.71742	86.2616
2.71599	86.1391
2.71457	86.2083
2.71315	86.303
2.71173	86.8022
2.71032	86.8889
2.7089	86.5043
2.70748	86.2582
2.70607	86.1977
2.70466	86.2334
2.70325	86.2987
2.70184	86.4796
2.70043	86.4912
2.69903	86.3493
2.69762	86.2927
2.69622	86.4285
2.69482	86.7345
2.69342	86.7516
2.69202	86.3964
2.69062	86.2064
2.68923	86.1881
2.68783	86.2745
2.68644	86.3514
2.68505	86.3509
2.68366	86.3314
2.68227	86.3294
2.68089	86.3575
2.6795	86.6332
2.67812	86.7893
2.67673	86.8602
2.67535	86.683
2.67397	86.404
2.6726	86.3864
2.67122	87.0824
2.66984	87.2078
2.66847	86.7313
2.6671	87.0168
2.66572	87.1467
2.66435	86.8652
2.66299	86.3828
2.66162	86.39
2.66025	86.4146
2.65889	86.3419
2.65753	86.1838
2.65616	86.1703
2.65481	86.1701
2.65345	86.3737
2.65209	86.4026
2.65073	86.1856
2.64938	86.1144
2.64803	86.1655
2.64667	86.2531
2.64532	86.3801
2.64397	86.2137
2.64263	86.1533
2.64128	86.1534
2.63994	86.1526
2.63859	86.1579
2.63725	86.133
2.63591	86.1522
2.63457	86.3534
2.63323	86.3857
2.6319	86.5917
2.63056	86.8871
2.62923	86.499
2.62789	86.3774
2.62656	86.6556
2.62523	86.3694
2.6239	86.2024
2.62258	86.2383
2.62125	86.6059
2.61993	86.7729
2.6186	86.5752
2.61728	86.7189
2.61596	86.4471
2.61464	86.1026
2.61332	86.1335
2.61201	86.1423
2.61069	86.272
2.60938	86.4467
2.60807	86.4686
2.60675	86.7252
2.60544	86.975
2.60414	86.648
2.60283	86.3989
2.60152	86.3348
2.60022	86.1917
2.59891	86.0275
2.59761	86.1799
2.59631	86.7943
2.59501	87.5376
2.59371	87.0067
2.59242	86.2658
2.59112	86.1006
2.58983	86.1572
2.58853	86.2343
2.58724	86.2634
2.58595	86.1938
2.58466	86.5758
2.58338	86.6592
2.58209	86.3667
2.5808	86.4251
2.57952	86.2099
2.57824	86.1518
2.57695	86.3252
2.57567	86.3135
2.5744	86.43
2.57312	86.5436
2.57184	86.2069
2.57057	86.2298
2.56929	86.278
2.56802	86.1007
2.56675	86.0664
2.56548	86.1492
2.56421	86.2548
2.56294	86.4394
2.56168	86.5254
2.56041	86.3493
2.55915	86.1332
2.55789	86.0339
2.55662	86.0747
2.55536	86.1641
2.5541	86.1849
2.55285	86.1484
2.55159	86.1651
2.55034	86.2595
2.54908	86.2081
2.54783	86.1474
2.54658	86.128
2.54533	86.0355
2.54408	86.0837
2.54283	86.126
2.54159	86.0107
2.54034	86.0189
2.5391	86.0142
2.53785	85.9854
2.53661	86.0753
2.53537	86.1392
2.53413	86.1695
2.53289	86.1659
2.53166	86.2197
2.53042	86.1802
2.52919	86.1108
2.52795	86.0593
2.52672	86.0199
2.52549	86.058
2.52426	86.0538
2.52303	86.0167
2.52181	85.9876
2.52058	85.878
2.51936	85.9513
2.51813	86.0738
2.51691	86.0972
2.51569	86.1103
2.51447	86.0462
2.51325	85.9641
2.51203	85.9417
2.51082	86.0235
2.5096	86.0302
2.50839	85.9606
2.50717	86.0763
2.50596	86.1272
2.50475	86.0389
2.50354	86.0421
2.50233	86.1125
2.50113	86.1686
2.49992	86.039
2.49872	86.0113
2.49751	86.0593
2.49631	86.0797
2.49511	86.0872
2.49391	86.0433
2.49271	86.0354
2.49151	86.0067
2.49031	85.9558
2.48912	86.0553
2.48792	86.0993
2.48673	85.9929
2.48554	85.9125
2.48435	85.9271
2.48316	85.9695
2.48197	85.9923
2.48078	86.0088
2.4796	86.0233
2.47841	85.9937
2.47723	85.957
2.47604	85.9079
2.47486	85.9425
2.47368	86.0141
2.4725	86.0502
2.47132	85.922
2.47014	85.8809
2.46897	86.0264
2.46779	85.9887
2.46662	85.9564
2.46545	86.0107
2.46427	86.0635
2.4631	85.9964
2.46193	85.9526
2.46077	85.9398
2.4596	85.8699
2.45843	85.8404
2.45727	85.9228
2.4561	85.957
2.45494	85.8917
2.45378	85.9282
2.45262	86.1343
2.45146	86.1737
2.4503	86.0717
2.44914	85.946
2.44799	85.8519
2.44683	85.9253
2.44568	85.9924
2.44452	86.0277
2.44337	86.0447
2.44222	86.0829
2.44107	86.1067
2.43992	85.9916
2.43877	85.933
2.43763	85.9781
2.43648	86.0565
2.43534	86.0029
2.43419	86.0258
2.43305	85.9899
2.43191	85.8052
2.43077	85.7512
2.42963	85.8176
2.42849	85.8147
2.42736	85.7924
2.42622	85.7633
2.42509	85.8963
2.42395	85.9361
2.42282	85.919
2.42169	85.9433
2.42056	85.9374
2.41943	86.055
2.4183	86.0507
2.41717	85.9252
2.41605	85.8883
2.41492	85.9278
2.4138	85.9573
2.41267	85.8971
2.41155	85.9346
2.41043	86.0295
2.40931	86.0221
2.40819	85.9161
2.40707	85.7976
2.40595	85.8678
2.40484	86.0023
2.40372	86.0548
2.40261	86.0095
2.4015	85.9887
2.40039	85.9998
2.39928	86.0382
2.39817	86.0619
2.39706	86.0089
2.39595	86.0077
2.39484	86.0133
2.39374	85.9356
2.39263	85.96
2.39153	86.0076
2.39043	85.917
2.38932	85.8348
2.38822	85.8054
2.38712	85.7959
2.38603	85.8115
2.38493	85.8303
2.38383	85.8108
2.38274	85.9039
2.38164	86.0445
2.38055	86.0932
2.37946	85.9918
2.37836	85.8735
2.37727	85.7205
2.37618	85.7249
2.3751	85.8227
2.37401	85.8155
2.37292	85.8125
2.37184	85.8408
2.37075	85.9401
2.36967	86.0233
2.36859	86.0311
2.3675	86.037
2.36642	85.9461
2.36534	85.7626
2.36427	85.7305
2.36319	85.7656
2.36211	85.8882
2.36104	85.9982
2.35996	85.9095
2.35889	85.869
2.35781	85.857
2.35674	85.9162
2.35567	85.9308
2.3546	85.8987
2.35353	85.947
2.35247	85.9507
2.3514	85.8999
2.35033	85.8107
2.34927	85.8883
2.3482	85.9761
2.34714	85.926
2.34608	85.9207
2.34502	85.9658
2.34396	86.0492
2.3429	86.0161
2.34184	85.9561
2.34078	85.8131
2.33973	85.78
2.33867	85.8913
2.33762	85.8432
2.33656	85.7852
2.33551	85.6917
2.33446	85.6927
2.33341	85.8029
2.33236	85.9055
2.33131	85.8893
2.33026	85.9174
2.32922	85.918
2.32817	85.8384
2.32712	85.7946
2.32608	85.7526
2.32504	85.8218
2.324	85.9342
2.32295	86.0008
2.32191	86.013
2.32087	85.9247
2.31984	85.8331
2.3188	85.7687
2.31776	85.6917
2.31673	85.7982
2.31569	85.8739
2.31466	85.799
2.31362	85.7957
2.31259	85.8419
2.31156	85.7966
2.31053	85.748
2.3095	85.7586
2.30847	85.7568
2.30745	85.7924
2.30642	85.7895
2.3054	85.8341
2.30437	85.8337
2.30335	85.8454
2.30232	85.8479
2.3013	85.7037
2.30028	85.6089
2.29926	85.7835
2.29824	85.9656
2.29722	85.8724
2.29621	85.7568
2.29519	85.8074
2.29417	85.7584
2.29316	85.5982
2.29215	85.6367
2.29113	85.6558
2.29012	85.743
2.28911	85.8097
2.2881	85.8127
2.28709	85.8266
2.28608	85.8436
2.28507	85.7675
2.28407	85.7752
2.28306	85.8941
2.28206	85.9115
2.28105	85.7808
2.28005	85.8233
2.27905	85.888
2.27805	85.8535
2.27705	85.8046
2.27605	85.8239
2.27505	85.7713
2.27405	85.7509
2.27305	85.8168
2.27206	85.7002
2.27106	85.5876
2.27007	85.6403
2.26907	85.6067
2.26808	85.6246
2.26709	85.6072
2.2661	85.6782
2.26511	85.823
2.26412	85.7007
2.26313	85.6384
2.26214	85.6592
2.26116	85.7673
2.26017	85.8763
2.25919	85.8645
2.2582	85.6918
2.25722	85.7418
2.25624	85.8053
2.25526	85.7044
2.25428	85.8168
2.2533	85.8549
2.25232	85.7861
2.25134	85.7272
2.25036	85.622
2.24939	85.6131
2.24841	85.7389
2.24744	85.7203
2.24646	85.6472
2.24549	85.6591
2.24452	85.7082
2.24355	85.6839
2.24257	85.6645
2.24161	85.5843
2.24064	85.5721
2.23967	85.6043
2.2387	85.7304
2.23774	85.7676
2.23677	85.7618
2.23581	85.7362
2.23484	85.8293
2.23388	85.9116
2.23292	85.7486
2.23196	85.6634
2.231	85.7578
2.23004	85.8142
2.22908	85.7101
2.22812	85.6354
2.22716	85.709
2.22621	85.854
2.22525	85.7145
2.2243	85.5241
2.22334	85.6958
2.22239	85.7644
2.22144	85.5853
2.22049	85.5935
2.21953	85.6124
2.21859	85.6559
2.21764	85.7899
2.21669	85.7635
2.21574	85.6829
2.21479	85.6566
2.21385	85.594
2.2129	85.6882
2.21196	85.8025
2.21102	85.7797
2.21007	85.6366
2.20913	85.6307
2.20819	85.7096
2.20725	85.6757
2.20631	85.6481
2.20537	85.7204
2.20444	85.7703
2.2035	85.726
2.20256	85.7657
2.20163	85.5393
2.20069	85.4393
2.19976	85.6863
2.19883	85.8254
2.19789	85.7198
2.19696	85.6604
2.19603	85.6384
2.1951	85.6586
2.19417	85.6676
2.19325	85.6293
2.19232	85.5576
2.19139	85.5635
2.19047	85.6527
2.18954	85.6996
2.18862	85.7306
2.18769	85.8053
2.18677	85.7161
2.18585	85.7201
2.18493	85.7028
2.18401	85.6487
2.18309	85.6447
2.18217	85.6306
2.18125	85.4998
2.18033	85.4844
2.17942	85.5708
2.1785	85.6594
2.17759	85.5577
2.17667	85.496
2.17576	85.6274
2.17485	85.6268
2.17393	85.5161
2.17302	85.5939
2.17211	85.6393
2.1712	85.5661
2.17029	85.5704
2.16939	85.617
2.16848	85.7471
2.16757	85.8053
2.16667	85.7236
2.16576	85.6101
2.16486	85.5086
2.16395	85.5537
2.16305	85.6266
2.16215	85.6927
2.16125	85.6664
2.16035	85.5915
2.15945	85.6226
2.15855	85.549
2.15765	85.4486
2.15675	85.4788
2.15586	85.6286
2.15496	85.6525
2.15406	85.6756
2.15317	85.6546
2.15228	85.57
2.15138	85.6222
2.15049	85.6329
2.1496	85.5071
2.14871	85.4844
2.14782	85.3292
2.14693	85.5051
2.14604	85.6914
2.14515	85.6731
2.14427	85.6992
2.14338	85.61
2.14249	85.4124
2.14161	85.4511
2.14072	85.574
2.13984	85.5514
2.13896	85.625
2.13808	85.6152
2.13719	85.5462
2.13631	85.5378
2.13543	85.4132
2.13455	85.4531
2.13368	85.5108
2.1328	85.4405
2.13192	85.4313
2.13105	85.5514
2.13017	85.6152
2.1293	85.5014
2.12842	85.5833
2.12755	85.8281
2.12668	85.7293
2.1258	85.6623
2.12493	85.6927
2.12406	85.6252
2.12319	85.4161
2.12232	85.5264
2.12145	85.595
2.12059	85.4668
2.11972	85.3265
2.11885	85.3437
2.11799	85.4761
2.11712	85.5597
2.11626	85.6756
2.1154	85.6435
2.11453	85.6568
2.11367	85.784
2.11281	85.6744
2.11195	85.6044
2.11109	85.3991
2.11023	85.3211
2.10937	85.5589
2.10851	85.6426
2.10766	85.6382
2.1068	85.5222
2.10594	85.4899
2.10509	85.5358
2.10423	85.7168
2.10338	85.6715
2.10253	85.437
2.10168	85.2576
2.10082	85.3073
2.09997	85.5383
2.09912	85.6238
2.09827	85.579
2.09742	85.4582
2.09658	85.5066
2.09573	85.3916
2.09488	85.4043
2.09404	85.5377
2.09319	85.5793
2.09235	85.6529
2.0915	85.7395
2.09066	85.6083
2.08982	85.4408
2.08897	85.3339
2.08813	85.441
2.08729	85.5855
2.08645	85.6291
2.08561	85.5237
2.08477	85.4131
2.08394	85.4104
2.0831	85.3909
2.08226	85.3658
2.08143	85.3854
2.08059	85.5545
2.07976	85.6939
2.07892	85.6049
2.07809	85.434
2.07726	85.3853
2.07643	85.547
2.07559	85.579
2.07476	85.6463
2.07393	85.468
2.0731	85.5028
2.07228	85.6926
2.07145	85.5729
2.07062	85.5914
2.06979	85.7179
2.06897	85.5321
2.06814	85.2832
2.06732	85.4751
2.06649	85.7405
2.06567	85.6136
2.06485	85.2813
2.06403	85.2595
2.0632	85.3509
2.06238	85.3754
2.06156	85.464
2.06074	85.4916
2.05993	85.3688
2.05911	85.4392
2.05829	85.6799
2.05747	85.5391
2.05666	85.3568
2.05584	85.6124
2.05503	85.7343
2.05421	85.4896
2.0534	85.3784
2.05259	85.4562
2.05177	85.5242
2.05096	85.5219
2.05015	85.4002
2.04934	85.4175
2.04853	85.4368
2.04772	85.409
2.04691	85.5894
2.04611	85.5321
2.0453	85.3352
2.04449	85.3712
2.04369	85.5708
2.04288	85.6517
2.04208	85.5628
2.04127	85.4421
2.04047	85.5452
2.03967	85.5832
2.03886	85.592
2.03806	85.4832
2.03726	85.3805
2.03646	85.5002
2.03566	85.4736
2.03486	85.3251
2.03407	85.3826
2.03327	85.5522
2.03247	85.386
2.03167	85.3742
2.03088	85.5255
2.03008	85.2472
2.02929	85.1914
2.0285	85.657
2.0277	85.8111
2.02691	85.7065
2.02612	85.7198
2.02533	85.5886
2.02453	85.4913
2.02374	85.432
2.02295	85.448
2.02217	85.3915
2.02138	85.2552
2.02059	85.2868
2.0198	85.45
2.01902	85.4034
2.01823	85.2386
2.01744	85.1692
2.01666	85.5254
2.01588	85.6984
2.01509	85.4667
2.01431	85.4387
2.01353	85.5928
2.01275	85.4541
2.01196	85.3043
2.01118	85.1771
2.0104	85.0943
2.00963	85.1837
2.00885	85.218
2.00807	85.3
2.00729	85.3301
2.00651	85.2701
2.00574	85.51
2.00496	85.6001
2.00419	85.4523
2.00341	85.4247
2.00264	85.4793
2.00187	85.3655
2.00109	85.3718
2.00032	85.3858
