Name: Lamp (Ebony) Black Paint
Type: Manmade materials
Class: General Construction Materials
Subclass: Paints
Particle Size: Solid
Sample No.: DA67
Owner: JPL
Wavelength range: IR
Origin: DecoArt, P.O. Box 386, Stanford, KY 40084
Collected by JPL
Description: Lamp (ebony) black acrylic paint.  Liquid format, paint applied 
with a brush.




Measurement: Hemispherical reflectance
First Column: X
Second Column: Y
X Units:  Wavelength (micrometers)
Y Units:  Reflectance (percent)
First X Value: 14.0131
Last X Value: 2.00032
Number of X Values: 2223
Additional information: None
 
14.0131	6.78963
13.9753	7.1428
13.9377	8.09258
13.9004	8.90502
13.8632	9.10205
13.8262	9.20019
13.7895	9.47935
13.7529	9.64562
13.7165	9.67159
13.6803	9.75624
13.6443	9.96831
13.6085	9.96231
13.5729	9.78736
13.5374	9.53037
13.5022	9.40247
13.4671	9.3719
13.4322	9.39163
13.3975	9.38146
13.363	9.22678
13.3286	9.18986
13.2944	9.25977
13.2604	9.15001
13.2266	9.22499
13.193	9.52054
13.1595	9.61824
13.1262	9.53671
13.093	9.41754
13.06	9.55675
13.0272	9.55165
12.9946	9.53998
12.9621	9.70561
12.9298	9.74053
12.8976	9.74069
12.8656	9.77482
12.8337	9.80994
12.8021	9.64305
12.7705	9.4099
12.7391	9.29027
12.7079	9.30895
12.6769	9.19048
12.6459	9.09993
12.6152	8.94259
12.5845	8.7519
12.5541	8.69786
12.5238	8.61773
12.4936	8.50467
12.4635	8.64865
12.4337	8.7971
12.4039	8.73144
12.3743	8.74212
12.3448	8.7037
12.3155	8.88574
12.2863	9.13739
12.2573	9.1979
12.2284	9.14394
12.1996	8.99222
12.171	9.05413
12.1425	9.10978
12.1141	8.99598
12.0859	9.07292
12.0578	9.22111
12.0298	9.26359
12.0019	9.31965
11.9742	9.33231
11.9466	9.31606
11.9192	9.38707
11.8918	9.45566
11.8646	9.35341
11.8375	9.22289
11.8106	8.81584
11.7837	8.52472
11.757	9.01521
11.7304	9.52378
11.7039	9.60649
11.6776	9.39556
11.6513	9.36912
11.6252	9.35674
11.5992	9.02771
11.5733	8.6623
11.5475	8.53868
11.5219	8.2722
11.4963	7.78488
11.4709	7.40625
11.4455	7.27813
11.4203	7.22275
11.3952	7.2224
11.3702	7.19952
11.3454	7.07919
11.3206	7.2669
11.2959	7.73367
11.2714	8.22958
11.2469	8.49956
11.2226	8.48872
11.1983	8.47654
11.1742	8.36882
11.1502	8.37357
11.1263	8.40978
11.1024	8.29106
11.0787	8.29296
11.0551	8.35961
11.0316	8.3538
11.0081	8.40656
10.9848	8.27342
10.9616	8.17776
10.9385	8.05239
10.9154	7.96184
10.8925	8.00014
10.8697	8.12216
10.8469	8.12528
10.8243	8.03528
10.8017	7.96247
10.7793	7.8669
10.7569	7.88843
10.7346	7.82511
10.7125	7.64255
10.6904	7.44788
10.6684	7.36281
10.6465	7.30479
10.6247	7.266
10.6029	7.12709
10.5813	6.92
10.5597	7.01234
10.5383	7.15708
10.5169	7.2813
10.4956	7.52475
10.4744	7.87149
10.4533	8.09295
10.4323	8.2064
10.4113	8.3041
10.3904	8.4924
10.3697	8.61362
10.349	8.68059
10.3284	8.70805
10.3078	8.75453
10.2874	8.76019
10.267	8.78455
10.2467	8.72151
10.2265	8.68047
10.2064	8.75524
10.1863	8.75405
10.1663	8.74714
10.1464	8.66305
10.1266	8.48521
10.1069	8.40102
10.0872	8.35264
10.0676	8.25112
10.0481	8.25251
10.0287	8.30942
10.0093	8.21846
9.99005	8.18603
9.97084	8.22725
9.95169	8.10447
9.93263	8.06789
9.91364	8.02673
9.89472	7.92755
9.87587	7.81241
9.8571	7.6672
9.83839	7.61221
9.81976	7.52717
9.8012	7.40659
9.78271	7.31972
9.76428	7.20376
9.74592	7.14442
9.72764	7.18525
9.70943	7.1947
9.69128	7.0435
9.6732	6.96492
9.65518	7.05666
9.63724	7.03228
9.61936	7.00326
9.60155	7.07862
9.5838	7.00352
9.56611	6.89635
9.5485	6.85163
9.53094	6.87597
9.51345	6.88132
9.49604	6.88087
9.47867	6.89297
9.46137	6.76815
9.44414	6.69041
9.42697	6.70877
9.40986	6.73819
9.39281	6.73193
9.37583	6.67076
9.35891	6.71547
9.34204	6.76772
9.32524	6.76264
9.3085	6.75339
9.29182	6.85424
9.27519	6.82499
9.25863	6.78431
9.24213	6.80602
9.22568	6.73677
9.2093	6.61902
9.19297	6.61786
9.17669	6.5642
9.16049	6.45086
9.14433	6.4578
9.12823	6.54107
9.11218	6.4887
9.0962	6.38426
9.08027	6.27636
9.06439	6.25117
9.04858	6.19487
9.03281	6.15414
9.0171	6.17604
9.00145	6.149
8.98585	6.11498
8.9703	6.05683
8.9548	6.04927
8.93937	5.96689
8.92398	5.97211
8.90865	6.04272
8.89337	5.97012
8.87814	5.91305
8.86296	5.93905
8.84784	5.84417
8.83277	5.79345
8.81774	5.8014
8.80277	5.8156
8.78786	5.78603
8.77298	5.82582
8.75816	5.90187
8.7434	5.96502
8.72868	6.12445
8.714	6.11666
8.69939	6.21398
8.68481	6.36441
8.67029	6.32217
8.65581	6.37688
8.64139	6.50795
8.62701	6.54463
8.61268	6.43125
8.5984	6.47811
8.58416	6.52691
8.56997	6.46238
8.55583	6.31336
8.54174	6.27175
8.52769	6.23785
8.51368	6.27316
8.49973	6.36094
8.48582	6.35343
8.47195	6.34205
8.45813	6.41186
8.44436	6.49614
8.43062	6.61436
8.41693	6.72634
8.4033	6.84372
8.3897	6.85683
8.37614	6.87545
8.36264	6.95906
8.34917	6.9645
8.33574	6.96977
8.32237	6.96748
8.30903	6.96323
8.29573	7.1105
8.28248	7.14312
8.26927	7.1827
8.2561	7.22934
8.24298	7.34901
8.2299	7.49304
8.21685	7.58763
8.20385	7.62524
8.19089	7.53957
8.17797	7.67976
8.16509	8.00055
8.15225	8.08875
8.13946	8.13288
8.1267	8.31399
8.11398	8.24162
8.10131	8.08955
8.08867	7.99687
8.07606	7.83664
8.0635	7.66823
8.05099	7.38822
8.0385	7.05703
8.02606	6.71149
8.01366	6.35562
8.00129	6.07227
7.98896	5.71407
7.97667	5.30267
7.96442	4.93478
7.9522	4.70004
7.94002	4.5405
7.92788	4.25497
7.91578	4.02593
7.90371	3.90399
7.89168	3.84785
7.87969	3.78418
7.86773	3.9238
7.85581	4.22073
7.84392	4.39961
7.83207	4.55092
7.82027	4.89195
7.80849	5.23889
7.79674	5.52011
7.78503	5.7437
7.77337	5.93531
7.76173	6.16613
7.75012	6.43236
7.73856	6.68918
7.72703	6.77191
7.71553	6.81134
7.70406	6.98762
7.69263	7.12912
7.68123	7.15822
7.66987	7.17791
7.65855	7.21098
7.64725	7.26689
7.63598	7.31299
7.62476	7.38373
7.61356	7.46331
7.60239	7.54994
7.59126	7.64233
7.58017	7.56614
7.5691	7.51651
7.55806	7.59568
7.54707	7.67278
7.5361	7.75785
7.52516	7.80143
7.51425	7.76732
7.50338	7.7401
7.49253	7.6831
7.48172	7.67739
7.47094	7.71127
7.46019	7.64251
7.44947	7.58638
7.43879	7.43323
7.42813	7.27146
7.4175	7.2147
7.4069	7.15309
7.39634	7.03017
7.3858	6.95734
7.37529	6.82742
7.36482	6.63794
7.35437	6.57403
7.34396	6.58531
7.33357	6.49546
7.32321	6.39272
7.31288	6.31197
7.30258	6.29141
7.29231	6.2118
7.28207	6.01613
7.27185	5.87078
7.26167	5.74076
7.25152	5.69917
7.24139	5.74713
7.23129	5.79738
7.22122	5.99831
7.21117	6.27154
7.20116	6.49901
7.19117	6.62607
7.18121	6.72082
7.17128	6.84
7.16137	7.01229
7.1515	7.08476
7.14164	7.1195
7.13182	7.23355
7.12203	7.45562
7.11225	7.73285
7.10251	7.89814
7.0928	7.95108
7.08311	8.02969
7.07344	8.06082
7.06381	8.00851
7.0542	7.96163
7.04461	7.83874
7.03506	7.66161
7.02552	7.57625
7.01601	7.43165
7.00653	7.2895
6.99708	7.2983
6.98765	7.31169
6.97824	7.15921
6.96886	7.03477
6.95951	7.00489
6.95018	6.89308
6.94087	6.85151
6.9316	6.88869
6.92234	6.85706
6.91311	6.82463
6.90391	6.88166
6.89473	6.84529
6.88557	6.78644
6.87644	6.87853
6.86733	7.02744
6.85824	6.99211
6.84918	6.91311
6.84015	6.91333
6.83114	6.92787
6.82215	6.96177
6.81319	6.98034
6.80424	7.0227
6.79532	7.08241
6.78643	7.1532
6.77756	7.17145
6.76871	7.23689
6.75989	7.297
6.75109	7.37756
6.74231	7.51944
6.73355	7.65548
6.72482	7.82909
6.71611	7.98649
6.70742	8.13597
6.69875	8.21242
6.69011	8.42653
6.68149	8.60028
6.67289	8.61844
6.66431	8.64493
6.65576	8.73888
6.64722	8.96529
6.63871	9.13566
6.63022	9.07383
6.62175	9.09678
6.61331	9.20799
6.60488	9.33121
6.59648	9.46717
6.5881	9.54769
6.57974	9.64876
6.5714	9.82415
6.56308	9.8911
6.55479	9.93683
6.54651	9.96222
6.53825	10.0022
6.53001	10.0614
6.5218	10.0867
6.51361	10.0842
6.50544	10.2115
6.49729	10.4409
6.48915	10.4123
6.48104	10.427
6.47295	10.4799
6.46488	10.4268
6.45683	10.3398
6.4488	10.2892
6.44079	10.2978
6.4328	10.2153
6.42482	10.06
6.41687	9.91407
6.40894	9.62437
6.40103	9.40734
6.39314	9.30346
6.38526	9.18101
6.37741	9.08184
6.36957	8.94275
6.36176	8.70929
6.35396	8.59791
6.34618	8.59299
6.33843	8.45052
6.33069	8.26758
6.32297	8.18158
6.31527	8.15458
6.30758	8.15427
6.29992	8.16144
6.29227	8.18768
6.28465	8.17585
6.27704	8.1276
6.26945	8.07356
6.26188	8.09542
6.25432	8.07396
6.24679	8.08245
6.23927	8.10795
6.23177	8.18772
6.22429	8.11635
6.21683	8.03515
6.20938	8.11866
6.20195	8.17364
6.19454	8.15282
6.18715	8.21422
6.17978	8.26275
6.17242	8.22839
6.16508	8.22592
6.15776	8.22303
6.15045	8.21317
6.14317	8.26858
6.1359	8.26761
6.12864	8.2548
6.12141	8.28451
6.11419	8.38326
6.10699	8.34454
6.0998	8.29785
6.09263	8.26908
6.08549	8.28389
6.07835	8.27433
6.07123	8.3238
6.06413	8.37185
6.05705	8.4037
6.04998	8.58087
6.04293	8.50085
6.0359	8.29009
6.02888	8.27426
6.02187	8.37518
6.01489	8.40882
6.00792	8.35992
6.00096	8.42223
5.99403	8.44463
5.98711	8.37441
5.9802	8.3466
5.97331	8.30279
5.96644	8.20566
5.95958	8.13372
5.95274	8.13716
5.94591	8.13196
5.9391	8.11085
5.9323	8.03435
5.92553	7.92346
5.91876	7.78898
5.91201	7.66565
5.90528	7.62431
5.89856	7.60012
5.89186	7.51281
5.88517	7.51233
5.8785	7.51947
5.87184	7.44392
5.8652	7.38962
5.85857	7.31542
5.85196	7.26398
5.84536	7.08214
5.83878	6.8757
5.83221	6.8321
5.82566	6.79962
5.81912	6.72252
5.81259	6.65605
5.80608	6.73798
5.79959	6.93087
5.79311	7.09304
5.78665	7.15807
5.78019	7.16088
5.77376	7.17196
5.76734	7.16889
5.76093	6.90805
5.75453	6.58628
5.74815	6.23059
5.74179	5.67189
5.73543	4.96961
5.7291	4.24031
5.72277	3.55324
5.71646	2.96206
5.71017	2.56127
5.70389	2.51556
5.69762	2.82647
5.69136	3.47949
5.68513	4.33095
5.6789	5.23418
5.67268	5.97416
5.66648	6.5213
5.6603	6.99967
5.65413	7.35588
5.64797	7.60848
5.64182	7.8588
5.63569	7.9683
5.62957	8.05376
5.62347	8.1712
5.61737	8.17174
5.61129	8.08617
5.60522	7.99237
5.59917	7.87017
5.59313	7.58833
5.5871	7.13687
5.58109	6.69603
5.57509	6.48878
5.5691	6.45911
5.56313	6.49663
5.55716	6.6682
5.55121	7.00387
5.54528	7.47271
5.53935	7.9045
5.53344	8.23109
5.52754	8.48539
5.52166	8.59457
5.51578	8.62753
5.50992	8.73155
5.50407	8.85075
5.49823	8.83351
5.49241	8.86346
5.4866	8.97639
5.4808	9.03111
5.47501	9.07041
5.46923	9.03337
5.46347	9.00444
5.45772	9.07947
5.45198	9.1253
5.44625	9.07604
5.44054	9.13148
5.43484	9.1533
5.42914	9.18482
5.42347	9.29908
5.4178	9.32358
5.41214	9.3103
5.4065	9.30804
5.40087	9.29
5.39525	9.23804
5.38964	9.24253
5.38404	9.23697
5.37846	9.23771
5.37288	9.33192
5.36732	9.30379
5.36177	9.28847
5.35623	9.47002
5.35071	9.48837
5.34519	9.3779
5.33968	9.3295
5.33419	9.34608
5.32871	9.40334
5.32324	9.41138
5.31778	9.36761
5.31233	9.35652
5.30689	9.41987
5.30147	9.51957
5.29605	9.52824
5.29065	9.48719
5.28525	9.51551
5.27987	9.53258
5.2745	9.56676
5.26914	9.60354
5.26379	9.57398
5.25845	9.54908
5.25312	9.50653
5.24781	9.54749
5.2425	9.59777
5.23721	9.59984
5.23192	9.56162
5.22665	9.53763
5.22138	9.50684
5.21613	9.50766
5.21089	9.588
5.20566	9.56499
5.20044	9.57101
5.19522	9.63448
5.19002	9.63896
5.18483	9.58478
5.17965	9.53901
5.17448	9.55264
5.16933	9.58244
5.16418	9.60731
5.15904	9.58083
5.15391	9.52676
5.14879	9.49311
5.14368	9.49944
5.13859	9.5037
5.1335	9.50553
5.12842	9.4583
5.12335	9.46263
5.1183	9.47388
5.11325	9.46635
5.10821	9.44348
5.10318	9.42712
5.09817	9.3544
5.09316	9.35915
5.08816	9.4584
5.08317	9.55571
5.07819	9.56869
5.07322	9.49599
5.06826	9.40132
5.06331	9.33741
5.05837	9.33991
5.05344	9.35484
5.04852	9.34861
5.04361	9.34933
5.03871	9.39185
5.03382	9.41523
5.02894	9.39355
5.02406	9.39477
5.0192	9.36632
5.01435	9.27767
5.0095	9.27383
5.00467	9.30378
4.99984	9.27419
4.99502	9.24093
4.99021	9.24315
4.98542	9.27116
4.98063	9.27015
4.97585	9.26399
4.97108	9.3128
4.96632	9.29579
4.96156	9.25166
4.95682	9.26239
4.95209	9.18721
4.94736	9.0775
4.94264	9.07222
4.93794	9.10157
4.93324	9.1406
4.92855	9.2024
4.92387	9.19719
4.9192	9.16104
4.91453	9.20999
4.90988	9.25962
4.90524	9.22947
4.9006	9.16456
4.89597	9.13427
4.89135	9.08515
4.88674	9.08343
4.88214	9.10661
4.87755	9.08803
4.87296	9.11886
4.86839	9.14006
4.86382	9.12401
4.85926	9.17508
4.85471	9.18807
4.85017	9.18959
4.84564	9.23506
4.84111	9.19175
4.8366	9.12283
4.83209	9.06359
4.82759	9.02066
4.8231	9.00482
4.81862	9.10374
4.81415	9.15286
4.80968	9.09696
4.80522	9.10567
4.80077	9.10988
4.79633	9.09427
4.7919	9.14023
4.78747	9.12071
4.78306	9.05405
4.77865	9.04865
4.77425	9.06514
4.76986	9.07288
4.76547	9.09222
4.7611	9.08504
4.75673	9.08835
4.75237	9.11725
4.74802	9.07407
4.74367	8.99115
4.73934	9.02408
4.73501	9.0497
4.73069	8.97908
4.72638	8.90383
4.72207	8.87891
4.71777	8.8381
4.71348	8.88721
4.7092	8.90043
4.70493	8.83458
4.70066	8.81552
4.69641	8.81963
4.69216	8.80349
4.68791	8.77328
4.68368	8.66745
4.67945	8.6382
4.67523	8.62876
4.67102	8.64941
4.66682	8.64749
4.66262	8.70045
4.65843	8.78232
4.65425	8.75532
4.65007	8.66155
4.64591	8.64775
4.64175	8.64489
4.6376	8.623
4.63345	8.65153
4.62932	8.69361
4.62519	8.72097
4.62106	8.72133
4.61695	8.69775
4.61284	8.68216
4.60874	8.69486
4.60465	8.64865
4.60056	8.66258
4.59648	8.69064
4.59241	8.67706
4.58835	8.67909
4.58429	8.71759
4.58024	8.69576
4.5762	8.662
4.57216	8.64278
4.56814	8.6227
4.56411	8.62932
4.5601	8.60986
4.55609	8.53115
4.55209	8.52996
4.5481	8.60939
4.54411	8.65152
4.54013	8.64902
4.53616	8.64435
4.5322	8.64006
4.52824	8.64721
4.52429	8.63654
4.52034	8.61143
4.51641	8.57943
4.51247	8.51043
4.50855	8.48368
4.50463	8.61078
4.50072	8.67839
4.49682	8.54422
4.49292	8.46424
4.48903	8.44579
4.48515	8.45182
4.48127	8.44529
4.4774	8.4465
4.47354	8.49492
4.46968	8.5526
4.46584	8.53021
4.46199	8.42748
4.45815	8.41133
4.45433	8.44753
4.4505	8.40733
4.44668	8.40297
4.44287	8.42211
4.43907	8.44015
4.43527	8.44712
4.43148	8.42485
4.4277	8.35141
4.42392	8.43781
4.42015	8.52813
4.41638	8.43067
4.41262	8.40654
4.40887	8.40053
4.40513	8.3019
4.40139	8.29054
4.39765	8.34851
4.39393	8.34882
4.39021	8.37655
4.38649	8.40886
4.38278	8.30243
4.37908	8.27153
4.37539	8.3037
4.3717	8.3493
4.36801	8.34399
4.36434	8.31587
4.36067	8.35658
4.357	8.37546
4.35335	8.35713
4.34969	8.30431
4.34605	8.26483
4.34241	8.22868
4.33877	8.21986
4.33514	8.22822
4.33152	8.25033
4.32791	8.32812
4.3243	8.34086
4.32069	8.25137
4.3171	8.20208
4.31351	8.23702
4.30992	8.17747
4.30634	8.14089
4.30277	8.09456
4.2992	8.05004
4.29564	8.06029
4.29208	8.1467
4.28853	8.23252
4.28499	8.21121
4.28145	8.11231
4.27792	8.1068
4.27439	8.13668
4.27087	8.13171
4.26735	8.09489
4.26384	8.1403
4.26034	8.24679
4.25684	8.19788
4.25335	8.11613
4.24986	8.10485
4.24638	8.15762
4.24291	8.20416
4.23944	8.15307
4.23598	8.08336
4.23252	8.00493
4.22906	8.01711
4.22562	8.00946
4.22218	8.01564
4.21874	8.03192
4.21531	8.0341
4.21189	7.97962
4.20847	7.99816
4.20506	8.10459
4.20165	7.99787
4.19825	7.89215
4.19485	8.00434
4.19146	8.07881
4.18807	8.05007
4.18469	8.01781
4.18132	7.96877
4.17795	7.92395
4.17458	7.88735
4.17123	7.89179
4.16787	7.96964
4.16453	7.97791
4.16118	7.88403
4.15785	7.84125
4.15451	7.86048
4.15119	7.90574
4.14787	7.95942
4.14455	7.96384
4.14124	7.9711
4.13794	7.94112
4.13464	7.93387
4.13134	7.91038
4.12805	7.82744
4.12477	7.83425
4.12149	7.87605
4.11822	7.89028
4.11495	7.83355
4.11168	7.76423
4.10843	7.76371
4.10517	7.85038
4.10192	7.84843
4.09868	7.81322
4.09545	7.81808
4.09221	7.81601
4.08899	7.83934
4.08576	7.74095
4.08255	7.69735
4.07933	7.69751
4.07613	7.69544
4.07292	7.66701
4.06973	7.65089
4.06654	7.64503
4.06335	7.64598
4.06017	7.59989
4.05699	7.53632
4.05382	7.52463
4.05065	7.50072
4.04749	7.51561
4.04433	7.47212
4.04118	7.407
4.03803	7.3811
4.03489	7.43198
4.03175	7.41032
4.02862	7.32433
4.02549	7.19369
4.02237	7.14014
4.01925	7.09636
4.01614	6.96362
4.01303	6.83593
4.00993	6.80656
4.00683	6.86392
4.00373	6.76283
4.00064	6.53766
3.99756	6.42422
3.99448	6.40871
3.9914	6.34339
3.98833	6.23565
3.98527	6.17858
3.98221	6.15607
3.97915	6.16052
3.9761	6.20651
3.97305	6.22195
3.97001	6.19565
3.96697	6.21145
3.96394	6.24994
3.96091	6.27096
3.95789	6.32205
3.95487	6.42521
3.95186	6.48803
3.94885	6.51354
3.94584	6.60631
3.94284	6.69638
3.93984	6.75501
3.93685	6.83325
3.93386	6.8928
3.93088	6.88107
3.9279	6.97562
3.92493	7.02112
3.92196	6.99133
3.919	6.93716
3.91604	6.92217
3.91308	6.90651
3.91013	6.8899
3.90718	6.92686
3.90424	6.89912
3.9013	6.91498
3.89837	6.96992
3.89544	7.04762
3.89252	7.05557
3.8896	7.02353
3.88668	7.02647
3.88377	6.96248
3.88086	6.83517
3.87796	6.84059
3.87506	6.90529
3.87217	6.86841
3.86928	6.91554
3.86639	6.94153
3.86351	6.92774
3.86064	6.85711
3.85776	6.89833
3.8549	6.94121
3.85203	6.86211
3.84917	6.87858
3.84631	6.89197
3.84346	6.8286
3.84062	6.83317
3.83777	6.9405
3.83494	7.06889
3.8321	7.1309
3.82927	7.11588
3.82644	7.02403
3.82362	7.05289
3.82081	7.11418
3.81799	7.12641
3.81518	7.18905
3.81238	7.12059
3.80958	7.05644
3.80678	7.1256
3.80399	7.16844
3.8012	7.14528
3.79841	7.12664
3.79563	7.16216
3.79286	7.0935
3.79008	7.16884
3.78731	7.25779
3.78455	7.26918
3.78179	7.3084
3.77903	7.32938
3.77628	7.25894
3.77353	7.19857
3.77079	7.15294
3.76805	7.14877
3.76531	7.19033
3.76258	7.13683
3.75985	7.10266
3.75713	7.12414
3.7544	7.19032
3.75169	7.19452
3.74898	7.22256
3.74627	7.20238
3.74356	7.16124
3.74086	7.10714
3.73816	7.11411
3.73547	7.10388
3.73278	7.09174
3.7301	7.07016
3.72741	7.10683
3.72474	7.09555
3.72206	7.14078
3.71939	7.214
3.71673	7.19125
3.71406	7.17407
3.71141	7.04042
3.70875	6.95724
3.7061	7.0129
3.70345	7.12524
3.70081	7.13927
3.69817	7.06401
3.69553	7.07561
3.6929	7.1314
3.69027	7.14542
3.68765	7.16562
3.68503	7.11156
3.68241	7.10174
3.6798	7.10329
3.67719	7.0101
3.67458	7.02188
3.67198	7.02975
3.66938	6.90842
3.66678	6.86899
3.66419	6.97048
3.66161	7.03671
3.65902	7.03958
3.65644	7.05949
3.65387	7.11148
3.65129	7.11645
3.64872	6.97251
3.64616	6.99644
3.64359	7.11261
3.64103	7.02984
3.63848	6.89706
3.63593	6.91134
3.63338	6.90811
3.63084	6.83912
3.6283	6.85784
3.62576	6.86062
3.62322	6.82242
3.62069	6.8745
3.61817	6.87473
3.61564	6.82129
3.61312	6.83188
3.61061	6.88115
3.6081	6.82964
3.60559	6.82497
3.60308	6.89838
3.60058	6.95825
3.59808	6.93685
3.59559	6.85583
3.59309	6.79255
3.59061	6.78402
3.58812	6.69568
3.58564	6.73481
3.58316	6.85992
3.58069	6.90333
3.57822	6.81693
3.57575	6.69706
3.57328	6.73105
3.57082	6.71292
3.56836	6.61562
3.56591	6.60362
3.56346	6.63775
3.56101	6.63589
3.55857	6.71343
3.55613	6.77671
3.55369	6.65322
3.55126	6.5808
3.54883	6.66513
3.5464	6.69324
3.54397	6.62503
3.54155	6.50927
3.53914	6.40464
3.53672	6.44098
3.53431	6.50061
3.5319	6.46037
3.5295	6.33458
3.5271	6.19429
3.5247	6.21787
3.52231	6.24133
3.51991	6.1775
3.51753	6.1076
3.51514	6.07894
3.51276	5.99384
3.51038	5.81448
3.50801	5.84713
3.50563	5.89601
3.50327	5.75747
3.5009	5.64387
3.49854	5.62539
3.49618	5.62705
3.49382	5.59068
3.49147	5.50586
3.48912	5.46726
3.48677	5.45092
3.48443	5.43524
3.48209	5.47261
3.47975	5.46748
3.47742	5.35807
3.47509	5.3373
3.47276	5.38241
3.47044	5.45925
3.46812	5.54253
3.4658	5.60191
3.46348	5.72403
3.46117	5.74408
3.45886	5.71355
3.45656	5.67461
3.45425	5.58496
3.45195	5.547
3.44966	5.57199
3.44736	5.52954
3.44507	5.53705
3.44279	5.59642
3.4405	5.58741
3.43822	5.46823
3.43594	5.42142
3.43367	5.3382
3.43139	5.30064
3.42912	5.37468
3.42686	5.3272
3.42459	5.1793
3.42233	5.15389
3.42007	5.21984
3.41782	5.27795
3.41557	5.25035
3.41332	5.13789
3.41108	5.03883
3.40883	5.03425
3.40659	5.0666
3.40435	5.1387
3.40212	5.09143
3.39989	5.00517
3.39766	5.02919
3.39544	5.07414
3.39322	5.17765
3.391	5.14519
3.38878	5.14062
3.38657	5.05087
3.38436	4.95211
3.38215	5.00901
3.37994	5.10504
3.37774	5.0729
3.37554	4.93046
3.37335	4.881
3.37115	4.94356
3.36896	4.96097
3.36678	4.93634
3.36459	4.96654
3.36241	4.97298
3.36023	5.00742
3.35805	5.12292
3.35588	5.28522
3.35371	5.32893
3.35154	5.34495
3.34938	5.37401
3.34721	5.39639
3.34505	5.47815
3.3429	5.597
3.34074	5.72695
3.33859	5.77531
3.33644	5.81361
3.3343	5.86585
3.33215	6.0301
3.33002	6.04204
3.32788	6.0198
3.32574	6.11233
3.32361	6.26266
3.32148	6.26102
3.31936	6.17694
3.31723	6.13063
3.31511	6.14428
3.31299	6.13222
3.31088	6.14318
3.30876	6.2006
3.30665	6.20521
3.30455	6.12346
3.30244	6.06585
3.30034	6.12252
3.29824	6.17283
3.29614	6.25684
3.29405	6.30692
3.29196	6.27563
3.28987	6.3116
3.28778	6.29494
3.2857	6.29854
3.28362	6.40367
3.28154	6.42839
3.27946	6.44129
3.27739	6.39638
3.27532	6.33916
3.27325	6.3925
3.27119	6.36409
3.26913	6.34295
3.26707	6.37563
3.26501	6.38232
3.26295	6.32608
3.2609	6.34828
3.25885	6.3613
3.2568	6.41158
3.25476	6.45585
3.25272	6.39615
3.25068	6.32293
3.24864	6.21994
3.24661	6.20532
3.24458	6.2212
3.24255	6.22989
3.24052	6.22923
3.2385	6.2899
3.23648	6.44812
3.23446	6.43083
3.23244	6.28415
3.23043	6.23948
3.22841	6.2934
3.2264	6.34085
3.2244	6.41854
3.22239	6.39202
3.22039	6.30704
3.21839	6.2181
3.2164	6.18098
3.2144	6.23268
3.21241	6.29485
3.21042	6.33694
3.20844	6.31434
3.20645	6.30901
3.20447	6.30273
3.20249	6.31198
3.20051	6.3043
3.19854	6.28033
3.19657	6.34731
3.1946	6.50167
3.19263	6.44914
3.19067	6.36867
3.1887	6.27913
3.18674	6.18637
3.18479	6.23725
3.18283	6.28443
3.18088	6.29048
3.17893	6.34746
3.17698	6.37665
3.17504	6.35302
3.17309	6.4015
3.17115	6.47662
3.16921	6.4523
3.16728	6.35459
3.16534	6.33479
3.16341	6.36766
3.16148	6.35302
3.15956	6.35803
3.15763	6.30311
3.15571	6.20066
3.15379	6.15752
3.15187	6.1929
3.14996	6.23812
3.14805	6.3199
3.14614	6.31697
3.14423	6.26609
3.14232	6.17339
3.14042	6.14245
3.13852	6.17035
3.13662	6.18572
3.13472	6.22363
3.13283	6.19484
3.13094	6.17096
3.12905	6.2794
3.12716	6.27975
3.12528	6.14823
3.12339	6.04145
3.12151	6.1456
3.11964	6.23287
3.11776	6.13187
3.11589	6.07447
3.11401	6.10696
3.11214	6.184
3.11028	6.30116
3.10841	6.31439
3.10655	6.33201
3.10469	6.3335
3.10283	6.28666
3.10098	6.18318
3.09912	6.12832
3.09727	6.20118
3.09542	6.14791
3.09358	6.11968
3.09173	6.24399
3.08989	6.28596
3.08805	6.20856
3.08621	6.19334
3.08437	6.22264
3.08254	6.16526
3.08071	6.15454
3.07888	6.11945
3.07705	6.10324
3.07523	6.15143
3.0734	6.2417
3.07158	6.27474
3.06977	6.20327
3.06795	6.21946
3.06613	6.13294
3.06432	6.10774
3.06251	6.15722
3.06071	6.13792
3.0589	6.14593
3.0571	6.17693
3.05529	6.17964
3.05349	6.03772
3.0517	6.12274
3.0499	6.21107
3.04811	6.2029
3.04632	6.18011
3.04453	6.15668
3.04274	6.13703
3.04096	6.18506
3.03918	6.1854
3.0374	6.10271
3.03562	6.13372
3.03384	6.18191
3.03207	6.10734
3.03029	6.09782
3.02852	6.14926
3.02676	6.18451
3.02499	6.12051
3.02323	6.03231
3.02146	5.9922
3.0197	6.16163
3.01795	6.26035
3.01619	6.14834
3.01444	6.08927
3.01269	6.07733
3.01094	6.09707
3.00919	6.18862
3.00744	6.18702
3.0057	5.98416
3.00396	6.02687
3.00222	6.03123
3.00048	5.96343
2.99875	6.03738
2.99701	6.09969
2.99528	6.006
2.99355	5.95554
2.99183	6.05989
2.9901	6.06825
2.98838	6.03169
2.98666	6.07152
2.98494	6.07448
2.98322	6.12016
2.9815	6.10342
2.97979	6.02887
2.97808	6.03747
2.97637	6.10792
2.97466	6.19227
2.97295	6.03031
2.97125	5.83627
2.96955	5.92718
2.96785	6.01039
2.96615	5.93994
2.96446	5.92522
2.96276	5.91971
2.96107	5.95783
2.95938	6.08334
2.95769	6.10967
2.95601	6.01093
2.95432	5.98236
2.95264	6.06459
2.95096	6.0405
2.94928	5.96939
2.9476	5.95088
2.94593	5.88576
2.94425	5.84928
2.94258	5.93834
2.94092	6.04255
2.93925	6.10385
2.93758	6.05649
2.93592	5.97596
2.93426	5.98256
2.9326	5.9999
2.93094	5.94736
2.92928	5.86266
2.92763	5.75573
2.92598	5.88675
2.92433	5.99832
2.92268	6.04585
2.92103	6.10395
2.91939	5.91551
2.91775	5.83934
2.9161	5.8782
2.91447	5.98052
2.91283	6.0857
2.91119	6.03977
2.90956	5.87939
2.90793	5.83384
2.9063	5.90685
2.90467	5.85055
2.90304	5.8153
2.90142	5.94951
2.89979	5.99833
2.89817	5.91036
2.89656	5.92092
2.89494	5.90787
2.89332	5.73555
2.89171	5.70873
2.8901	5.79945
2.88849	5.82201
2.88688	5.87042
2.88527	5.90908
2.88367	5.87132
2.88206	5.95647
2.88046	6.08086
2.87886	6.04711
2.87727	5.99125
2.87567	5.93061
2.87408	5.89082
2.87248	5.82949
2.87089	5.81946
2.8693	5.87348
2.86772	5.94543
2.86613	5.91764
2.86455	5.87906
2.86297	5.84124
2.86139	5.9234
2.85981	5.92308
2.85823	5.86633
2.85666	5.90425
2.85508	6.02703
2.85351	5.96864
2.85194	5.92699
2.85038	5.98953
2.84881	6.05091
2.84724	5.95144
2.84568	5.83968
2.84412	5.70605
2.84256	5.73715
2.841	5.7869
2.83945	5.78836
2.83789	5.8038
2.83634	5.82676
2.83479	5.82034
2.83324	5.92133
2.83169	6.02593
2.83015	6.05769
2.82861	6.06352
2.82706	6.09668
2.82552	5.97555
2.82398	5.87262
2.82245	5.71127
2.82091	5.72722
2.81938	5.88671
2.81784	5.96935
2.81631	5.89342
2.81479	5.94208
2.81326	5.87854
2.81173	5.79882
2.81021	5.98645
2.80869	5.99805
2.80716	5.89788
2.80565	5.86137
2.80413	5.98135
2.80261	6.01432
2.8011	6.00067
2.79959	6.01767
2.79808	6.02946
2.79657	6.01369
2.79506	5.89303
2.79355	5.77095
2.79205	5.67633
2.79055	5.70112
2.78904	5.73541
2.78754	5.91851
2.78605	6.07158
2.78455	5.97826
2.78306	5.89498
2.78156	5.88528
2.78007	5.97195
2.77858	5.91402
2.77709	5.70966
2.77561	5.6513
2.77412	5.57423
2.77264	5.69182
2.77116	5.58814
2.76968	5.41474
2.7682	5.7812
2.76672	5.76519
2.76524	5.52892
2.76377	5.51887
2.7623	5.47277
2.76083	5.38305
2.75936	5.51231
2.75789	5.5113
2.75642	5.47901
2.75496	5.58091
2.7535	5.53603
2.75203	5.56248
2.75057	5.61809
2.74912	5.68808
2.74766	5.67419
2.7462	5.63912
2.74475	5.59317
2.7433	5.5395
2.74185	5.69675
2.7404	5.68839
2.73895	5.53946
2.7375	5.44319
2.73606	5.46137
2.73462	5.48618
2.73318	5.58939
2.73174	5.81112
2.7303	5.94922
2.72886	5.72408
2.72742	5.65543
2.72599	5.70851
2.72456	5.83572
2.72313	5.83644
2.7217	5.74556
2.72027	5.75599
2.71884	5.79929
2.71742	5.82516
2.71599	5.70766
2.71457	5.66163
2.71315	5.81808
2.71173	5.85699
2.71032	5.82218
2.7089	5.87058
2.70748	5.8498
2.70607	5.75952
2.70466	5.7546
2.70325	5.86492
2.70184	5.92857
2.70043	5.853
2.69903	5.78921
2.69762	5.81725
2.69622	5.85278
2.69482	5.87299
2.69342	5.93168
2.69202	5.83076
2.69062	5.71404
2.68923	5.79585
2.68783	5.74264
2.68644	5.62493
2.68505	5.8203
2.68366	5.92892
2.68227	5.92207
2.68089	5.91912
2.6795	5.9326
2.67812	5.98837
2.67673	5.90854
2.67535	5.80749
2.67397	5.85401
2.6726	5.78182
2.67122	5.87835
2.66984	6.02204
2.66847	6.00984
2.6671	6.07597
2.66572	5.99123
2.66435	5.89297
2.66299	5.78343
2.66162	5.76164
2.66025	5.82017
2.65889	5.7973
2.65753	5.76129
2.65616	5.78992
2.65481	5.83784
2.65345	5.91708
2.65209	5.85624
2.65073	5.85447
2.64938	5.80247
2.64803	5.78792
2.64667	5.90704
2.64532	5.93002
2.64397	5.75631
2.64263	5.63665
2.64128	5.64753
2.63994	5.77513
2.63859	5.74556
2.63725	5.79008
2.63591	5.86507
2.63457	5.85097
2.63323	5.85273
2.6319	5.83465
2.63056	5.77701
2.62923	5.69713
2.62789	5.73963
2.62656	5.79409
2.62523	5.69491
2.6239	5.66574
2.62258	5.66836
2.62125	5.70218
2.61993	5.78015
2.6186	5.8454
2.61728	5.82405
2.61596	5.71492
2.61464	5.60593
2.61332	5.54006
2.61201	5.54081
2.61069	5.68246
2.60938	5.84464
2.60807	5.77891
2.60675	5.74568
2.60544	5.99696
2.60414	6.05916
2.60283	5.9491
2.60152	5.81535
2.60022	5.72612
2.59891	5.85751
2.59761	5.95756
2.59631	6.00787
2.59501	5.88548
2.59371	5.84107
2.59242	5.85664
2.59112	5.66602
2.58983	5.56256
2.58853	5.74838
2.58724	5.85824
2.58595	5.83882
2.58466	5.9699
2.58338	5.92681
2.58209	5.73139
2.5808	5.72332
2.57952	5.58934
2.57824	5.53464
2.57695	5.64512
2.57567	5.80784
2.5744	5.81425
2.57312	5.7698
2.57184	5.72492
2.57057	5.76438
2.56929	5.80421
2.56802	5.82156
2.56675	5.86646
2.56548	5.75763
2.56421	5.81694
2.56294	5.87162
2.56168	5.8538
2.56041	5.82046
2.55915	5.73376
2.55789	5.71963
2.55662	5.65787
2.55536	5.67308
2.5541	5.73837
2.55285	5.75914
2.55159	5.769
2.55034	5.65723
2.54908	5.58678
2.54783	5.77983
2.54658	5.76122
2.54533	5.74394
2.54408	5.75865
2.54283	5.71888
2.54159	5.72075
2.54034	5.68306
2.5391	5.59605
2.53785	5.54878
2.53661	5.5341
2.53537	5.62517
2.53413	5.56695
2.53289	5.34704
2.53166	5.36933
2.53042	5.468
2.52919	5.62068
2.52795	5.62627
2.52672	5.70633
2.52549	5.86102
2.52426	5.77916
2.52303	5.73838
2.52181	5.72124
2.52058	5.64809
2.51936	5.5998
2.51813	5.68498
2.51691	5.77529
2.51569	5.76088
2.51447	5.65133
2.51325	5.52983
2.51203	5.52755
2.51082	5.60211
2.5096	5.72447
2.50839	5.78188
2.50717	5.72638
2.50596	5.60431
2.50475	5.4869
2.50354	5.48017
2.50233	5.67733
2.50113	5.70948
2.49992	5.59092
2.49872	5.52336
2.49751	5.53617
2.49631	5.55808
2.49511	5.5982
2.49391	5.61193
2.49271	5.62543
2.49151	5.73499
2.49031	5.73965
2.48912	5.7134
2.48792	5.74691
2.48673	5.72487
2.48554	5.67082
2.48435	5.69148
2.48316	5.72739
2.48197	5.63029
2.48078	5.46607
2.4796	5.48428
2.47841	5.70154
2.47723	5.69905
2.47604	5.67595
2.47486	5.67025
2.47368	5.59538
2.4725	5.63258
2.47132	5.70254
2.47014	5.68446
2.46897	5.60929
2.46779	5.63929
2.46662	5.64693
2.46545	5.58774
2.46427	5.53738
2.4631	5.67186
2.46193	5.87959
2.46077	5.90736
2.4596	5.80062
2.45843	5.75077
2.45727	5.68632
2.4561	5.67555
2.45494	5.6663
2.45378	5.73428
2.45262	5.77351
2.45146	5.62151
2.4503	5.64848
2.44914	5.68879
2.44799	5.62581
2.44683	5.59389
2.44568	5.65857
2.44452	5.65546
2.44337	5.5489
2.44222	5.40617
2.44107	5.39307
2.43992	5.45936
2.43877	5.50465
2.43763	5.72397
2.43648	5.91699
2.43534	5.76995
2.43419	5.49069
2.43305	5.54425
2.43191	5.64869
2.43077	5.76391
2.42963	5.77169
2.42849	5.68163
2.42736	5.69682
2.42622	5.54515
2.42509	5.37313
2.42395	5.53668
2.42282	5.80358
2.42169	5.72175
2.42056	5.38387
2.41943	5.2517
2.4183	5.43614
2.41717	5.5203
2.41605	5.56733
2.41492	5.69943
2.4138	5.71746
2.41267	5.63112
2.41155	5.58096
2.41043	5.65016
2.40931	5.64229
2.40819	5.60888
2.40707	5.64298
2.40595	5.6805
2.40484	5.6105
2.40372	5.51199
2.40261	5.40119
2.4015	5.37583
2.40039	5.48154
2.39928	5.62993
2.39817	5.57619
2.39706	5.49797
2.39595	5.46187
2.39484	5.52248
2.39374	5.63226
2.39263	5.71439
2.39153	5.62565
2.39043	5.37864
2.38932	5.34317
2.38822	5.50242
2.38712	5.52752
2.38603	5.59168
2.38493	5.69281
2.38383	5.65667
2.38274	5.60883
2.38164	5.48044
2.38055	5.23542
2.37946	5.20429
2.37836	5.4192
2.37727	5.55437
2.37618	5.52774
2.3751	5.50332
2.37401	5.55854
2.37292	5.60987
2.37184	5.59628
2.37075	5.60366
2.36967	5.5912
2.36859	5.54278
2.3675	5.53946
2.36642	5.51261
2.36534	5.45713
2.36427	5.51738
2.36319	5.59905
2.36211	5.61087
2.36104	5.57588
2.35996	5.70077
2.35889	5.58736
2.35781	5.42149
2.35674	5.50314
2.35567	5.50648
2.3546	5.51648
2.35353	5.62474
2.35247	5.57081
2.3514	5.61012
2.35033	5.64251
2.34927	5.52936
2.3482	5.60751
2.34714	5.55892
2.34608	5.42172
2.34502	5.54682
2.34396	5.62322
2.3429	5.44457
2.34184	5.52094
2.34078	5.56304
2.33973	5.50187
2.33867	5.66385
2.33762	5.72194
2.33656	5.56183
2.33551	5.30073
2.33446	5.12149
2.33341	5.18651
2.33236	5.38509
2.33131	5.4905
2.33026	5.37041
2.32922	5.49012
2.32817	5.55105
2.32712	5.42713
2.32608	5.58288
2.32504	5.68814
2.324	5.60029
2.32295	5.59819
2.32191	5.58275
2.32087	5.45626
2.31984	5.38278
2.3188	5.36817
2.31776	5.37722
2.31673	5.34925
2.31569	5.45544
2.31466	5.46752
2.31362	5.50421
2.31259	5.43582
2.31156	5.36229
2.31053	5.34721
2.3095	5.25239
2.30847	5.3189
2.30745	5.3157
2.30642	5.33999
2.3054	5.65084
2.30437	5.70966
2.30335	5.67294
2.30232	5.69036
2.3013	5.59932
2.30028	5.74738
2.29926	5.75993
2.29824	5.60456
2.29722	5.61659
2.29621	5.44444
2.29519	5.22985
2.29417	5.28936
2.29316	5.38784
2.29215	5.46307
2.29113	5.43029
2.29012	5.43177
2.28911	5.5615
2.2881	5.59104
2.28709	5.37861
2.28608	5.2121
2.28507	5.3151
2.28407	5.49369
2.28306	5.63227
2.28206	5.6775
2.28105	5.64665
2.28005	5.54718
2.27905	5.38521
2.27805	5.3543
2.27705	5.36564
2.27605	5.53864
2.27505	5.59967
2.27405	5.53965
2.27305	5.26924
2.27206	5.39825
2.27106	5.62386
2.27007	5.51892
2.26907	5.51178
2.26808	5.48018
2.26709	5.39479
2.2661	5.34983
2.26511	5.36023
2.26412	5.43842
2.26313	5.46693
2.26214	5.53814
2.26116	5.63158
2.26017	5.6076
2.25919	5.4208
2.2582	5.31566
2.25722	5.42012
2.25624	5.58075
2.25526	5.58668
2.25428	5.56131
2.2533	5.44296
2.25232	5.319
2.25134	5.24021
2.25036	5.30231
2.24939	5.25839
2.24841	5.1527
2.24744	5.29969
2.24646	5.48244
2.24549	5.62803
2.24452	5.54743
2.24355	5.42193
2.24257	5.62852
2.24161	5.65499
2.24064	5.42883
2.23967	5.28007
2.2387	5.18849
2.23774	5.29775
2.23677	5.48511
2.23581	5.56068
2.23484	5.5228
2.23388	5.52241
2.23292	5.45743
2.23196	5.50652
2.231	5.61243
2.23004	5.62227
2.22908	5.40225
2.22812	5.37199
2.22716	5.40436
2.22621	5.30844
2.22525	5.2404
2.2243	5.2497
2.22334	5.30684
2.22239	5.2774
2.22144	5.32259
2.22049	5.40958
2.21953	5.39549
2.21859	5.43366
2.21764	5.50406
2.21669	5.30947
2.21574	5.2377
2.21479	5.57131
2.21385	5.66039
2.2129	5.44756
2.21196	5.45693
2.21102	5.61272
2.21007	5.59439
2.20913	5.47128
2.20819	5.39671
2.20725	5.42637
2.20631	5.46997
2.20537	5.43935
2.20444	5.65561
2.2035	5.55308
2.20256	5.4093
2.20163	5.56109
2.20069	5.53097
2.19976	5.46777
2.19883	5.47845
2.19789	5.4029
2.19696	5.42063
2.19603	5.50532
2.1951	5.62488
2.19417	5.63259
2.19325	5.3396
2.19232	5.21534
2.19139	5.2688
2.19047	5.22814
2.18954	5.19405
2.18862	5.2228
2.18769	5.25865
2.18677	5.22343
2.18585	5.24089
2.18493	5.32277
2.18401	5.27789
2.18309	5.36343
2.18217	5.51912
2.18125	5.4172
2.18033	5.31874
2.17942	5.4199
2.1785	5.53485
2.17759	5.48737
2.17667	5.38568
2.17576	5.37782
2.17485	5.47803
2.17393	5.62507
2.17302	5.38844
2.17211	5.1243
2.1712	5.33715
2.17029	5.44412
2.16939	5.5232
2.16848	5.60897
2.16757	5.50799
2.16667	5.47046
2.16576	5.65026
2.16486	5.72705
2.16395	5.54027
2.16305	5.36102
2.16215	5.15975
2.16125	5.19307
2.16035	5.34657
2.15945	5.36674
2.15855	5.49057
2.15765	5.62756
2.15675	5.78305
2.15586	5.60544
2.15496	5.37646
2.15406	5.2878
2.15317	5.2193
2.15228	5.0928
2.15138	5.18064
2.15049	5.33143
2.1496	5.44308
2.14871	5.33843
2.14782	5.30783
2.14693	5.21487
2.14604	5.30544
2.14515	5.51261
2.14427	5.62031
2.14338	5.72146
2.14249	5.76693
2.14161	5.76626
2.14072	5.66527
2.13984	5.65538
2.13896	5.61592
2.13808	5.47852
2.13719	5.29597
2.13631	5.17041
2.13543	5.01304
2.13455	4.96653
2.13368	5.20176
2.1328	5.36887
2.13192	5.33424
2.13105	5.38696
2.13017	5.48034
2.1293	5.48135
2.12842	5.39265
2.12755	5.41894
2.12668	5.42501
2.1258	5.37161
2.12493	5.34701
2.12406	5.25017
2.12319	5.3147
2.12232	5.36342
2.12145	5.31617
2.12059	5.30413
2.11972	5.35263
2.11885	5.4983
2.11799	5.40514
2.11712	5.2935
2.11626	5.53862
2.1154	5.52293
2.11453	5.24474
2.11367	5.15215
2.11281	5.39338
2.11195	5.61938
2.11109	5.65833
2.11023	5.33479
2.10937	5.2196
2.10851	5.5045
2.10766	5.64962
2.1068	5.64346
2.10594	5.49129
2.10509	5.37673
2.10423	5.55618
2.10338	5.46816
2.10253	5.41769
2.10168	5.57196
2.10082	5.63333
2.09997	5.52926
2.09912	5.33834
2.09827	5.1925
2.09742	5.14686
2.09658	5.19419
2.09573	5.22789
2.09488	5.24494
2.09404	5.32609
2.09319	5.49757
2.09235	5.68026
2.0915	5.50327
2.09066	5.16824
2.08982	5.12394
2.08897	5.27493
2.08813	5.36797
2.08729	5.4871
2.08645	5.54261
2.08561	5.58387
2.08477	5.46558
2.08394	5.21608
2.0831	5.01893
2.08226	5.13041
2.08143	5.37228
2.08059	5.70649
2.07976	5.68109
2.07892	5.39309
2.07809	4.92512
2.07726	5.19151
2.07643	5.59703
2.07559	5.15751
2.07476	5.35345
2.07393	5.27427
2.0731	4.86391
2.07228	4.64032
2.07145	4.26728
2.07062	4.46891
2.06979	5.02252
2.06897	5.42499
2.06814	5.50642
2.06732	5.60013
2.06649	5.4893
2.06567	5.22317
2.06485	5.4726
2.06403	5.66037
2.0632	5.39443
2.06238	5.32224
2.06156	5.86041
2.06074	5.74434
2.05993	4.96228
2.05911	4.7102
2.05829	5.17066
2.05747	5.2748
2.05666	5.27072
2.05584	5.46206
2.05503	5.58605
2.05421	5.50816
2.0534	5.56625
2.05259	5.51952
2.05177	5.18423
2.05096	5.12896
2.05015	5.29706
2.04934	5.58105
2.04853	5.65886
2.04772	5.41303
2.04691	5.39229
2.04611	5.49209
2.0453	5.35822
2.04449	5.30311
2.04369	5.50792
2.04288	5.42753
2.04208	5.25087
2.04127	5.45285
2.04047	5.55598
2.03967	5.38817
2.03886	5.28475
2.03806	5.43775
2.03726	5.46879
2.03646	5.22497
2.03566	5.22847
2.03486	5.39316
2.03407	5.28918
2.03327	5.44903
2.03247	5.66196
2.03167	5.63106
2.03088	5.51238
2.03008	5.33464
2.02929	5.33025
2.0285	5.48942
2.0277	5.50377
2.02691	5.20494
2.02612	5.2879
2.02533	5.27267
2.02453	5.19484
2.02374	5.16818
2.02295	5.15776
2.02217	5.10941
2.02138	5.13225
2.02059	5.10502
2.0198	5.04444
2.01902	5.37774
2.01823	5.60783
2.01744	5.53741
2.01666	5.35353
2.01588	5.31922
2.01509	5.6924
2.01431	5.79179
2.01353	5.63136
2.01275	5.70119
2.01196	5.49397
2.01118	5.16096
2.0104	5.33371
2.00963	5.49999
2.00885	5.45591
2.00807	5.25937
2.00729	5.20917
2.00651	5.27419
2.00574	5.44317
2.00496	5.322
2.00419	5.07775
2.00341	5.09824
2.00264	5.3308
2.00187	5.48563
2.00109	5.47891
2.00032	5.57664
