Name: Alunite (potassium alunite) KAl3(SO4)2(OH)6
Type:  Mineral 
Class:  Sulfates
Subclass:  
Particle Size:  0-15 micrometers (packed powder simulates coarse).
Sample No.:  alunite.3
Owner:  JHU
Wavelength Range:  IR
Origin: Synthetic; Synthesized by Roger Stoffregen, supplied by Phil 
Bethke (USGS).  
Description:  The sample was a light gray, microcrystalline powder 
composed of equant or lath-shaped crystallites from 1 to 15 
micrometers in largest dimension.



Measurement:  Bidirectional Reflectance
First Column:  X
Second Column:  Y  
X Units:  Wavelength (micrometers)
Y Units:  Reflectance (percent)
First X Value:  25.0442
Last X Value:  2.079
Number of X Values:  2287
Additional Information: alunit3a.txt

25.04420302	7.0371
24.9237955	6.9219
24.80454022	7.0332
24.68642074	7.0976
24.5694209	7.1294
24.45358465	7.3418
24.3387763	7.3752
24.22504094	7.2876
24.11236361	7.2807
24.00072962	7.4155
23.89012454	7.8772
23.78053421	7.8366
23.67194472	7.8557
23.56434244	8.0879
23.45771395	8.3017
23.35204611	8.4526
23.24732598	8.5083
23.14354087	8.5617
23.04067832	8.5566
22.93872607	8.3623
22.83767211	8.0122
22.7375046	7.6553
22.63821194	6.9897
22.53978272	6.2392
22.44220571	5.7959
22.3454699	5.6372
22.24956446	5.6738
22.15447875	5.7236
22.06020229	5.6826
21.96677306	5.7283
21.87408402	5.8301
21.7821739	5.9043
21.69103293	5.9604
21.60065148	6.0808
21.5110201	6.2107
21.42212949	6.2871
21.33397051	6.3310
21.24653416	6.4167
21.15981159	6.4609
21.0737941	6.5461
20.98847313	6.7002
20.90384024	6.7424
20.81988716	6.7688
20.73660571	6.7373
20.65398787	6.7390
20.57202575	6.8052
20.49071156	6.6789
20.41003766	6.4866
20.3299965	6.4743
20.25058069	6.5227
20.1717829	6.5701
20.09359597	6.6167
20.01601281	6.6584
19.93906621	6.6540
19.8626695	6.6260
19.78685599	6.6147
19.71161901	6.6570
19.63695203	6.6797
19.56284859	6.7077
19.48930232	6.7663
19.41630698	6.8374
19.34385639	6.9487
19.27194448	7.0754
19.20056526	7.1050
19.12971284	7.1704
19.05938141	7.2331
18.98956523	7.2173
18.92025868	7.1274
18.85145618	6.9875
18.78315226	6.7490
18.71534153	6.5054
18.64801865	6.3130
18.58117838	6.1926
18.51481556	6.1531
18.44892507	6.2253
18.38350191	6.3327
18.31854111	6.3711
18.25407111	6.4162
18.19002023	6.5251
18.12641726	6.5676
18.06325753	6.5962
18.00053642	6.6936
17.93824937	6.7822
17.8763919	6.8205
17.81495958	6.8730
17.75394803	6.9231
17.69335296	6.9897
17.63317011	7.0549
17.57339529	7.1294
17.51402436	7.1733
17.45505324	7.1911
17.39647791	7.2536
17.3382944	7.3862
17.28049878	7.5129
17.2230872	7.5847
17.16605584	7.6875
17.10940093	7.8435
17.05311876	8.0266
16.99720566	8.3003
16.94165801	8.6357
16.88647225	9.0603
16.83167317	9.4585
16.77720046	9.8159
16.72307919	10.0510
16.66930597	10.1477
16.61587747	10.1850
16.56279037	10.1526
16.51004141	9.9741
16.45762737	9.5959
16.40554507	8.9004
16.35379138	7.9887
16.30236319	7.2854
16.25125744	7.1145
16.20047111	7.4343
16.15000121	7.9653
16.0998448	8.4526
16.04999896	8.8911
16.00048641	9.2517
15.95125297	9.4721
15.90232158	9.6096
15.85368947	9.7446
15.80535391	9.8945
15.75731218	10.0774
15.70956162	10.2436
15.6620996	10.4594
15.61492349	10.6428
15.56803074	10.6828
15.52141878	10.3413
15.47508511	9.3799
15.42902725	7.9004
15.38324273	6.5718
15.33772913	5.8115
15.29248405	5.5288
15.24750513	5.5627
15.20279002	5.7839
15.1583364	6.0649
15.114142	6.3176
15.07020455	6.6145
15.02652181	6.9534
14.98309158	7.2656
14.93991168	7.5854
14.89700213	7.9121
14.85431629	8.2380
14.81187438	8.5466
14.76967431	8.8310
14.72771402	9.0881
14.68599147	9.3445
14.64450465	9.6069
14.60325156	9.8864
14.56223023	10.1982
14.52143873	10.5058
14.48087511	10.7849
14.44053748	11.0312
14.40042395	11.2732
14.36053266	11.4983
14.32086177	11.6819
14.28140946	11.8911
14.24217393	12.0913
14.20315338	12.2431
14.16434607	12.4358
14.12575025	12.7273
14.0873642	13.0427
14.0491862	13.3911
14.01121458	13.7722
13.97344765	14.1953
13.93590321	14.5534
13.89854065	14.7700
13.8613779	14.8386
13.82441336	14.6858
13.78764544	14.3432
13.75107258	13.9018
13.71469324	13.3767
13.67850587	12.7302
13.64250897	11.9946
13.60670103	11.2011
13.57108057	10.3479
13.53564612	9.4509
13.50039624	8.4997
13.46532947	7.5141
13.4304444	6.5317
13.39573962	5.6279
13.36121373	4.7939
13.32686536	4.0537
13.29269314	3.4233
13.25869572	2.8843
13.22487175	2.4849
13.19121992	2.2556
13.15773892	2.1216
13.12442745	2.0281
13.09130135	1.9680
13.05832501	1.9670
13.02551438	2.0073
12.99286821	2.0325
12.96038529	2.0696
12.92806437	2.1296
12.89590426	2.1929
12.86390376	2.2646
12.83206168	2.3215
12.80037684	2.3567
12.7688481	2.3938
12.73747429	2.4604
12.70625427	2.5288
12.67518693	2.5881
12.64427113	2.6377
12.61350579	2.6929
12.58290562	2.7361
12.55243781	2.7617
12.52211719	2.7910
12.4919427	2.8162
12.46191328	2.8594
12.43202789	2.9094
12.40228549	2.9211
12.37268507	2.9397
12.34322561	2.9773
12.31390609	3.0007
12.28472554	3.0315
12.25568296	3.0710
12.22677738	3.1235
12.19800782	3.1855
12.16937334	3.2361
12.14087298	3.2576
12.1125058	3.2842
12.08427087	3.3335
12.05616727	3.3694
12.02819409	3.3918
12.00035041	3.4448
11.97263534	3.4592
11.945048	3.4663
11.9175875	3.5029
11.8902671	3.5549
11.86305761	3.6040
11.83597236	3.6338
11.80901051	3.6775
11.78217122	3.7017
11.75545365	3.7170
11.72885698	3.7475
11.70238038	3.7593
11.67602305	3.7798
11.64978419	3.8113
11.62366299	3.8227
11.59765866	3.8310
11.57177043	3.8501
11.54599752	3.8704
11.52033916	3.8923
11.49479458	3.9036
11.46936304	3.9128
11.44404378	3.9414
11.41883606	3.9639
11.39373914	3.9741
11.3687523	3.9858
11.34387482	3.9946
11.31910597	3.9924
11.29444505	4.0044
11.26990406	4.0342
11.24545684	4.0525
11.22111545	4.0547
11.19687921	4.0618
11.17274743	4.0810
11.14871946	4.1121
11.12479461	4.1213
11.10097222	4.1306
11.07725165	4.1570
11.05363222	4.1782
11.03011331	4.2012
11.00669427	4.2278
10.98337447	4.2537
10.96015327	4.2956
10.93703005	4.3389
10.9140042	4.3708
10.89107509	4.3967
10.86824213	4.4275
10.8455047	4.4717
10.82286221	4.5085
10.80031407	4.5347
10.77785969	4.5644
10.75549848	4.5974
10.73322986	4.6262
10.71106474	4.6511
10.68897956	4.6899
10.66698525	4.7231
10.64508128	4.7392
10.62326708	4.7627
10.6015421	4.7934
10.5799058	4.8122
10.55835763	4.8266
10.53689705	4.8479
10.51552354	4.8730
10.49423657	4.9026
10.4730356	4.9304
10.45192012	4.9668
10.43088962	5.0005
10.40994358	5.0185
10.38908149	5.0251
10.36830285	5.0388
10.34760717	5.0640
10.32699394	5.0818
10.30646267	5.0793
10.28601287	5.0735
10.26564407	5.0942
10.24535578	5.1052
10.22514752	5.0913
10.20502924	5.0874
10.1849796	5.0945
10.16500858	5.0911
10.14511574	5.1013
10.12530059	5.1194
10.10556271	5.1304
10.08590162	5.1494
10.0663169	5.1680
10.04680808	5.1733
10.02737473	5.1767
10.00801642	5.1826
9.98873271	5.1772
9.969523168	5.1489
9.950387369	5.1072
9.931324888	5.1077
9.912335307	5.1340
9.893427994	5.1438
9.874582922	5.1387
9.855809507	5.1123
9.83710734	5.0681
9.818476015	5.0325
9.799915133	4.9807
9.781424293	4.9280
9.7630031	5.0161
9.744651161	5.2497
9.726368087	5.3601
9.70815349	5.1785
9.690006986	4.9509
9.671928196	4.8799
9.653916739	4.9065
9.635972241	4.9678
9.618094328	5.0508
9.600282632	5.1006
9.582536785	5.1245
9.564856422	5.1555
9.547241181	5.2021
9.529690704	5.2510
9.512204634	5.2790
9.494782617	5.2920
9.477424301	5.3074
9.460138288	5.3296
9.4429063	5.3664
9.425736975	5.4148
9.408629972	5.4783
9.391584952	5.5747
9.374601579	5.7092
9.35767952	5.8884
9.340818443	6.1308
9.324018018	6.3921
9.307277919	6.6084
9.290597822	6.7536
9.273977405	6.8410
9.257416348	6.9035
9.240914333	6.9934
9.224471046	7.1045
9.208086173	7.1811
9.191759404	7.2541
9.17549043	7.3406
9.159278945	7.4265
9.143124645	7.5188
9.127027227	7.6240
9.110986392	7.7051
9.095001842	7.7783
9.079073281	7.8865
9.06320863	7.9844
9.04739114	8.0693
9.031628764	8.1767
9.015921215	8.2932
9.000268208	8.4004
8.984669459	8.5168
8.969124685	8.6621
8.953633608	8.7766
8.93819595	8.8911
8.922811435	9.0185
8.907479789	9.1174
8.89220074	9.1733
8.876974017	9.2322
8.861799353	9.2832
8.846676481	9.2766
8.831605135	9.2636
8.816585054	9.2673
8.801615977	9.2402
8.786697643	9.1806
8.771829795	9.1198
8.757012178	9.0508
8.742244536	8.9399
8.727526619	8.8061
8.712858175	8.6386
8.69824652	8.3865
8.683676252	8.0425
8.669154714	7.5925
8.654681663	7.0066
8.640256858	6.5290
8.625880055	6.6489
8.611551018	7.4162
8.597269507	8.2138
8.583035287	8.6135
8.568848124	8.6850
8.554707784	8.5469
8.540614036	8.2759
8.52656665	7.9402
8.512565398	7.5625
8.498610052	7.1694
8.484700388	6.8222
8.470836182	6.5036
8.45701721	6.2175
8.443243252	5.9905
8.429514089	5.7949
8.415829502	5.6013
8.402189274	5.4270
8.388593191	5.2703
8.375041038	5.1084
8.361539594	4.9765
8.348074642	4.8747
8.334652987	4.7678
8.32127442	4.6621
8.307938734	4.5879
8.294645723	4.5381
8.281395183	4.5000
8.268186911	4.4702
8.255020704	4.4619
8.241896361	4.4580
8.228813685	4.4512
8.215772476	4.4675
8.202772537	4.4953
8.189813674	4.5220
8.176895691	4.5542
8.164018395	4.6142
8.151188239	4.6733
8.138391724	4.7253
8.125635323	4.7737
8.11291885	4.8108
8.100242116	4.8525
8.087604937	4.9082
8.075007126	4.9785
8.062448501	5.0561
8.049928879	5.1543
8.037448078	5.2866
8.025005918	5.4272
8.012602221	5.5771
8.000236807	5.7556
7.9879095	5.9375
7.975620124	6.1067
7.963368505	6.2861
7.951154468	6.4519
7.938977841	6.5845
7.926838452	6.6926
7.914736131	6.7661
7.902670708	6.7959
7.890642014	6.7917
7.878649883	6.7566
7.866694148	6.6533
7.854780812	6.5017
7.842897355	6.2983
7.831049799	6.0237
7.819237984	5.6848
7.807461747	5.3186
7.795720929	4.9370
7.784015369	4.5464
7.772344909	4.1645
7.760709391	3.8044
7.749108659	3.4663
7.737542556	3.1626
7.726010929	2.9055
7.714513623	2.6824
7.703050485	2.4966
7.691621363	2.3391
7.680226106	2.2146
7.668864563	2.1086
7.657536586	2.0278
7.646242025	1.9719
7.634980733	1.9236
7.623752563	1.8896
7.61255737	1.8650
7.601395008	1.8557
7.590265333	1.8613
7.579173946	1.8669
7.568109199	1.8772
7.557076711	1.8816
7.546076342	1.8870
7.535107952	1.9011
7.524171401	1.9109
7.51326655	1.9158
7.502393263	1.9294
7.491551403	1.9456
7.480740833	1.9692
7.469961418	1.9968
7.459213023	2.0176
7.448495516	2.0420
7.437808762	2.0779
7.42715263	2.1162
7.416526989	2.1543
7.405931707	2.1902
7.395366655	2.2241
7.384831703	2.2644
7.374326724	2.3030
7.363851589	2.3330
7.353406171	2.3591
7.342990345	2.3809
7.332603984	2.4036
7.322252325	2.4304
7.311924506	2.4519
7.30162578	2.4729
7.291356025	2.4968
7.281115117	2.5193
7.270902937	2.5447
7.260719363	2.5754
7.250564275	2.6023
7.240437554	2.6296
7.230339081	2.6528
7.220268738	2.6797
7.210226408	2.7041
7.200211974	2.7214
7.19022532	2.7368
7.18026633	2.7588
7.17033489	2.7815
7.160436013	2.8047
7.150559317	2.8162
7.140709829	2.8254
7.130887439	2.8379
7.121092034	2.8435
7.111323503	2.8450
7.101581735	2.8408
7.091866622	2.8393
7.082178053	2.8364
7.07251592	2.8240
7.062880115	2.8230
7.053270531	2.8245
7.04368706	2.8232
7.034129597	2.8286
7.024598035	2.8279
7.01509227	2.8232
7.005612196	2.8240
6.99615771	2.8423
6.986728709	2.8508
6.977325089	2.8643
6.967946748	2.8889
6.958593585	2.9123
6.949265497	2.9399
6.939962385	2.9619
6.930688952	2.9773
6.921435478	2.9924
6.912206681	3.0181
6.903002461	3.0503
6.893822721	3.0715
6.884667364	3.0813
6.875536292	3.0972
6.866429409	3.1116
6.857346618	3.1182
6.848287825	3.1255
6.839252935	3.1316
6.830241852	3.1362
6.821254483	3.1360
6.812290735	3.1323
6.803350514	3.1299
6.794433728	3.1230
6.785540285	3.1189
6.776670093	3.1211
6.767823062	3.1157
6.7589991	3.1160
6.750198118	3.1326
6.741420026	3.1499
6.732664735	3.1616
6.723932156	3.1851
6.715226709	3.2119
6.706539278	3.2344
6.697874296	3.2656
6.689231675	3.2981
6.680611329	3.3262
6.672013173	3.3589
6.663437121	3.3916
6.654883087	3.4187
6.646350987	3.4517
6.637840737	3.4875
6.629352253	3.5127
6.620885451	3.5391
6.612440248	3.5664
6.604016563	3.5957
6.595614312	3.6294
6.587233415	3.6628
6.578873789	3.7019
6.570535354	3.7395
6.56221803	3.7756
6.553921736	3.8208
6.545646392	3.8652
6.537391921	3.9011
6.529158241	3.9426
6.520945276	3.9802
6.512757189	4.0071
6.504585407	4.0361
6.496434107	4.0647
6.488303211	4.0947
6.480192643	4.1228
6.472102327	4.1413
6.464032186	4.1599
6.455982145	4.1829
6.44795213	4.2078
6.439942066	4.2244
6.431951879	4.2283
6.423981494	4.2331
6.416030838	4.2375
6.408099838	4.2402
6.400188422	4.2331
6.392296516	4.2202
6.384424048	4.2114
6.376570948	4.2026
6.368737143	4.1921
6.360922563	4.1848
6.353127136	4.1833
6.345350793	4.1902
6.337593464	4.1907
6.329855078	4.1802
6.322139564	4.1731
6.314438848	4.1684
6.30675687	4.1667
6.29909356	4.1628
6.291448851	4.1611
6.283822676	4.1662
6.276214965	4.1706
6.268625654	4.1672
6.261054675	4.1611
6.253501961	4.1516
6.245967447	4.1440
6.238451067	4.1382
6.230952756	4.1211
6.223472449	4.0964
6.21601008	4.0774
6.208565585	4.0508
6.201142747	4.0251
6.1937338	3.9995
6.186342535	3.9724
6.178968891	3.9433
6.171612803	3.9165
6.164274209	3.8953
6.156953047	3.8657
6.149649255	3.8315
6.14236277	3.8103
6.135093533	3.7949
6.12784148	3.7776
6.120606552	3.7607
6.113388688	3.7475
6.106187828	3.7329
6.099003911	3.7280
6.091836878	3.7302
6.084686669	3.7226
6.077553226	3.7180
6.070436489	3.7204
6.063336399	3.7141
6.056252899	3.7173
6.049185931	3.7366
6.042135436	3.7522
6.035101357	3.7573
6.02808727	3.7671
6.021085843	3.7742
6.01410066	3.7861
6.007131667	3.8037
6.000178805	3.8149
5.99324202	3.8162
5.986321256	3.8164
5.979416457	3.8335
5.972527568	3.8516
5.965654534	3.8674
5.9587973	3.8818
5.951955813	3.8913
5.945130017	3.8906
5.938319859	3.8945
5.931525286	3.9206
5.924746243	3.9433
5.917982678	3.9685
5.911234538	3.9914
5.904501769	4.0198
5.89778432	4.0691
5.891082139	4.1365
5.884395172	4.2036
5.87772337	4.2668
5.871066679	4.3191
5.864428488	4.3667
5.85780186	4.4126
5.851190191	4.4575
5.84459343	4.5022
5.838011527	4.5517
5.831444431	4.5881
5.824892094	4.6267
5.818354465	4.6733
5.811831494	4.7043
5.805323133	4.7378
5.798829332	4.7746
5.792350043	4.8064
5.785885217	4.8393
5.779434806	4.8801
5.772998761	4.9197
5.766577035	4.9558
5.760169579	4.9927
5.753776347	5.0273
5.747397291	5.0564
5.741032364	5.0847
5.734681519	5.1184
5.728344709	5.1455
5.722021888	5.1682
5.715713009	5.1958
5.709421287	5.2261
5.703140149	5.2463
5.696872816	5.2627
5.690619242	5.2908
5.684379382	5.3127
5.678153192	5.3279
5.671940626	5.3476
5.66574164	5.3769
5.659556189	5.3970
5.653384229	5.4155
5.647225716	5.4477
5.641080605	5.4773
5.634948854	5.4951
5.628830419	5.5146
5.622725256	5.5325
5.616633323	5.5510
5.610557723	5.5640
5.604492113	5.5779
5.598439603	5.5918
5.592400152	5.6108
5.586373717	5.6274
5.580360257	5.6399
5.574359729	5.6584
5.568372092	5.6799
5.562397304	5.6863
5.556435324	5.6987
5.550486112	5.7190
5.544549625	5.7346
5.538625823	5.7522
5.532714665	5.7781
5.526816112	5.8074
5.520930122	5.8220
5.515056656	5.8430
5.509195674	5.8711
5.503347136	5.8928
5.497511002	5.9221
5.491687233	5.9621
5.48587579	5.9988
5.480076633	6.0317
5.474289725	6.0715
5.468518015	6.1118
5.462755479	6.1526
5.457005076	6.1948
5.451266765	6.2348
5.445540511	6.2663
5.439826274	6.2954
5.434124016	6.3296
5.428433701	6.3601
5.422755291	6.3830
5.417088748	6.4162
5.411434035	6.4433
5.405791116	6.4607
5.400159953	6.4824
5.394540509	6.5139
5.388932749	6.5283
5.383336635	6.5408
5.377752132	6.5630
5.372179203	6.5801
5.366617813	6.5954
5.361067925	6.6155
5.355529504	6.6243
5.350002515	6.6313
5.344486921	6.6526
5.338982689	6.6743
5.333492627	6.6860
5.328011006	6.6972
5.32254064	6.7139
5.317081497	6.7268
5.31163354	6.7461
5.306196736	6.7632
5.30077105	6.7746
5.295356449	6.7849
5.289952898	6.8030
5.284560364	6.8252
5.279178813	6.8408
5.273808212	6.8584
5.268448526	6.8760
5.263099724	6.8909
5.257761771	6.9094
5.252434635	6.9289
5.247118283	6.9499
5.241812682	6.9660
5.236517799	6.9790
5.231233603	6.9963
5.225960061	7.0163
5.220697141	7.0305
5.21544481	7.0412
5.210203036	7.0559
5.204974498	7.0620
5.19975374	7.0744
5.194543444	7.0903
5.189343579	7.1025
5.184154115	7.1155
5.178975019	7.1308
5.173806261	7.1338
5.168647809	7.1467
5.163499634	7.1682
5.158361704	7.1806
5.153233989	7.1902
5.148116459	7.2065
5.143009082	7.2195
5.137911829	7.2229
5.13282467	7.2363
5.127747575	7.2588
5.122680514	7.2702
5.117623458	7.2702
5.112576376	7.2827
5.107539239	7.2956
5.102512018	7.3037
5.097494683	7.3181
5.092487206	7.3327
5.087489558	7.3376
5.082504292	7.3486
5.077526209	7.3672
5.072557868	7.3818
5.06759924	7.3828
5.062650297	7.3926
5.057711011	7.4050
5.052781354	7.4136
5.047861297	7.4255
5.042950812	7.4350
5.038049872	7.4404
5.033158448	7.4502
5.028276513	7.4558
5.023404039	7.4577
5.018541	7.4629
5.013687367	7.4756
5.008843113	7.4853
5.004010715	7.4863
4.999185133	7.4936
4.994368849	7.4988
4.989561837	7.4949
4.984764069	7.4924
4.979975518	7.4995
4.97519616	7.5027
4.970425966	7.5014
4.96566491	7.5058
4.960912967	7.5061
4.95617011	7.5078
4.951436313	7.5107
4.94671155	7.5107
4.941995795	7.5066
4.937289023	7.4997
4.932591209	7.4997
4.927902325	7.4922
4.923222347	7.4748
4.918551251	7.4665
4.913889009	7.4597
4.909235598	7.4419
4.904590991	7.4192
4.899955165	7.3865
4.895328095	7.3425
4.890712146	7.2888
4.886102507	7.2295
4.88150155	7.2009
4.876909249	7.2024
4.87232558	7.1931
4.86775052	7.1399
4.863184043	7.0415
4.858626126	6.9219
4.854076745	6.8064
4.849535875	6.7378
4.845003493	6.7536
4.840479575	6.8362
4.835964098	6.9287
4.831457037	7.0036
4.826958369	7.0591
4.822468072	7.0881
4.81798612	7.0891
4.813512492	7.0742
4.809047164	7.0442
4.804590113	7.0061
4.800141316	6.9543
4.79570075	6.8899
4.791268392	6.8000
4.78684422	6.6858
4.782430498	6.5356
4.778022625	6.3484
4.773622869	6.1203
4.769231209	5.8774
4.764847623	5.6474
4.760472086	5.4397
4.756104579	5.2566
4.751745078	5.0818
4.747393562	4.8950
4.743050009	4.6921
4.738714396	4.4949
4.734386703	4.3437
4.730066907	4.2517
4.725754987	4.2385
4.721450921	4.2842
4.717154688	4.3550
4.712866266	4.4358
4.708585635	4.5015
4.704312773	4.5430
4.700047658	4.5801
4.695790271	4.6152
4.691540589	4.6321
4.687298593	4.6291
4.68306426	4.6255
4.67883976	4.6155
4.67462069	4.6211
4.670409221	4.6753
4.666205334	4.7695
4.662009009	4.8613
4.657820224	4.9018
4.65363896	4.8843
4.649465195	4.8154
4.645298911	4.7170
4.641140087	4.6150
4.636988702	4.5149
4.632844738	4.4307
4.628708174	4.3606
4.62457899	4.3147
4.620457167	4.2683
4.616342684	4.2038
4.612235523	4.1333
4.608135664	4.0615
4.604043086	3.9858
4.599957772	3.9224
4.595879702	3.8791
4.591808856	3.8601
4.587745215	3.8804
4.58368876	3.9311
4.57964157	4.0166
4.575599426	4.1140
4.571564412	4.1894
4.567536508	4.2395
4.563515696	4.2688
4.559501956	4.2795
4.555495271	4.2746
4.551495621	4.2534
4.547502989	4.2441
4.543517355	4.2649
4.539538701	4.2947
4.535567009	4.3347
4.531602261	4.3745
4.527644439	4.4006
4.523693523	4.4089
4.519749497	4.4109
4.515814382	4.4111
4.511884077	4.3911
4.507960608	4.3645
4.504043956	4.3535
4.500134104	4.3398
4.496231034	4.3328
4.492334729	4.3442
4.488445171	4.3911
4.484562343	4.4504
4.480686226	4.5134
4.476816804	4.5825
4.47295406	4.6296
4.469097975	4.6614
4.465248534	4.6811
4.461405718	4.6824
4.45756951	4.6924
4.453739894	4.7121
4.449916853	4.7329
4.44610037	4.7522
4.442290427	4.7656
4.438487009	4.7737
4.434690097	4.7871
4.430899676	4.8108
4.42711573	4.8418
4.423340197	4.8806
4.419569145	4.9177
4.415804518	4.9436
4.412046298	4.9634
4.408294471	4.9756
4.404549018	4.9724
4.400809925	4.9668
4.397077175	4.9590
4.393350752	4.9375
4.389630639	4.9077
4.385916821	4.8743
4.382209282	4.8391
4.378508006	4.8076
4.374812977	4.7881
4.371124179	4.7856
4.367441596	4.7944
4.363765214	4.8152
4.360095015	4.8411
4.356430985	4.8630
4.352773108	4.8909
4.349121369	4.9280
4.345475751	4.9590
4.341836241	4.9968
4.338202821	5.0454
4.334577357	5.1125
4.330956072	5.1868
4.327340832	5.2707
4.323731623	5.3772
4.320128429	5.4834
4.316531235	5.5759
4.312940028	5.6523
4.30935479	5.7165
4.305775509	5.7727
4.302202168	5.8210
4.298634754	5.8535
4.29507325	5.8691
4.291517644	5.8882
4.287967919	5.9119
4.284424062	5.9321
4.280886058	5.9438
4.277353892	5.9614
4.27382755	5.9873
4.270307018	6.0102
4.266792281	6.0332
4.263283325	6.0583
4.259780136	6.0845
4.256282699	6.1035
4.252791	6.1208
4.249306832	6.1496
4.245826565	6.1885
4.242351994	6.2285
4.238883105	6.2593
4.235419885	6.2905
4.231962319	6.3315
4.228510393	6.3716
4.225064094	6.4023
4.221623408	6.4265
4.218188322	6.4487
4.214758821	6.4714
4.211334892	6.4873
4.207916522	6.4902
4.204503696	6.4961
4.201096402	6.5014
4.197694626	6.5012
4.194300114	6.5019
4.190909331	6.5024
4.187524026	6.5012
4.184144186	6.4953
4.180769797	6.4868
4.177400846	6.4822
4.174037321	6.4770
4.170679208	6.4621
4.167326493	6.4497
4.163979165	6.4482
4.16063721	6.4394
4.157300615	6.4289
4.153969367	6.4223
4.150643454	6.4136
4.147322862	6.4048
4.144007579	6.3989
4.140697592	6.3945
4.137392888	6.3877
4.134093455	6.3828
4.130799281	6.3808
4.127510352	6.3747
4.124226656	6.3804
4.120948181	6.3855
4.117674914	6.3843
4.114408535	6.3860
4.111145645	6.3943
4.107887925	6.3945
4.104635365	6.3906
4.101387951	6.3992
4.098145671	6.4048
4.094908514	6.4089
4.091676466	6.4162
4.088449517	6.4177
4.085227653	6.4143
4.082010864	6.4138
4.078799136	6.4228
4.075592459	6.4250
4.072390819	6.4311
4.069194206	6.4382
4.066002607	6.4419
4.062816011	6.4497
4.059634406	6.4497
4.056457779	6.4519
4.053286121	6.4546
4.050119418	6.4565
4.046957659	6.4521
4.043800833	6.4543
4.040648928	6.4665
4.037503563	6.4763
4.034361463	6.4807
4.031224251	6.4846
4.028091913	6.4912
4.024964439	6.4971
4.021841819	6.4914
4.018724039	6.4846
4.01561109	6.4966
4.012502959	6.5139
4.009399637	6.5193
4.00630111	6.5212
4.00320737	6.5239
4.000118404	6.5268
3.997034201	6.5271
3.99395475	6.5349
3.990880041	6.5373
3.987810062	6.5386
3.984744803	6.5400
3.981684252	6.5466
3.9786284	6.5517
3.975577234	6.5539
3.972530744	6.5552
3.96948892	6.5661
3.966451751	6.5803
3.963420797	6.5830
3.960392903	6.5857
3.957369631	6.5937
3.954350972	6.6023
3.951336915	6.6125
3.948327449	6.6211
3.945322564	6.6323
3.942322249	6.6426
3.939326493	6.6477
3.936335288	6.6567
3.933348621	6.6648
3.930366483	6.6665
3.927388864	6.6738
3.924415753	6.6836
3.921447139	6.6894
3.918483014	6.6953
3.915523366	6.7038
3.912568186	6.7090
3.909617463	6.7153
3.906671188	6.7195
3.90372935	6.7217
3.900791939	6.7256
3.897858945	6.7392
3.894930359	6.7461
3.892007684	6.7534
3.889087881	6.7580
3.886172454	6.7561
3.883261396	6.7639
3.880354695	6.7539
3.877452343	6.7136
3.874554329	6.6164
3.871660644	6.5312
3.868771278	6.6120
3.865886222	6.7358
3.863005465	6.7886
3.860128998	6.8049
3.857256812	6.8088
3.854388896	6.8125
3.851525243	6.8201
3.848665841	6.8305
3.845812161	6.8403
3.842961232	6.8335
3.840114528	6.8288
3.837272037	6.8305
3.834433752	6.8364
3.831599662	6.8398
3.828769759	6.8467
3.825944033	6.8515
3.823122474	6.8518
3.820305074	6.8572
3.817491824	6.8613
3.814682714	6.8628
3.811877735	6.8669
3.809076878	6.8664
3.806280134	6.8652
3.803487494	6.8701
3.800698949	6.8740
3.797914489	6.8684
3.795134107	6.8620
3.792357792	6.8601
3.789585537	6.8623
3.786817332	6.8630
3.784053167	6.8562
3.781293036	6.8569
3.778538356	6.8542
3.77578626	6.8518
3.773038171	6.8564
3.770294079	6.8555
3.767553976	6.8515
3.764817852	6.8474
3.7620857	6.8435
3.759357511	6.8359
3.756633275	6.8220
3.753912985	6.8179
3.751196632	6.8215
3.748484207	6.8166
3.745775701	6.8125
3.743071107	6.8147
3.740370416	6.8056
3.73767362	6.7930
3.734980709	6.7861
3.732291676	6.7790
3.729606512	6.7724
3.726925208	6.7739
3.724247758	6.7702
3.721574151	6.7539
3.718904381	6.7414
3.716238438	6.7319
3.713577694	6.7219
3.71091938	6.7114
3.708264869	6.6977
3.705614154	6.6892
3.702967225	6.6745
3.700324074	6.6631
3.697684695	6.6472
3.695049078	6.6274
3.692417215	6.6206
3.689789099	6.6108
3.687164722	6.5913
3.684544075	6.5759
3.68192715	6.5679
3.67931394	6.5586
3.676704437	6.5454
3.674098633	6.5307
3.67149652	6.5207
3.66889809	6.5078
3.666303336	6.4878
3.663712249	6.4726
3.661124822	6.4585
3.658541047	6.4372
3.655960916	6.4267
3.653384422	6.4165
3.65081289	6.4023
3.648243644	6.3862
3.645678012	6.3628
3.643115986	6.3408
3.640557559	6.3227
3.638002722	6.3049
3.635451469	6.2912
3.632903791	6.2839
3.630359682	6.2654
3.627819133	6.2405
3.625282138	6.2239
3.622748688	6.2056
3.620218777	6.1929
3.617692397	6.1831
3.615169541	6.1677
3.6126502	6.1535
3.610135673	6.1330
3.607623341	6.1079
3.605114504	6.0898
3.602609154	6.0732
3.600107283	6.0530
3.597608885	6.0412
3.595113953	6.0256
3.592622478	5.9997
3.590134454	5.9748
3.587649874	5.9570
3.585168731	5.9372
3.582691017	5.9233
3.580216725	5.9145
3.577745848	5.8918
3.57527838	5.8718
3.572814313	5.8562
3.57035364	5.8376
3.567896354	5.8244
3.565442448	5.8047
3.562991916	5.7859
3.560544749	5.7683
3.558100942	5.7424
3.555660487	5.7261
3.553223378	5.7129
3.550790868	5.6948
3.548360427	5.6733
3.545933311	5.6575
3.543509513	5.6387
3.541089027	5.6203
3.538671844	5.6047
3.53625796	5.5942
3.533847367	5.5820
3.531440058	5.5549
3.529036026	5.5373
3.526635266	5.5315
3.524237769	5.5080
3.52184353	5.4861
3.519452542	5.4707
3.517064798	5.4534
3.514680292	5.4458
3.512299017	5.4241
3.509920967	5.3977
3.507546135	5.3833
3.505174514	5.3640
3.502806098	5.3379
3.500440881	5.3237
3.498078855	5.3249
3.495720015	5.3244
3.493365575	5.3196
3.491013085	5.2932
3.488663762	5.2737
3.486317598	5.2563
3.483974588	5.2453
3.481634725	5.2378
3.479298003	5.2168
3.476964415	5.2034
3.474633956	5.1821
3.472306619	5.1660
3.469982397	5.1626
3.467661284	5.1506
3.465343275	5.1282
3.463028363	5.1086
3.460716541	5.0942
3.458407804	5.0737
3.456102146	5.0561
3.453799559	5.0471
3.451500039	5.0476
3.449203579	5.0320
3.446910172	5.0029
3.444619814	4.9836
3.442332497	4.9744
3.440048216	4.9602
3.437768146	4.9360
3.435489916	4.9106
3.433214704	4.8950
3.430942504	4.8838
3.428673309	4.8613
3.426407114	4.8303
3.424143913	4.8110
3.421883699	4.8030
3.419626467	4.7869
3.417372212	4.7607
3.415120926	4.7473
3.412872605	4.7483
3.410627242	4.7439
3.408384831	4.7444
3.406145367	4.7439
3.403908845	4.7300
3.401675257	4.7207
3.399444599	4.7124
3.397216864	4.6977
3.394992047	4.6953
3.392770143	4.6765
3.390551144	4.6553
3.388335047	4.6443
3.386121844	4.6338
3.383912676	4.6189
3.381705245	4.6091
3.379500692	4.6033
3.377299012	4.5928
3.375100198	4.5847
3.372904246	4.5820
3.370711149	4.5662
3.368520903	4.5583
3.366333501	4.5469
3.364148938	4.5329
3.361967208	4.5163
3.359788306	4.5022
3.357612227	4.4861
3.355438965	4.4665
3.353268515	4.4394
3.35110087	4.4211
3.348937148	4.4155
3.346775098	4.3938
3.344615837	4.3804
3.342459362	4.3794
3.340305665	4.3725
3.338154741	4.3664
3.336006587	4.3542
3.333861195	4.3367
3.33171856	4.3367
3.329578678	4.3379
3.327441544	4.3191
3.32530715	4.3052
3.323175494	4.2925
3.321046568	4.2910
3.318920368	4.2856
3.31679689	4.2668
3.314676126	4.2627
3.312558073	4.2527
3.310442725	4.2339
3.308330077	4.2197
3.306220124	4.2092
3.304112861	4.1941
3.302008281	4.1821
3.299906382	4.1821
3.297808244	4.1804
3.295711686	4.1719
3.293617792	4.1704
3.291526557	4.1670
3.289437976	4.1682
3.287352045	4.1789
3.285268756	4.1721
3.283188107	4.1511
3.281110091	4.1418
3.279034705	4.1335
3.276961942	4.1267
3.274891798	4.1147
3.272824267	4.1011
3.270759346	4.0933
3.268697029	4.0869
3.26663731	4.0774
3.264580186	4.0708
3.262525652	4.0730
3.260473701	4.0725
3.25842433	4.0691
3.256377534	4.0652
3.254333308	4.0625
3.252291646	4.0571
3.250252545	4.0503
3.248217054	4.0522
3.246183057	4.0434
3.244151606	4.0266
3.242122696	4.0212
3.240096322	4.0229
3.238072479	4.0210
3.236051163	4.0127
3.234032369	4.0027
3.232016093	3.9895
3.230002329	3.9907
3.227991073	3.9902
3.22598232	3.9795
3.223976065	3.9807
3.221972305	3.9807
3.219971033	3.9748
3.217972246	3.9731
3.215975939	3.9653
3.213982108	3.9580
3.211990747	3.9543
3.210001852	3.9600
3.208015419	3.9604
3.206031443	3.9517
3.204049919	3.9412
3.202070843	3.9390
3.200095235	3.9370
3.19812104	3.9272
3.196149279	3.9202
3.194179949	3.9160
3.192213043	3.9153
3.190248559	3.9114
3.18828649	3.8987
3.186326834	3.8996
3.184369586	3.8965
3.18241474	3.8796
3.180462293	3.8870
3.17851224	3.8967
3.176564577	3.8821
3.1746193	3.8608
3.172676403	3.8642
3.170735883	3.8647
3.168797736	3.8393
3.166861956	3.8264
3.164928541	3.8267
3.162997484	3.8223
3.161068783	3.8267
3.159142432	3.8254
3.157218427	3.8276
3.155296765	3.8252
3.153378435	3.8105
3.151461443	3.7930
3.14954678	3.7808
3.147634443	3.7749
3.145724426	3.7805
3.143816726	3.7866
3.141911338	3.7812
3.140008258	3.7617
3.138107483	3.7383
3.136209007	3.7214
3.134312827	3.6995
3.132418938	3.6719
3.130527337	3.6538
3.128638019	3.6438
3.126750981	3.6348
3.124866217	3.6196
3.122984699	3.6274
3.121104471	3.6589
3.119226507	3.6738
3.1173508	3.6919
3.115477349	3.7053
3.113606148	3.7158
3.111737193	3.7263
3.10987048	3.7117
3.108006006	3.6960
3.106143766	3.6763
3.104283756	3.6382
3.102425973	3.6057
3.100570412	3.5691
3.098717069	3.5364
3.096865941	3.5095
3.095017023	3.4890
3.093170311	3.4668
3.091325802	3.4275
3.089483491	3.4021
3.087643375	3.3813
3.085805449	3.3684
3.08396971	3.3682
3.082136155	3.3743
3.080304778	3.3735
3.078476524	3.3794
3.076649492	3.3816
3.074824627	3.3662
3.073001926	3.3574
3.071181385	3.3789
3.069363	3.3977
3.067546766	3.4006
3.065732681	3.4126
3.06392074	3.4228
3.06211094	3.4241
3.060303276	3.4241
3.058497745	3.4258
3.056694344	3.4333
3.054893068	3.4524
3.053093914	3.4724
3.051296877	3.4958
3.049501955	3.5024
3.047709144	3.5085
3.045918439	3.5217
3.044129837	3.5124
3.042343335	3.5049
3.040558928	3.5066
3.038776613	3.5078
3.036996386	3.5034
3.035219166	3.5007
3.033443104	3.4914
3.031669119	3.4778
3.029897208	3.4663
3.028127367	3.4497
3.026359592	3.4202
3.02459388	3.3830
3.022830228	3.3562
3.021068631	3.3306
3.019309085	3.3044
3.017551589	3.2803
3.015796137	3.2627
3.014042726	3.2244
3.012291354	3.2014
3.010542015	3.2124
3.008794707	3.2380
3.007049426	3.2690
3.005306169	3.3105
3.003564931	3.3433
3.00182571	3.3621
3.000088503	3.3625
2.998353304	3.3528
2.996620112	3.3159
2.994888923	3.2554
2.993160628	3.1997
2.991433432	3.1643
2.989708228	3.1360
2.987985013	3.1128
2.986263784	3.0818
2.984544536	3.0356
2.982827267	2.9761
2.981111973	2.9028
2.97939865	2.8403
2.977687296	2.8101
2.975977906	2.8015
2.974270478	2.7939
2.972565009	2.7942
2.970861493	2.7886
2.96915993	2.7776
2.967460314	2.7568
2.965763522	2.7310
2.964067792	2.6929
2.962373999	2.6492
2.960682141	2.6174
2.958992215	2.5984
2.957304216	2.5686
2.955618142	2.5354
2.95393399	2.5054
2.952251756	2.4785
2.950571437	2.4573
2.94889303	2.4341
2.947216531	2.4040
2.945541937	2.3789
2.943869245	2.3518
2.942198452	2.3281
2.940529554	2.3345
2.938862549	2.3533
2.937197432	2.3743
2.935534201	2.4040
2.933872853	2.4231
2.932213384	2.4331
2.930555792	2.4375
2.928900072	2.4573
2.927246222	2.4736
2.925595095	2.4841
2.923944975	2.4919
2.922296715	2.4980
2.920650312	2.5005
2.919005763	2.4968
2.917363066	2.4893
2.915722216	2.4844
2.91408321	2.4651
2.912446047	2.4485
2.910810722	2.4338
2.909177232	2.4424
2.907545575	2.4597
2.905915747	2.4651
2.904287745	2.4746
2.902661566	2.4834
2.901037208	2.4612
2.899414666	2.4224
2.897793938	2.4123
2.896175022	2.3960
2.894557913	2.3652
2.892942609	2.3330
2.891329106	2.2966
2.889717403	2.2649
2.888107495	2.2344
2.886500214	2.1875
2.884893888	2.1362
2.883289349	2.0730
2.881686594	2.0068
2.880085619	1.9700
2.878486423	1.9351
2.876889001	1.9390
2.875293352	2.0256
2.873699471	2.1999
2.872107357	2.4990
2.870517006	2.9336
2.868928415	3.3601
2.867341582	3.6540
2.865756502	3.8227
2.864173175	3.8511
2.862591596	3.6968
2.861011762	3.3516
2.859433672	2.8196
2.857857321	2.2581
2.856282708	1.8335
2.854709829	1.5652
2.853138681	1.4355
2.851569261	1.4524
2.850001568	1.5950
2.848436408	1.8372
2.846872156	2.0850
2.845309621	2.2678
2.8437488	2.3914
2.842189691	2.4297
2.840632291	2.3630
2.839076596	2.1853
2.837522604	1.9043
2.835970313	1.6384
2.834419719	1.4414
2.83287082	1.3127
2.831323613	1.2461
2.829778094	1.2268
2.828234263	1.2529
2.826692114	1.3137
2.825151647	1.3745
2.823612858	1.4277
2.822075744	1.5190
2.820540303	1.5969
2.819006531	1.6455
2.817474427	1.7017
2.815943987	1.7620
2.81441521	1.8232
2.812888091	1.8647
2.811363418	1.8906
2.809839609	1.9209
2.80831745	1.9531
2.806796939	1.9807
2.805278075	2.0225
2.803760853	2.0786
2.802245271	2.1421
2.800731327	2.2122
2.799219018	2.2988
2.797708341	2.3689
2.796199294	2.4136
2.794691874	2.4717
2.793186078	2.5413
2.791681905	2.5847
2.79017935	2.6013
2.788678412	2.6499
2.787179865	2.7349
2.785682151	2.8267
2.784186046	2.8874
2.782691547	2.9197
2.781198652	2.9536
2.779707358	2.9932
2.778217662	3.0705
2.776729562	3.1335
2.775243056	3.1826
2.77375814	3.2436
2.772274812	3.3528
2.77079307	3.4748
2.769312911	3.6235
2.767834333	3.8113
2.766357333	4.0166
2.764881908	4.2187
2.763408056	4.3923
2.761935774	4.5381
2.760465061	4.6924
2.758995913	4.8725
2.757528328	5.0461
2.756062304	5.1987
2.754597837	5.3332
2.753134926	5.4328
2.751674325	5.5046
2.750214517	5.5679
2.748756257	5.6372
2.747299542	5.7139
2.74584437	5.7842
2.74439074	5.8867
2.742938647	6.0549
2.741488091	6.2529
2.740039067	6.4477
2.738591575	6.6535
2.737145611	6.8320
2.735701174	7.0224
2.73425826	7.2483
2.732816867	7.4541
2.731376994	7.6328
2.729938636	7.7956
2.728501793	7.9651
2.727066462	8.1282
2.72563264	8.2729
2.724200325	8.4209
2.722769514	8.5791
2.721340206	8.7285
2.719912397	8.8764
2.718486086	9.0576
2.717062008	9.2602
2.715638684	9.4692
2.714216851	9.6970
2.712796505	9.9172
2.711377646	10.1269
2.709960269	10.3142
2.708544374	10.4475
2.707129958	10.5554
2.705717018	10.7007
2.704305552	10.8596
2.702895558	10.9795
2.701487034	11.0969
2.700079976	11.2204
2.698674384	11.3266
2.697270255	11.4497
2.695867585	11.5569
2.694466374	11.6557
2.693066619	11.7143
2.691668318	11.6992
2.690271467	11.6296
2.688876066	11.5591
2.687482111	11.5132
2.686089602	11.4861
2.684698534	11.4570
2.683309626	11.4311
2.681921436	11.4341
2.680534681	11.4477
2.679149359	11.4690
2.677765469	11.5105
2.676383008	11.5429
2.675001973	11.6296
2.673622363	11.7607
2.672244175	11.8735
2.670867407	11.9636
2.669492057	12.0529
2.668118123	12.0844
2.666745602	12.1135
2.665374493	12.1801
2.664004793	12.2290
2.6626365	12.2400
2.66127032	12.2456
2.659904834	12.2766
2.658540748	12.3325
2.657178061	12.3930
2.65581677	12.4721
2.654456873	12.6035
2.653098368	12.7793
2.651741253	12.9658
2.650385525	13.1220
2.649031183	13.2522
2.647678224	13.3774
2.646326647	13.4936
2.644976449	13.5488
2.643627628	13.5908
2.642280182	13.6071
2.640934109	13.5576
2.639589407	13.4922
2.638246073	13.4516
2.636904106	13.4470
2.635563503	13.4416
2.634224263	13.4301
2.632886383	13.3989
2.631549862	13.3296
2.630214697	13.2502
2.628881577	13.1923
2.627549117	13.1618
2.626218007	13.1574
2.624888245	13.1372
2.62355983	13.1294
2.622232758	13.1399
2.620907028	13.1538
2.619582638	13.1655
2.618259585	13.1714
2.616937869	13.1699
2.615617486	13.1587
2.614298435	13.0923
2.612980713	13.0095
2.61166432	12.9153
2.610349252	12.8056
2.609035507	12.7209
2.607723085	12.7260
2.606411982	12.7783
2.605102197	12.8332
2.603793727	12.8806
2.602486572	12.9167
2.601180728	12.9355
2.599876194	12.9214
2.598572968	12.8930
2.597271722	12.8471
2.595971105	12.7678
2.59467179	12.6828
2.593373774	12.5615
2.592077057	12.4416
2.590781636	12.3076
2.589487509	12.1723
2.588194675	12.0632
2.58690313	12.0036
2.585612874	11.9809
2.584323905	11.9536
2.58303622	11.9546
2.581749817	11.9958
2.580464695	12.0256
2.579180852	12.0288
2.577898286	12.0639
2.576616995	12.1159
2.575336976	12.1447
2.574058229	12.1819
2.572780751	12.2087
2.571504541	12.2024
2.570229596	12.1904
2.568955915	12.1718
2.567683495	12.1357
2.566412994	12.0913
2.565143091	12.0786
2.563874445	12.0776
2.562607053	12.0556
2.561340913	12.0591
2.560076024	12.0730
2.558812384	12.1211
2.55754999	12.2087
2.556288841	12.3044
2.555028936	12.3657
2.553770272	12.4233
2.552512847	12.4756
2.55125666	12.5219
2.550001709	12.5547
2.548747991	12.5337
2.547495506	12.4792
2.546244252	12.4306
2.544994225	12.3977
2.543745426	12.3537
2.542497852	12.2971
2.5412515	12.2307
2.54000637	12.1408
2.53876246	12.0337
2.537519767	11.9575
2.536278934	11.9362
2.535038671	11.9409
2.53379962	11.9426
2.53256178	11.9389
2.531325149	11.9243
2.530089725	11.8908
2.528855506	11.8198
2.52762249	11.7021
2.526390677	11.5476
2.525160064	11.3476
2.523930648	11.0854
2.52270243	10.7981
2.521475406	10.5659
2.520249575	10.3706
2.519024936	10.1677
2.517801486	9.9782
2.516579857	9.8281
2.515358781	9.7378
2.514138889	9.6836
2.512920179	9.6338
2.511702651	9.6413
2.510486301	9.7002
2.50927113	9.7920
2.508057134	9.9421
2.506844312	10.1694
2.505632662	10.4438
2.504422183	10.7221
2.503212874	10.9775
2.502004731	11.2007
2.500797754	11.3916
2.499591942	11.5229
2.498387291	11.6191
2.497183801	11.6914
2.49598147	11.7744
2.494780296	11.8855
2.493580278	12.0019
2.492381413	12.1098
2.491183701	12.2260
2.489987139	12.3896
2.488791726	12.5713
2.48759808	12.7431
2.486404959	12.8745
2.485212983	12.9428
2.484022149	12.9301
2.482832455	12.9106
2.4816439	12.8647
2.480456483	12.8066
2.479270202	12.7280
2.478085055	12.6372
2.47690104	12.5122
2.475718156	12.3647
2.474536402	12.2295
2.473355775	12.1045
2.472176274	11.9724
2.470997898	11.8676
2.469820644	11.7783
2.468644512	11.7138
2.467469499	11.7409
2.466295604	11.7734
2.465122826	11.8120
2.463951163	11.9072
2.462780612	12.0337
2.461611174	12.1845
2.460442845	12.3452
2.45927623	12.4843
2.458110116	12.6069
2.456945108	12.7295
2.455781204	12.8173
2.454618401	12.8720
2.4534567	12.9321
2.452296097	12.9521
2.451136592	12.9370
2.449978183	12.9585
2.448820868	12.9756
2.447664646	12.9692
2.446509516	12.9565
2.445355475	12.9248
2.444202523	12.8899
2.443050657	12.8222
2.441899876	12.7163
2.440750179	12.6181
2.439601564	12.5234
2.43845403	12.3940
2.437307575	12.2422
2.436162197	12.1250
2.435017895	12.0092
2.433874668	11.8847
2.432732513	11.8115
2.431592022	11.7632
2.430452008	11.7641
2.429313063	11.8545
2.428175185	11.9731
2.427038372	12.0966
2.425902624	12.2129
2.424767938	12.3056
2.423634312	12.4072
2.422501747	12.5000
2.421370239	12.5757
2.420239788	12.6523
2.419110392	12.7031
2.417982049	12.7798
2.416854758	12.8857
2.415728518	12.9931
2.414603328	13.0883
2.413479185	13.1816
2.412356088	13.2529
2.411234036	13.2866
2.410113027	13.3398
2.40899306	13.4008
2.407874134	13.4548
2.406756246	13.4987
2.405639396	13.4892
2.40452416	13.4799
2.40340938	13.4668
2.402295634	13.4272
2.401182919	13.3881
2.400071234	13.3418
2.398960578	13.3193
2.39785095	13.3125
2.396742348	13.3418
2.39563477	13.3735
2.394528216	13.3925
2.393422683	13.4218
2.392318171	13.4707
2.391214677	13.5703
2.390112201	13.6548
2.389010742	13.7182
2.387910297	13.8344
2.386811435	13.9697
2.385713014	14.1001
2.384615605	14.2290
2.383519204	14.3764
2.382423811	14.5317
2.381329425	14.7031
2.380236043	14.8300
2.379143665	14.9482
2.37805229	15.0962
2.376961915	15.1831
2.375872539	15.2563
2.374784162	15.3593
2.373696781	15.4521
2.372610396	15.5288
2.371525004	15.6001
2.370440606	15.6704
2.369357198	15.7094
2.368274781	15.7617
2.367193351	15.8293
2.366112909	15.8928
2.365033453	15.9104
2.363954982	15.9140
2.362877493	15.9296
2.361800987	15.9384
2.360726018	15.9809
2.35965147	16.0195
2.3585779	16.0112
2.357505307	16.0197
2.356433688	16.0498
2.355363044	16.0451
2.354293372	16.0297
2.353224671	16.0549
2.35215694	16.0798
2.351090177	16.0332
2.350024382	16.0136
2.348959552	16.0180
2.347895687	16.0251
2.346832785	15.9985
2.345770845	15.9721
2.344709866	15.9524
2.343649846	15.9340
2.342590784	15.8820
2.341532678	15.8073
2.340475528	15.7551
2.339419333	15.6960
2.33836409	15.6665
2.337309798	15.6062
2.336256457	15.5017
2.335204611	15.4331
2.334153166	15.3645
2.333102667	15.2541
2.332053114	15.1499
2.331004504	15.0756
2.329956838	15.0000
2.328910112	14.9216
2.327864326	14.8230
2.32681948	14.7067
2.325775571	14.6027
2.324732598	14.4997
2.32369056	14.3921
2.322649456	14.3462
2.321609284	14.3022
2.320570043	14.2519
2.319531733	14.2331
2.318494351	14.2854
2.317457897	14.3315
2.316422369	14.4082
2.315387766	14.4951
2.314354087	14.6154
2.31332133	14.7509
2.312289495	14.8745
2.31125858	15.0073
2.310229117	15.1692
2.309200038	15.3193
2.308171875	15.4494
2.307144627	15.5778
2.306118293	15.7063
2.305092872	15.8264
2.304068363	15.9299
2.303044763	15.9736
2.302022073	16.0256
2.301000291	16.0715
2.299979415	16.1399
2.298959445	16.1530
2.297940379	16.1574
2.296922216	16.1943
2.295904955	16.2404
2.294888595	16.2519
2.29387366	16.2607
2.292859097	16.2973
2.291845431	16.3000
2.29083266	16.3012
2.289820785	16.3291
2.288809803	16.3559
2.287799713	16.3527
2.286790515	16.3518
2.285782206	16.3842
2.284774786	16.3745
2.283768254	16.3630
2.282762608	16.3779
2.281757848	16.4018
2.280753972	16.3855
2.279750978	16.3979
2.278748867	16.3925
2.277747636	16.3725
2.276747284	16.4228
2.275747811	16.4480
2.274749215	16.4465
2.273751494	16.4514
2.272754649	16.4804
2.271758677	16.4631
2.270763578	16.4304
2.269769866	16.4397
2.268776508	16.4614
2.267784019	16.4682
2.266792398	16.4875
2.265801644	16.4912
2.264811756	16.4663
2.263822732	16.4472
2.262834571	16.4401
2.261847273	16.4765
2.260860836	16.4738
2.259875259	16.4316
2.258890541	16.4272
2.257906681	16.4287
2.256923678	16.4270
2.25594153	16.4443
2.254960236	16.4565
2.253979796	16.4348
2.253000208	16.4311
2.252021471	16.4555
2.251043584	16.4375
2.250066546	16.4419
2.249090355	16.4409
2.248115012	16.4179
2.247140514	16.4521
2.246167365	16.4729
2.245194554	16.4748
2.244222586	16.4370
2.243251458	16.4101
2.242281171	16.4047
2.241311723	16.4101
2.240343113	16.4086
2.23937534	16.3974
2.238408402	16.4218
2.237442299	16.4336
2.23647703	16.4170
2.235512593	16.3945
2.234548988	16.3579
2.233586213	16.3486
2.232624267	16.3383
2.231663149	16.3488
2.230702859	16.2978
2.229743394	16.2114
2.228784755	16.2014
2.22782694	16.2199
2.226869947	16.1557
2.225913777	16.0981
2.224958427	16.0581
2.224003896	15.9765
2.223050679	15.8772
2.222097785	15.7915
2.221145707	15.6311
2.220194445	15.4145
2.219243997	15.1845
2.218294362	14.9621
2.21734554	14.7959
2.21639753	14.5849
2.215450329	14.3579
2.214503938	14.1045
2.213558355	13.7968
2.212613579	13.4809
2.211669609	13.2910
2.210726445	13.1682
2.209784084	13.1606
2.208842527	13.2890
2.207901771	13.4409
2.206961817	13.5434
2.206022662	13.5402
2.205084307	13.6020
2.204146749	13.8339
2.203209989	14.1057
2.202274024	14.3750
2.201338854	14.6425
2.200404963	14.7590
2.199471379	14.7876
2.198538587	14.7778
2.197606587	14.6975
2.196675376	14.5478
2.195744954	14.3476
2.194815319	14.0898
2.193886472	13.8088
2.192958411	13.5654
2.192031134	13.3886
2.191104641	13.3498
2.190178931	13.3567
2.189254003	13.3684
2.188329856	13.4253
2.187406488	13.4143
2.1864839	13.3213
2.185562567	13.1489
2.184641533	12.9455
2.183721275	12.7561
2.182801792	12.5940
2.181883083	12.4565
2.180965147	12.3857
2.180047983	12.4072
2.17913159	12.5139
2.178215967	12.6528
2.177301113	12.7885
2.176387028	12.8889
2.175473709	12.9770
2.174561157	12.9902
2.17364937	12.9712
2.172738348	12.9319
2.171828089	12.8166
2.170918592	12.7046
2.170009856	12.6665
2.169101881	12.6194
2.168194666	12.5581
2.167288209	12.5332
2.166382509	12.5654
2.165477567	12.6572
2.16457338	12.7258
2.163670416	12.7592
2.162767737	12.8193
2.161865811	12.7893
2.160964637	12.7148
2.160064214	12.6506
2.159164542	12.5947
2.158265618	12.5695
2.157367442	12.5239
2.156470014	12.4756
2.155573332	12.5317
2.154677395	12.6089
2.153782203	12.6748
2.152887754	12.7607
2.151994048	12.8130
2.151101084	12.8908
2.150208861	13.0112
2.149317377	13.0752
2.148426632	13.1255
2.147536625	13.1640
2.146647355	13.2238
2.145758822	13.2297
2.144871024	13.2492
2.14398396	13.2710
2.143097629	13.2451
2.14221249	13.2558
2.141327623	13.3127
2.140443487	13.3506
2.139560081	13.4033
2.138677403	13.4292
2.137795454	13.4338
2.136914232	13.4799
2.136033736	13.5171
2.135153965	13.5451
2.134274919	13.5698
2.133396596	13.5971
2.132518995	13.6323
2.131642117	13.6601
2.130765959	13.6916
2.129890521	13.7131
2.129015803	13.7246
2.128141802	13.7578
2.127268519	13.7990
2.126395952	13.8488
2.125524101	13.9174
2.124652964	13.9836
2.123782542	14.0498
2.122912832	14.1767
2.122043834	14.2915
2.121175997	14.3383
2.12030842	14.3989
2.119441553	14.4882
2.118575394	14.5774
2.117709942	14.6552
2.116845198	14.7348
2.115981159	14.7924
2.115117826	14.8674
2.114255197	14.9443
2.113393271	14.9721
2.112532047	15.0061
2.111671525	15.0393
2.110811704	15.0930
2.109952583	15.1630
2.109094161	15.2006
2.108236437	15.2434
2.107379855	15.3059
2.106523524	15.3398
2.105667889	15.3418
2.104812949	15.3593
2.103958703	15.3947
2.103105151	15.4345
2.10225229	15.4882
2.101400121	15.5171
2.100548642	15.5266
2.099697853	15.5422
2.098847754	15.5754
2.097998342	15.5698
2.097149617	15.5820
2.096301579	15.6464
2.095454226	15.6828
2.094607559	15.6767
2.093761575	15.7070
2.092916274	15.7297
2.092071655	15.7307
2.091227718	15.7378
2.090384461	15.7609
2.089541885	15.7981
2.088699987	15.8186
2.087858767	15.8313
2.08701866	15.8271
2.086178794	15.8234
2.085339604	15.8274
2.084501088	15.8430
2.083663247	15.8264
2.082826078	15.7749
2.081989583	15.7854
2.081153758	15.8420
2.080318605	15.8525
2.079484122	15.8339


