Name: Gypsum (alabaster) CaSO4.2H20
Type:  Mineral
Class:   Sulfates
Subclass: 
Particle Size:  Solid (random sawn surface)
Sample No.: gypsum.1
Owner:  JHU
Wavelength Range:  IR
Origin: Pomaia, Italy via Hunt and Salisbury Collection #26B 
(purchased from Ward's Natural Science Establishment). 
Description: The sample was white, translucent, and appeared pure, 
both in hand sample and under the microscope. XRD Analysis- Pure 
gypsum.



Measurement:  Bidirectional reflectance 
First Column:  X
Second Column:  Y  
X Units:  Wavelength (micrometers)
Y Units:  Reflectance (percent)
First X Value:  25.0442
Last X Value:  2.079
Number of X Values:  2287
Additional Information: none

25.04420302	24.1992
24.9237955	24.332
24.80454022	24.4452
24.68642074	24.4687
24.5694209	24.205
24.45358465	24.1738
24.3387763	24.3749
24.22504094	24.5644
24.11236361	24.5663
24.00072962	24.6269
23.89012454	24.7831
23.78053421	24.5312
23.67194472	24.3671
23.56434244	24.5859
23.45771395	24.5156
23.35204611	24.205
23.24732598	24.0898
23.14354087	24.3554
23.04067832	24.5361
22.93872607	24.5351
22.83767211	24.5976
22.7375046	24.5937
22.63821194	24.9228
22.53978272	25.1923
22.44220571	25.29
22.3454699	25.329
22.24956446	25.4267
22.15447875	25.621
22.06020229	25.8564
21.96677306	25.954
21.87408402	26.0292
21.7821739	26.1337
21.69103293	26.2929
21.60065148	26.4726
21.5110201	26.5556
21.42212949	26.6415
21.33397051	26.7929
21.24653416	26.8222
21.15981159	26.8964
21.0737941	26.997
20.98847313	27.122
20.90384024	27.1113
20.81988716	27.0527
20.73660571	27.0878
20.65398787	27.1679
20.57202575	27.1366
20.49071156	27.0937
20.41003766	27.0175
20.3299965	26.9609
20.25058069	26.8808
20.1717829	26.7568
20.09359597	26.7304
20.01601281	26.6865
19.93906621	26.4658
19.8626695	26.2665
19.78685599	26.2431
19.71161901	26.0781
19.63695203	25.8642
19.56284859	25.7714
19.48930232	25.5995
19.41630698	25.3559
19.34385639	25.2577
19.27194448	25.1254
19.20056526	24.8246
19.12971284	24.6757
19.05938141	24.5859
18.98956523	24.2929
18.92025868	23.9863
18.85145618	23.9453
18.78315226	23.8344
18.71534153	23.5375
18.64801865	23.4247
18.58117838	23.4179
18.51481556	23.2499
18.44892507	23.0786
18.38350191	23.018
18.31854111	22.9477
18.25407111	22.8574
18.19002023	22.8369
18.12641726	22.8266
18.06325753	22.8515
18.00053642	22.9238
17.93824937	22.9731
17.8763919	23.0019
17.81495958	23.0961
17.75394803	23.2314
17.69335296	23.3286
17.63317011	23.4457
17.57339529	23.5595
17.51402436	23.6787
17.45505324	23.8486
17.39647791	23.9765
17.3382944	24.0878
17.28049878	24.2407
17.2230872	24.4306
17.16605584	24.5654
17.10940093	24.7089
17.05311876	25.0512
16.99720566	25.4086
16.94165801	25.8344
16.88647225	26.5942
16.83167317	27.663
16.77720046	28.8652
16.72307919	30.266
16.66930597	31.7304
16.61587747	32.7387
16.56279037	33.0732
16.51004141	32.9198
16.45762737	32.3446
16.40554507	31.246
16.35379138	29.7719
16.30236319	28.1313
16.25125744	26.332
16.20047111	24.6118
16.15000121	23.0742
16.0998448	21.7778
16.04999896	20.7836
16.00048641	20.0654
15.95125297	19.5063
15.90232158	19.0869
15.85368947	18.8266
15.80535391	18.645
15.75731218	18.4804
15.70956162	18.3618
15.6620996	18.2822
15.61492349	18.2431
15.56803074	18.2641
15.52141878	18.291
15.47508511	18.3046
15.42902725	18.3408
15.38324273	18.498
15.33772913	18.6782
15.29248405	18.895
15.24750513	19.2578
15.20279002	19.7207
15.1583364	20.2778
15.114142	21.0336
15.07020455	22.038
15.02652181	23.2568
14.98309158	24.6318
14.93991168	25.9667
14.89700213	27.1054
14.85431629	27.9174
14.81187438	28.4648
14.76967431	28.7485
14.72771402	28.6347
14.68599147	28.2011
14.64450465	27.5175
14.60325156	26.4296
14.56223023	25.0004
14.52143873	23.5283
14.48087511	22.0844
14.44053748	20.6708
14.40042395	19.4462
14.36053266	18.4926
14.32086177	17.7016
14.28140946	17.0703
14.24217393	16.6259
14.20315338	16.3359
14.16434607	16.1328
14.12575025	16.0127
14.0873642	15.9585
14.0491862	15.9643
14.01121458	16.0166
13.97344765	16.0615
13.93590321	16.1528
13.89854065	16.2661
13.8613779	16.3613
13.82441336	16.4233
13.78764544	16.5283
13.75107258	16.6367
13.71469324	16.6777
13.67850587	16.7495
13.64250897	16.892
13.60670103	16.957
13.57108057	16.9785
13.53564612	17.0888
13.50039624	17.1855
13.46532947	17.2016
13.4304444	17.2617
13.39573962	17.3945
13.36121373	17.4716
13.32686536	17.499
13.29269314	17.6001
13.25869572	17.6923
13.22487175	17.7041
13.19121992	17.7602
13.15773892	17.8779
13.12442745	17.9541
13.09130135	17.9936
13.05832501	18.0727
13.02551438	18.124
12.99286821	18.1455
12.96038529	18.1938
12.92806437	18.2583
12.89590426	18.2836
12.86390376	18.2978
12.83206168	18.3574
12.80037684	18.4042
12.7688481	18.4299
12.73747429	18.4641
12.70625427	18.5039
12.67518693	18.5478
12.64427113	18.5976
12.61350579	18.6486
12.58290562	18.6809
12.55243781	18.6923
12.52211719	18.7121
12.4919427	18.7412
12.46191328	18.7844
12.43202789	18.8303
12.40228549	18.8625
12.37268507	18.9006
12.34322561	18.9599
12.31390609	18.9814
12.28472554	18.967
12.25568296	19.0109
12.22677738	19.0419
12.19800782	19.05
12.16937334	19.0852
12.14087298	19.1416
12.1125058	19.1574
12.08427087	19.177
12.05616727	19.2424
12.02819409	19.2768
12.00035041	19.2841
11.97263534	19.3125
11.945048	19.3447
11.9175875	19.3518
11.8902671	19.3635
11.86305761	19.4328
11.83597236	19.4631
11.80901051	19.4892
11.78217122	19.5576
11.75545365	19.5859
11.72885698	19.6008
11.70238038	19.6396
11.67602305	19.6757
11.64978419	19.6982
11.62366299	19.7324
11.59765866	19.7675
11.57177043	19.7861
11.54599752	19.8159
11.52033916	19.8586
11.49479458	19.8859
11.46936304	19.9091
11.44404378	19.9279
11.41883606	19.9511
11.39373914	19.9755
11.3687523	20.0012
11.34387482	20.05
11.31910597	20.0666
11.29444505	20.0908
11.26990406	20.1213
11.24545684	20.166
11.22111545	20.1994
11.19687921	20.1918
11.17274743	20.207
11.14871946	20.2512
11.12479461	20.2883
11.10097222	20.3139
11.07725165	20.341
11.05363222	20.3686
11.03011331	20.4045
11.00669427	20.4121
10.98337447	20.4414
10.96015327	20.4953
10.93703005	20.5419
10.9140042	20.5693
10.89107509	20.5693
10.86824213	20.5949
10.8455047	20.6437
10.82286221	20.6635
10.80031407	20.676
10.77785969	20.707
10.75549848	20.7407
10.73322986	20.7844
10.71106474	20.8232
10.68897956	20.8456
10.66698525	20.8959
10.64508128	20.9331
10.62326708	20.9594
10.6015421	20.9873
10.5799058	21.0161
10.55835763	21.0556
10.53689705	21.0839
10.51552354	21.1074
10.49423657	21.1603
10.4730356	21.1987
10.45192012	21.2248
10.43088962	21.2656
10.40994358	21.2998
10.38908149	21.3293
10.36830285	21.3681
10.34760717	21.4208
10.32699394	21.4594
10.30646267	21.4741
10.28601287	21.4953
10.26564407	21.5273
10.24535578	21.5834
10.22514752	21.6359
10.20502924	21.6711
10.1849796	21.717
10.16500858	21.7573
10.14511574	21.8041
10.12530059	21.8588
10.10556271	21.9199
10.08590162	21.9675
10.0663169	22.0092
10.04680808	22.081
10.02737473	22.1596
10.00801642	22.2521
9.98873271	22.3674
9.969523168	22.3996
9.950387369	22.2609
9.931324888	22.1538
9.912335307	22.2092
9.893427994	22.3146
9.874582922	22.4057
9.855809507	22.4897
9.83710734	22.5793
9.818476015	22.6652
9.799915133	22.7582
9.781424293	22.8464
9.7630031	22.9238
9.744651161	23.009
9.726368087	23.0991
9.70815349	23.1918
9.690006986	23.2719
9.671928196	23.3432
9.653916739	23.4367
9.635972241	23.5341
9.618094328	23.6293
9.600282632	23.7372
9.582536785	23.851
9.564856422	23.9494
9.547241181	24.0458
9.529690704	24.1601
9.512204634	24.2892
9.494782617	24.4152
9.477424301	24.55
9.460138288	24.6884
9.4429063	24.8544
9.425736975	25.0334
9.408629972	25.2033
9.391584952	25.3871
9.374601579	25.5795
9.35767952	25.7678
9.340818443	25.9806
9.324018018	26.2324
9.307277919	26.4745
9.290597822	26.7111
9.273977405	26.9814
9.257416348	27.2885
9.240914333	27.602
9.224471046	27.9555
9.208086173	28.3588
9.191759404	28.7861
9.17549043	29.2612
9.159278945	29.787
9.143124645	30.3798
9.127027227	31.0317
9.110986392	31.6996
9.095001842	32.4609
9.079073281	33.349
9.06320863	34.3549
9.04739114	35.5265
9.031628764	36.9208
9.015921215	38.5082
9.000268208	40.2033
8.984669459	41.9232
8.969124685	43.6066
8.953633608	45.2264
8.93819595	46.8192
8.922811435	48.3485
8.907479789	49.7875
8.89220074	51.1932
8.876974017	52.5414
8.861799353	53.7882
8.846676481	54.9862
8.831605135	56.2191
8.816585054	57.4454
8.801615977	58.6893
8.786697643	60.0206
8.771829795	61.4266
8.757012178	62.7823
8.742244536	64.0545
8.727526619	65.2049
8.712858175	66.158
8.69824652	66.9019
8.683676252	67.4801
8.669154714	67.9376
8.654681663	68.2794
8.640256858	68.5257
8.625880055	68.7186
8.611551018	68.8338
8.597269507	68.9007
8.583035287	68.9102
8.568848124	68.7403
8.554707784	68.2681
8.540614036	67.4361
8.52656665	66.1807
8.512565398	64.6214
8.498610052	63.0233
8.484700388	61.545
8.470836182	60.1825
8.45701721	58.9586
8.443243252	57.8832
8.429514089	56.8819
8.415829502	55.9393
8.402189274	55.1703
8.388593191	54.5057
8.375041038	53.8192
8.361539594	53.138
8.348074642	52.4296
8.334652987	51.5575
8.32127442	50.4808
8.307938734	49.2411
8.294645723	47.756
8.281395183	45.9801
8.268186911	44.0243
8.255020704	41.9235
8.241896361	39.6728
8.228813685	37.371
8.215772476	35.1039
8.202772537	32.8534
8.189813674	30.6054
8.176895691	28.394
8.164018395	26.2641
8.151188239	24.1816
8.138391724	22.1689
8.125635323	20.2749
8.11291885	18.5156
8.100242116	16.9003
8.087604937	15.4467
8.075007126	14.1689
8.062448501	13.0454
8.049928879	12.0717
8.037448078	11.2346
8.025005918	10.4829
8.012602221	9.8066
8.000236807	9.2163
7.9879095	8.7021
7.975620124	8.2529
7.963368505	7.8877
7.951154468	7.6128
7.938977841	7.4199
7.926838452	7.3042
7.914736131	7.2622
7.902670708	7.2983
7.890642014	7.3745
7.878649883	7.5019
7.866694148	7.6758
7.854780812	7.8733
7.842897355	8.082
7.831049799	8.3027
7.819237984	8.5166
7.807461747	8.7231
7.795720929	8.9204
7.784015369	9.1069
7.772344909	9.2832
7.760709391	9.4643
7.749108659	9.6391
7.737542556	9.7954
7.726010929	9.9555
7.714513623	10.1211
7.703050485	10.2597
7.691621363	10.3823
7.680226106	10.5161
7.668864563	10.6538
7.657536586	10.7622
7.646242025	10.8716
7.634980733	10.9873
7.623752563	11.0854
7.61255737	11.1821
7.601395008	11.291
7.590265333	11.3847
7.579173946	11.4653
7.568109199	11.5581
7.557076711	11.6479
7.546076342	11.7197
7.535107952	11.7934
7.524171401	11.8735
7.51326655	11.9414
7.502393263	12.0078
7.491551403	12.0805
7.480740833	12.1508
7.469961418	12.2109
7.459213023	12.2717
7.448495516	12.3442
7.437808762	12.4038
7.42715263	12.4594
7.416526989	12.5229
7.405931707	12.5786
7.395366655	12.6313
7.384831703	12.6933
7.374326724	12.7456
7.363851589	12.7929
7.353406171	12.8481
7.342990345	12.8984
7.332603984	12.9353
7.322252325	12.9843
7.311924506	13.0381
7.30162578	13.0815
7.291356025	13.1176
7.281115117	13.1543
7.270902937	13.1943
7.260719363	13.2226
7.250564275	13.2548
7.240437554	13.2915
7.230339081	13.3125
7.220268738	13.3496
7.210226408	13.3847
7.200211974	13.4177
7.19022532	13.4482
7.18026633	13.4829
7.17033489	13.5175
7.160436013	13.5493
7.150559317	13.5874
7.140709829	13.6211
7.130887439	13.6479
7.121092034	13.6777
7.111323503	13.7197
7.101581735	13.7578
7.091866622	13.7783
7.082178053	13.8061
7.07251592	13.8364
7.062880115	13.8589
7.053270531	13.872
7.04368706	13.8964
7.034129597	13.9389
7.024598035	13.9643
7.01509227	13.9936
7.005612196	14.0229
6.99615771	14.0395
6.986728709	14.0639
6.977325089	14.0876
6.967946748	14.0893
6.958593585	14.0952
6.949265497	14.1411
6.939962385	14.1645
6.930688952	14.1855
6.921435478	14.1992
6.912206681	14.206
6.903002461	14.227
6.893822721	14.2612
6.884667364	14.2788
6.875536292	14.2788
6.866429409	14.2651
6.857346618	14.2763
6.848287825	14.3066
6.839252935	14.332
6.830241852	14.3427
6.821254483	14.352
6.812290735	14.3672
6.803350514	14.3725
6.794433728	14.3462
6.785540285	14.3454
6.776670093	14.3842
6.767823062	14.4077
6.7589991	14.4233
6.750198118	14.4311
6.741420026	14.4492
6.732664735	14.4629
6.723932156	14.4724
6.715226709	14.4746
6.706539278	14.4858
6.697874296	14.5117
6.689231675	14.5166
6.680611329	14.5214
6.672013173	14.5478
6.663437121	14.5803
6.654883087	14.5996
6.646350987	14.5683
6.637840737	14.5488
6.629352253	14.601
6.620885451	14.6411
6.612440248	14.6562
6.604016563	14.6777
6.595614312	14.6723
6.587233415	14.6679
6.578873789	14.6743
6.570535354	14.6889
6.56221803	14.7236
6.553921736	14.7421
6.545646392	14.7656
6.537391921	14.7876
6.529158241	14.7959
6.520945276	14.7949
6.512757189	14.8217
6.504585407	14.8242
6.496434107	14.7915
6.488303211	14.8144
6.480192643	14.8603
6.472102327	14.8857
6.464032186	14.913
6.455982145	14.9314
6.44795213	14.9516
6.439942066	14.9712
6.431951879	14.9824
6.423981494	14.978
6.416030838	14.955
6.408099838	15.0083
6.400188422	15.0786
6.392296516	15.1054
6.384424048	15.1225
6.376570948	15.1406
6.368737143	15.1665
6.360922563	15.2114
6.353127136	15.2295
6.345350793	15.2285
6.337593464	15.2744
6.329855078	15.331
6.322139564	15.3662
6.314438848	15.4091
6.30675687	15.4565
6.29909356	15.5009
6.291448851	15.5468
6.283822676	15.601
6.276214965	15.6572
6.268625654	15.7309
6.261054675	15.8149
6.253501961	15.8901
6.245967447	15.9643
6.238451067	16.0683
6.230952756	16.1928
6.223472449	16.3364
6.21601008	16.5102
6.208565585	16.7207
6.201142747	16.9926
6.1937338	17.3183
6.186342535	17.6984
6.178968891	18.1506
6.171612803	18.496
6.164274209	18.5195
6.156953047	18.0971
6.149649255	17.2036
6.14236277	16.0029
6.135093533	14.8286
6.12784148	13.9448
6.120606552	13.415
6.113388688	13.2231
6.106187828	13.2866
6.099003911	13.4216
6.091836878	13.5715
6.084686669	13.6994
6.077553226	13.8017
6.070436489	13.9089
6.063336399	14.0251
6.056252899	14.0776
6.049185931	14.1064
6.042135436	14.2292
6.035101357	14.3442
6.02808727	14.4113
6.021085843	14.4672
6.01410066	14.5288
6.007131667	14.6025
6.000178805	14.6706
5.99324202	14.7241
5.986321256	14.7937
5.979416457	14.8786
5.972527568	14.9497
5.965654534	15.0341
5.9587973	15.1191
5.951955813	15.1323
5.945130017	15.0378
5.938319859	14.791
5.931525286	14.4616
5.924746243	14.1057
5.917982678	13.8078
5.911234538	13.654
5.904501769	13.601
5.89778432	13.6071
5.891082139	13.6821
5.884395172	13.7439
5.87772337	13.8205
5.871066679	13.9211
5.864428488	13.969
5.85780186	14.0151
5.851190191	14.0605
5.84459343	14.0949
5.838011527	14.1225
5.831444431	14.1367
5.824892094	14.1311
5.818354465	14.1584
5.811831494	14.219
5.805323133	14.2536
5.798829332	14.2815
5.792350043	14.3215
5.785885217	14.3435
5.779434806	14.3628
5.772998761	14.3769
5.766577035	14.3877
5.760169579	14.4428
5.753776347	14.4792
5.747397291	14.4902
5.741032364	14.5114
5.734681519	14.5236
5.728344709	14.5393
5.722021888	14.5442
5.715713009	14.5334
5.709421287	14.5339
5.703140149	14.5512
5.696872816	14.5463
5.690619242	14.5476
5.684379382	14.5659
5.678153192	14.5622
5.671940626	14.559
5.66574164	14.5717
5.659556189	14.5717
5.653384229	14.5708
5.647225716	14.5695
5.641080605	14.5683
5.634948854	14.5871
5.628830419	14.6025
5.622725256	14.6113
5.616633323	14.6096
5.610557723	14.6088
5.604492113	14.611
5.598439603	14.6242
5.592400152	14.6303
5.586373717	14.6281
5.580360257	14.6215
5.574359729	14.6318
5.568372092	14.6513
5.562397304	14.6572
5.556435324	14.6565
5.550486112	14.6562
5.544549625	14.6623
5.538625823	14.6652
5.532714665	14.6677
5.526816112	14.665
5.520930122	14.666
5.515056656	14.6689
5.509195674	14.6735
5.503347136	14.6782
5.497511002	14.6775
5.491687233	14.6809
5.48587579	14.6953
5.480076633	14.6882
5.474289725	14.6884
5.468518015	14.6975
5.462755479	14.7104
5.457005076	14.7204
5.451266765	14.7165
5.445540511	14.7177
5.439826274	14.727
5.434124016	14.7358
5.428433701	14.7326
5.422755291	14.7216
5.417088748	14.7287
5.411434035	14.7492
5.405791116	14.7558
5.400159953	14.7536
5.394540509	14.7568
5.388932749	14.7624
5.383336635	14.7573
5.377752132	14.7536
5.372179203	14.7539
5.366617813	14.7544
5.361067925	14.7436
5.355529504	14.7402
5.350002515	14.7531
5.344486921	14.7614
5.338982689	14.7631
5.333492627	14.7695
5.328011006	14.7736
5.32254064	14.7756
5.317081497	14.7797
5.31163354	14.781
5.306196736	14.7717
5.30077105	14.7734
5.295356449	14.788
5.289952898	14.7832
5.284560364	14.7888
5.279178813	14.79
5.273808212	14.7934
5.268448526	14.7973
5.263099724	14.8015
5.257761771	14.7932
5.252434635	14.791
5.247118283	14.792
5.241812682	14.7988
5.236517799	14.802
5.231233603	14.81
5.225960061	14.8137
5.220697141	14.812
5.21544481	14.8066
5.210203036	14.7998
5.204974498	14.8005
5.19975374	14.8039
5.194543444	14.8164
5.189343579	14.8166
5.184154115	14.8076
5.178975019	14.8086
5.173806261	14.812
5.168647809	14.8193
5.163499634	14.82
5.158361704	14.8252
5.153233989	14.8266
5.148116459	14.8234
5.143009082	14.8256
5.137911829	14.8256
5.13282467	14.8173
5.127747575	14.823
5.122680514	14.8264
5.117623458	14.8205
5.112576376	14.8242
5.107539239	14.8315
5.102512018	14.8203
5.097494683	14.813
5.092487206	14.8225
5.087489558	14.8249
5.082504292	14.8203
5.077526209	14.8222
5.072557868	14.8213
5.06759924	14.8198
5.062650297	14.822
5.057711011	14.8286
5.052781354	14.8237
5.047861297	14.8176
5.042950812	14.8266
5.038049872	14.8261
5.033158448	14.82
5.028276513	14.8232
5.023404039	14.8317
5.018541	14.8325
5.013687367	14.8344
5.008843113	14.8339
5.004010715	14.8276
4.999185133	14.8256
4.994368849	14.822
4.989561837	14.8227
4.984764069	14.8213
4.979975518	14.8166
4.97519616	14.8281
4.970425966	14.8327
4.96566491	14.83
4.960912967	14.8344
4.95617011	14.8249
4.951436313	14.8242
4.94671155	14.8296
4.941995795	14.8322
4.937289023	14.8339
4.932591209	14.8442
4.927902325	14.8457
4.923222347	14.8359
4.918551251	14.8335
4.913889009	14.8383
4.909235598	14.8418
4.904590991	14.8405
4.899955165	14.8337
4.895328095	14.8374
4.890712146	14.8452
4.886102507	14.8513
4.88150155	14.8615
4.876909249	14.8625
4.87232558	14.8647
4.86775052	14.875
4.863184043	14.8706
4.858626126	14.873
4.854076745	14.8798
4.849535875	14.8725
4.845003493	14.8635
4.840479575	14.8693
4.835964098	14.8733
4.831457037	14.8693
4.826958369	14.8725
4.822468072	14.8838
4.81798612	14.8806
4.813512492	14.8725
4.809047164	14.8808
4.804590113	14.8818
4.800141316	14.8862
4.79570075	14.8896
4.791268392	14.8935
4.78684422	14.8933
4.782430498	14.8891
4.778022625	14.8918
4.773622869	14.8803
4.769231209	14.8896
4.764847623	14.9004
4.760472086	14.8908
4.756104579	14.8806
4.751745078	14.8847
4.747393562	14.883
4.743050009	14.8725
4.738714396	14.8535
4.734386703	14.8393
4.730066907	14.83
4.725754987	14.8188
4.721450921	14.8071
4.717154688	14.8
4.712866266	14.8093
4.708585635	14.8169
4.704312773	14.8159
4.700047658	14.8061
4.695790271	14.8051
4.691540589	14.809
4.687298593	14.81
4.68306426	14.801
4.67883976	14.7963
4.67462069	14.7932
4.670409221	14.7871
4.666205334	14.789
4.662009009	14.7961
4.657820224	14.7912
4.65363896	14.7924
4.649465195	14.7932
4.645298911	14.788
4.641140087	14.7885
4.636988702	14.7932
4.632844738	14.8032
4.628708174	14.8029
4.62457899	14.8012
4.620457167	14.8059
4.616342684	14.8068
4.612235523	14.8022
4.608135664	14.8054
4.604043086	14.7939
4.599957772	14.7942
4.595879702	14.8032
4.591808856	14.7949
4.587745215	14.7876
4.58368876	14.7932
4.57964157	14.7934
4.575599426	14.7824
4.571564412	14.7697
4.567536508	14.7651
4.563515696	14.7592
4.559501956	14.7592
4.555495271	14.75
4.551495621	14.7238
4.547502989	14.7199
4.543517355	14.7285
4.539538701	14.7236
4.535567009	14.7099
4.531602261	14.6975
4.527644439	14.6894
4.523693523	14.6792
4.519749497	14.6721
4.515814382	14.6674
4.511884077	14.6623
4.507960608	14.6506
4.504043956	14.6526
4.500134104	14.6489
4.496231034	14.6411
4.492334729	14.6406
4.488445171	14.6342
4.484562343	14.625
4.480686226	14.6196
4.476816804	14.6115
4.47295406	14.6035
4.469097975	14.5898
4.465248534	14.593
4.461405718	14.5783
4.45756951	14.5654
4.453739894	14.5608
4.449916853	14.5517
4.44610037	14.5434
4.442290427	14.5412
4.438487009	14.5363
4.434690097	14.5356
4.430899676	14.5327
4.42711573	14.5305
4.423340197	14.5227
4.419569145	14.5102
4.415804518	14.5131
4.412046298	14.51
4.408294471	14.5063
4.404549018	14.5053
4.400809925	14.4963
4.397077175	14.4926
4.393350752	14.4951
4.389630639	14.4983
4.385916821	14.4985
4.382209282	14.4973
4.378508006	14.497
4.374812977	14.4953
4.371124179	14.4902
4.367441596	14.4907
4.363765214	14.4922
4.360095015	14.4887
4.356430985	14.4768
4.352773108	14.4729
4.349121369	14.4807
4.345475751	14.4878
4.341836241	14.4926
4.338202821	14.4936
4.334577357	14.4914
4.330956072	14.4917
4.327340832	14.4963
4.323731623	14.5022
4.320128429	14.5022
4.316531235	14.5041
4.312940028	14.5039
4.30935479	14.4985
4.305775509	14.4943
4.302202168	14.4951
4.298634754	14.5024
4.29507325	14.5002
4.291517644	14.5044
4.287967919	14.5053
4.284424062	14.4995
4.280886058	14.4926
4.277353892	14.4995
4.27382755	14.5
4.270307018	14.4961
4.266792281	14.4985
4.263283325	14.5009
4.259780136	14.508
4.256282699	14.5092
4.252791	14.5146
4.249306832	14.5205
4.245826565	14.5185
4.242351994	14.5158
4.238883105	14.518
4.235419885	14.5119
4.231962319	14.5151
4.228510393	14.5185
4.225064094	14.5129
4.221623408	14.5068
4.218188322	14.5092
4.214758821	14.5097
4.211334892	14.5117
4.207916522	14.5127
4.204503696	14.5117
4.201096402	14.5117
4.197694626	14.5158
4.194300114	14.5217
4.190909331	14.5195
4.187524026	14.5244
4.184144186	14.5244
4.180769797	14.5207
4.177400846	14.5229
4.174037321	14.5315
4.170679208	14.5341
4.167326493	14.5297
4.163979165	14.5302
4.16063721	14.5239
4.157300615	14.5254
4.153969367	14.5244
4.150643454	14.5178
4.147322862	14.5278
4.144007579	14.5315
4.140697592	14.5207
4.137392888	14.5178
4.134093455	14.5178
4.130799281	14.5266
4.127510352	14.5268
4.124226656	14.5288
4.120948181	14.5283
4.117674914	14.5139
4.114408535	14.5092
4.111145645	14.5195
4.107887925	14.5344
4.104635365	14.5249
4.101387951	14.5168
4.098145671	14.5168
4.094908514	14.5217
4.091676466	14.5258
4.088449517	14.5295
4.085227653	14.5236
4.082010864	14.507
4.078799136	14.51
4.075592459	14.5214
4.072390819	14.5146
4.069194206	14.5058
4.066002607	14.5112
4.062816011	14.5068
4.059634406	14.5002
4.056457779	14.4946
4.053286121	14.4961
4.050119418	14.4892
4.046957659	14.4795
4.043800833	14.4785
4.040648928	14.4751
4.037503563	14.4819
4.034361463	14.4956
4.031224251	14.5024
4.028091913	14.5
4.024964439	14.4902
4.021841819	14.4882
4.018724039	14.4922
4.01561109	14.4902
4.012502959	14.4824
4.009399637	14.4746
4.00630111	14.476
4.00320737	14.4751
4.000118404	14.4755
3.997034201	14.4614
3.99395475	14.4575
3.990880041	14.4585
3.987810062	14.4524
3.984744803	14.4443
3.981684252	14.4443
3.9786284	14.4458
3.975577234	14.4428
3.972530744	14.4416
3.96948892	14.4436
3.966451751	14.4455
3.963420797	14.4504
3.960392903	14.4502
3.957369631	14.4494
3.954350972	14.458
3.951336915	14.4536
3.948327449	14.4482
3.945322564	14.456
3.942322249	14.4516
3.939326493	14.4463
3.936335288	14.4521
3.933348621	14.4543
3.930366483	14.4555
3.927388864	14.4524
3.924415753	14.4428
3.921447139	14.4387
3.918483014	14.4475
3.915523366	14.4482
3.912568186	14.4502
3.909617463	14.4516
3.906671188	14.4426
3.90372935	14.4414
3.900791939	14.4543
3.897858945	14.4463
3.894930359	14.4345
3.892007684	14.4426
3.889087881	14.4406
3.886172454	14.4377
3.883261396	14.4463
3.880354695	14.437
3.877452343	14.4318
3.874554329	14.4331
3.871660644	14.4328
3.868771278	14.424
3.865886222	14.4213
3.863005465	14.4233
3.860128998	14.4209
3.857256812	14.4121
3.854388896	14.4106
3.851525243	14.4133
3.848665841	14.4194
3.845812161	14.414
3.842961232	14.4182
3.840114528	14.4204
3.837272037	14.4194
3.834433752	14.4179
3.831599662	14.4113
3.828769759	14.413
3.825944033	14.4113
3.823122474	14.4062
3.820305074	14.3955
3.817491824	14.4026
3.814682714	14.4106
3.811877735	14.4033
3.809076878	14.3964
3.806280134	14.3969
3.803487494	14.3906
3.800698949	14.3838
3.797914489	14.385
3.795134107	14.3759
3.792357792	14.3801
3.789585537	14.393
3.786817332	14.3935
3.784053167	14.385
3.781293036	14.3798
3.778538356	14.382
3.77578626	14.3833
3.773038171	14.3857
3.770294079	14.3789
3.767553976	14.3862
3.764817852	14.3791
3.7620857	14.3725
3.759357511	14.3791
3.756633275	14.384
3.753912985	14.3811
3.751196632	14.3818
3.748484207	14.3772
3.745775701	14.3713
3.743071107	14.3711
3.740370416	14.3606
3.73767362	14.3642
3.734980709	14.3628
3.732291676	14.3564
3.729606512	14.3557
3.726925208	14.3537
3.724247758	14.3459
3.721574151	14.3466
3.718904381	14.3462
3.716238438	14.3491
3.713577694	14.3505
3.71091938	14.3525
3.708264869	14.3515
3.705614154	14.3584
3.702967225	14.3498
3.700324074	14.3349
3.697684695	14.3369
3.695049078	14.3369
3.692417215	14.3193
3.689789099	14.3227
3.687164722	14.3281
3.684544075	14.3134
3.68192715	14.3059
3.67931394	14.3051
3.676704437	14.3068
3.674098633	14.3105
3.67149652	14.3049
3.66889809	14.2959
3.666303336	14.2971
3.663712249	14.2942
3.661124822	14.2883
3.658541047	14.2922
3.655960916	14.2939
3.653384422	14.302
3.65081289	14.2929
3.648243644	14.2834
3.645678012	14.2851
3.643115986	14.2871
3.640557559	14.2758
3.638002722	14.2727
3.635451469	14.2736
3.632903791	14.2744
3.630359682	14.2736
3.627819133	14.2695
3.625282138	14.2675
3.622748688	14.2666
3.620218777	14.2675
3.617692397	14.2661
3.615169541	14.2588
3.6126502	14.258
3.610135673	14.257
3.607623341	14.26
3.605114504	14.2627
3.602609154	14.2561
3.600107283	14.25
3.597608885	14.2597
3.595113953	14.2597
3.592622478	14.248
3.590134454	14.2375
3.587649874	14.2356
3.585168731	14.2287
3.582691017	14.2385
3.580216725	14.2417
3.577745848	14.2236
3.57527838	14.2285
3.572814313	14.2353
3.57035364	14.2287
3.567896354	14.219
3.565442448	14.2236
3.562991916	14.2317
3.560544749	14.2207
3.558100942	14.218
3.555660487	14.2246
3.553223378	14.2199
3.550790868	14.206
3.548360427	14.2109
3.545933311	14.208
3.543509513	14.1994
3.541089027	14.2072
3.538671844	14.2109
3.53625796	14.2102
3.533847367	14.206
3.531440058	14.2063
3.529036026	14.2158
3.526635266	14.2187
3.524237769	14.2277
3.52184353	14.2307
3.519452542	14.2275
3.517064798	14.2353
3.514680292	14.2522
3.512299017	14.2607
3.509920967	14.2541
3.507546135	14.2473
3.505174514	14.2356
3.502806098	14.217
3.500440881	14.2158
3.498078855	14.2187
3.495720015	14.2089
3.493365575	14.219
3.491013085	14.2275
3.488663762	14.2187
3.486317598	14.2004
3.483974588	14.205
3.481634725	14.2226
3.479298003	14.2089
3.476964415	14.205
3.474633956	14.2072
3.472306619	14.2072
3.469982397	14.2072
3.467661284	14.2089
3.465343275	14.2129
3.463028363	14.2063
3.460716541	14.2031
3.458407804	14.2053
3.456102146	14.2063
3.453799559	14.2109
3.451500039	14.2099
3.449203579	14.2065
3.446910172	14.2055
3.444619814	14.207
3.442332497	14.2202
3.440048216	14.2172
3.437768146	14.2143
3.435489916	14.2138
3.433214704	14.2143
3.430942504	14.2172
3.428673309	14.2319
3.426407114	14.2426
3.424143913	14.2348
3.421883699	14.2197
3.419626467	14.2109
3.417372212	14.1865
3.415120926	14.1704
3.412872605	14.1601
3.410627242	14.1494
3.408384831	14.1425
3.406145367	14.1298
3.403908845	14.1123
3.401675257	14.1089
3.399444599	14.1059
3.397216864	14.1074
3.394992047	14.101
3.392770143	14.0962
3.390551144	14.101
3.388335047	14.0918
3.386121844	14.0918
3.383912676	14.0991
3.381705245	14.0922
3.379500692	14.0957
3.377299012	14.1069
3.375100198	14.1113
3.372904246	14.1206
3.370711149	14.1176
3.368520903	14.1069
3.366333501	14.1035
3.364148938	14.0996
3.361967208	14.0869
3.359788306	14.0766
3.357612227	14.0654
3.355438965	14.061
3.353268515	14.06
3.35110087	14.0503
3.348937148	14.0459
3.346775098	14.0503
3.344615837	14.0415
3.342459362	14.0376
3.340305665	14.0317
3.338154741	14.0302
3.336006587	14.0341
3.333861195	14.0263
3.33171856	14.0224
3.329578678	14.0283
3.327441544	14.0234
3.32530715	14.02
3.323175494	14.0083
3.321046568	13.9892
3.318920368	13.9882
3.31679689	13.9941
3.314676126	13.9931
3.312558073	13.9956
3.310442725	14.0005
3.308330077	14.0005
3.306220124	14.0014
3.304112861	13.9961
3.302008281	13.9961
3.299906382	13.997
3.297808244	13.9902
3.295711686	13.9946
3.293617792	13.9878
3.291526557	13.9843
3.289437976	13.9868
3.287352045	13.9873
3.285268756	13.9887
3.283188107	13.9868
3.281110091	13.9824
3.279034705	13.9746
3.276961942	13.9677
3.274891798	13.9707
3.272824267	13.9697
3.270759346	13.9555
3.268697029	13.9487
3.26663731	13.9546
3.264580186	13.9624
3.262525652	13.9672
3.260473701	13.9638
3.25842433	13.9492
3.256377534	13.9546
3.254333308	13.9604
3.252291646	13.9541
3.250252545	13.9511
3.248217054	13.9492
3.246183057	13.9482
3.244151606	13.9497
3.242122696	13.958
3.240096322	13.9423
3.238072479	13.935
3.236051163	13.9428
3.234032369	13.936
3.232016093	13.9321
3.230002329	13.9365
3.227991073	13.9404
3.22598232	13.935
3.223976065	13.9326
3.221972305	13.9384
3.219971033	13.9345
3.217972246	13.9384
3.215975939	13.9375
3.213982108	13.9336
3.211990747	13.9419
3.210001852	13.9414
3.208015419	13.9243
3.206031443	13.914
3.204049919	13.9248
3.202070843	13.9282
3.200095235	13.9297
3.19812104	13.9282
3.196149279	13.9277
3.194179949	13.9262
3.192213043	13.9297
3.190248559	13.9292
3.18828649	13.9394
3.186326834	13.9438
3.184369586	13.9404
3.18241474	13.9506
3.180462293	13.9531
3.17851224	13.9482
3.176564577	13.9497
3.1746193	13.9511
3.172676403	13.9438
3.170735883	13.9433
3.168797736	13.9497
3.166861956	13.9575
3.164928541	13.9629
3.162997484	13.9648
3.161068783	13.9731
3.159142432	13.9756
3.157218427	13.9731
3.155296765	13.9716
3.153378435	13.9487
3.151461443	13.9375
3.14954678	13.9482
3.147634443	13.9672
3.145724426	13.9516
3.143816726	13.9453
3.141911338	13.9521
3.140008258	13.9477
3.138107483	13.934
3.136209007	13.9267
3.134312827	13.9355
3.132418938	13.9375
3.130527337	13.9419
3.128638019	13.934
3.126750981	13.9355
3.124866217	13.9384
3.122984699	13.9297
3.121104471	13.9321
3.119226507	13.9458
3.1173508	13.9575
3.115477349	13.9594
3.113606148	13.9531
3.111737193	13.9677
3.10987048	13.9707
3.108006006	13.9609
3.106143766	13.9609
3.104283756	13.9716
3.102425973	13.9912
3.100570412	14.0039
3.098717069	13.9985
3.096865941	13.998
3.095017023	14.0156
3.093170311	13.9985
3.091325802	13.9985
3.089483491	13.9931
3.087643375	13.9809
3.085805449	13.9692
3.08396971	13.9477
3.082136155	13.9126
3.080304778	13.8925
3.078476524	13.8623
3.076649492	13.8427
3.074824627	13.8476
3.073001926	13.8506
3.071181385	13.8672
3.069363	13.874
3.067546766	13.8701
3.065732681	13.873
3.06392074	13.8623
3.06211094	13.8755
3.060303276	13.8794
3.058497745	13.8779
3.056694344	13.8945
3.054893068	13.917
3.053093914	13.9228
3.051296877	13.9257
3.049501955	13.9287
3.047709144	13.9355
3.045918439	13.9355
3.044129837	13.9375
3.042343335	13.9433
3.040558928	13.9555
3.038776613	13.9648
3.036996386	13.9765
3.035219166	13.9922
3.033443104	13.9882
3.031669119	13.9941
3.029897208	14.0175
3.028127367	14.0297
3.026359592	14.0239
3.02459388	14.0214
3.022830228	14.0244
3.021068631	14.0317
3.019309085	14.0449
3.017551589	14.063
3.015796137	14.0669
3.014042726	14.0664
3.012291354	14.0722
3.010542015	14.0786
3.008794707	14.0864
3.007049426	14.0937
3.005306169	14.0942
3.003564931	14.0986
3.00182571	14.1191
3.000088503	14.1377
2.998353304	14.1411
2.996620112	14.1606
2.994888923	14.1806
2.993160628	14.1938
2.991433432	14.2041
2.989708228	14.2153
2.987985013	14.2412
2.986263784	14.2622
2.984544536	14.2817
2.982827267	14.3169
2.981111973	14.3462
2.97939865	14.3579
2.977687296	14.3872
2.975977906	14.4267
2.974270478	14.4599
2.972565009	14.5107
2.970861493	14.5693
2.96915993	14.6137
2.967460314	14.664
2.965763522	14.7524
2.964067792	14.8203
2.962373999	14.8945
2.960682141	14.9755
2.958992215	15.0605
2.957304216	15.166
2.955618142	15.2578
2.95393399	15.3598
2.952251756	15.4633
2.950571437	15.5683
2.94889303	15.6762
2.947216531	15.7714
2.945541937	15.8662
2.943869245	15.9751
2.942198452	16.0664
2.940529554	16.1416
2.938862549	16.205
2.937197432	16.2539
2.935534201	16.2817
2.933872853	16.2802
2.932213384	16.2402
2.930555792	16.1611
2.928900072	16.0703
2.927246222	15.9296
2.925595095	15.7412
2.923944975	15.5468
2.922296715	15.3208
2.920650312	15.059
2.919005763	14.7934
2.917363066	14.5161
2.915722216	14.2407
2.91408321	13.9536
2.912446047	13.6855
2.910810722	13.4555
2.909177232	13.2309
2.907545575	13.0122
2.905915747	12.8261
2.904287745	12.6484
2.902661566	12.4941
2.901037208	12.3906
2.899414666	12.2915
2.897793938	12.2129
2.896175022	12.1386
2.894557913	12.0727
2.892942609	12.041
2.891329106	12.0376
2.889717403	12.0156
2.888107495	11.9868
2.886500214	11.9961
2.884893888	12.0215
2.883289349	12.0493
2.881686594	12.0722
2.880085619	12.102
2.878486423	12.1274
2.876889001	12.1626
2.875293352	12.207
2.873699471	12.2407
2.872107357	12.2837
2.870517006	12.3398
2.868928415	12.3447
2.867341582	12.3423
2.865756502	12.3716
2.864173175	12.3857
2.862591596	12.3906
2.861011762	12.4048
2.859433672	12.416
2.857857321	12.4414
2.856282708	12.4609
2.854709829	12.5024
2.853138681	12.5556
2.851569261	12.6299
2.850001568	12.6894
2.848436408	12.75
2.846872156	12.83
2.845309621	12.8969
2.8437488	12.9433
2.842189691	12.9922
2.840632291	13.0664
2.839076596	13.1313
2.837522604	13.186
2.835970313	13.227
2.834419719	13.2617
2.83287082	13.3066
2.831323613	13.3379
2.829778094	13.3623
2.828234263	13.3833
2.826692114	13.3852
2.825151647	13.3652
2.823612858	13.3457
2.822075744	13.311
2.820540303	13.2666
2.819006531	13.2016
2.817474427	13.1074
2.815943987	13.0044
2.81441521	12.9067
2.812888091	12.7656
2.811363418	12.623
2.809839609	12.4726
2.80831745	12.3086
2.806796939	12.1523
2.805278075	11.9829
2.803760853	11.7837
2.802245271	11.5981
2.800731327	11.4336
2.799219018	11.268
2.797708341	11.1098
2.796199294	10.9301
2.794691874	10.7583
2.793186078	10.6294
2.791681905	10.5078
2.79017935	10.3813
2.788678412	10.2446
2.787179865	10.1411
2.785682151	10.0727
2.784186046	9.9927
2.782691547	9.916
2.781198652	9.8818
2.779707358	9.8398
2.778217662	9.7817
2.776729562	9.7431
2.775243056	9.709
2.77375814	9.6977
2.772274812	9.6958
2.77079307	9.6972
2.769312911	9.709
2.767834333	9.7055
2.766357333	9.7016
2.764881908	9.7109
2.763408056	9.7197
2.761935774	9.7427
2.760465061	9.7636
2.758995913	9.7812
2.757528328	9.7988
2.756062304	9.8379
2.754597837	9.8618
2.753134926	9.8994
2.751674325	9.9345
2.750214517	9.9673
2.748756257	9.998
2.747299542	10.0434
2.74584437	10.0864
2.74439074	10.125
2.742938647	10.1509
2.741488091	10.1787
2.740039067	10.209
2.738591575	10.2446
2.737145611	10.2544
2.735701174	10.2446
2.73425826	10.2832
2.732816867	10.3227
2.731376994	10.3301
2.729938636	10.3598
2.728501793	10.3965
2.727066462	10.4223
2.72563264	10.4258
2.724200325	10.4384
2.722769514	10.4668
2.721340206	10.4638
2.719912397	10.4736
2.718486086	10.5205
2.717062008	10.5263
2.715638684	10.541
2.714216851	10.5605
2.712796505	10.5576
2.711377646	10.5381
2.709960269	10.5566
2.708544374	10.5791
2.707129958	10.6113
2.705717018	10.6181
2.704305552	10.6142
2.702895558	10.6347
2.701487034	10.6308
2.700079976	10.6201
2.698674384	10.624
2.697270255	10.6377
2.695867585	10.6455
2.694466374	10.6386
2.693066619	10.6592
2.691668318	10.6992
2.690271467	10.7002
2.688876066	10.6963
2.687482111	10.7187
2.686089602	10.7158
2.684698534	10.7168
2.683309626	10.7168
2.681921436	10.7109
2.680534681	10.7275
2.679149359	10.7402
2.677765469	10.7334
2.676383008	10.7246
2.675001973	10.7509
2.673622363	10.7685
2.672244175	10.7734
2.670867407	10.75
2.669492057	10.747
2.668118123	10.7597
2.666745602	10.7558
2.665374493	10.7549
2.664004793	10.7558
2.6626365	10.7588
2.66127032	10.7754
2.659904834	10.8047
2.658540748	10.8056
2.657178061	10.7959
2.65581677	10.7763
2.654456873	10.7949
2.653098368	10.792
2.651741253	10.7763
2.650385525	10.7949
2.649031183	10.7998
2.647678224	10.7832
2.646326647	10.7812
2.644976449	10.8037
2.643627628	10.8125
2.642280182	10.8134
2.640934109	10.8213
2.639589407	10.8066
2.638246073	10.7939
2.636904106	10.7949
2.635563503	10.7978
2.634224263	10.7959
2.632886383	10.8115
2.631549862	10.79
2.630214697	10.7851
2.628881577	10.8066
2.627549117	10.8105
2.626218007	10.8086
2.624888245	10.8183
2.62355983	10.8437
2.622232758	10.832
2.620907028	10.8232
2.619582638	10.8467
2.618259585	10.8125
2.616937869	10.8008
2.615617486	10.8144
2.614298435	10.8281
2.612980713	10.8242
2.61166432	10.8261
2.610349252	10.8261
2.609035507	10.8349
2.607723085	10.8213
2.606411982	10.791
2.605102197	10.8027
2.603793727	10.8252
2.602486572	10.8164
2.601180728	10.8183
2.599876194	10.8252
2.598572968	10.8086
2.597271722	10.8222
2.595971105	10.8183
2.59467179	10.8144
2.593373774	10.8017
2.592077057	10.8027
2.590781636	10.8125
2.589487509	10.8379
2.588194675	10.8291
2.58690313	10.8213
2.585612874	10.7988
2.584323905	10.8105
2.58303622	10.8261
2.581749817	10.8183
2.580464695	10.8095
2.579180852	10.8095
2.577898286	10.8252
2.576616995	10.8457
2.575336976	10.834
2.574058229	10.8301
2.572780751	10.8408
2.571504541	10.8476
2.570229596	10.8515
2.568955915	10.8574
2.567683495	10.8525
2.566412994	10.8379
2.565143091	10.8291
2.563874445	10.8252
2.562607053	10.8369
2.561340913	10.834
2.560076024	10.8252
2.558812384	10.8496
2.55754999	10.8593
2.556288841	10.834
2.555028936	10.8213
2.553770272	10.8398
2.552512847	10.8496
2.55125666	10.8672
2.550001709	10.872
2.548747991	10.8554
2.547495506	10.8457
2.546244252	10.8476
2.544994225	10.8515
2.543745426	10.8564
2.542497852	10.8496
2.5412515	10.8418
2.54000637	10.8359
2.53876246	10.8379
2.537519767	10.8681
2.536278934	10.875
2.535038671	10.8457
2.53379962	10.8437
2.53256178	10.873
2.531325149	10.8769
2.530089725	10.8672
2.528855506	10.8593
2.52762249	10.8681
2.526390677	10.8593
2.525160064	10.8672
2.523930648	10.872
2.52270243	10.8691
2.521475406	10.8672
2.520249575	10.8525
2.519024936	10.8564
2.517801486	10.8603
2.516579857	10.8554
2.515358781	10.8564
2.514138889	10.8603
2.512920179	10.8711
2.511702651	10.8711
2.510486301	10.8681
2.50927113	10.8877
2.508057134	10.8769
2.506844312	10.8759
2.505632662	10.8906
2.504422183	10.8984
2.503212874	10.914
2.502004731	10.9267
2.500797754	10.9336
2.499591942	10.9082
2.498387291	10.8965
2.497183801	10.9189
2.49598147	10.9316
2.494780296	10.9199
2.493580278	10.915
2.492381413	10.9072
2.491183701	10.9297
2.489987139	10.9394
2.488791726	10.9472
2.48759808	10.9394
2.486404959	10.8994
2.485212983	10.9062
2.484022149	10.915
2.482832455	10.915
2.4816439	10.914
2.480456483	10.9199
2.479270202	10.916
2.478085055	10.9355
2.47690104	10.9531
2.475718156	10.9199
2.474536402	10.9082
2.473355775	10.9297
2.472176274	10.9433
2.470997898	10.9531
2.469820644	10.9345
2.468644512	10.9228
2.467469499	10.9072
2.466295604	10.8984
2.465122826	10.8867
2.463951163	10.8789
2.462780612	10.8955
2.461611174	10.916
2.460442845	10.9111
2.45927623	10.9277
2.458110116	10.9492
2.456945108	10.9707
2.455781204	10.957
2.454618401	10.9189
2.4534567	10.9433
2.452296097	10.9746
2.451136592	10.958
2.449978183	10.9375
2.448820868	10.9531
2.447664646	10.957
2.446509516	10.9384
2.445355475	10.916
2.444202523	10.9492
2.443050657	10.957
2.441899876	10.9424
2.440750179	10.9316
2.439601564	10.9355
2.43845403	10.9355
2.437307575	10.9336
2.436162197	10.9297
2.435017895	10.9511
2.433874668	10.9804
2.432732513	10.9853
2.431592022	10.9541
2.430452008	10.9619
2.429313063	10.9541
2.428175185	10.9531
2.427038372	10.9629
2.425902624	10.958
2.424767938	10.9697
2.423634312	10.9345
2.422501747	10.9492
2.421370239	10.9619
2.420239788	10.9551
2.419110392	10.9531
2.417982049	10.9922
2.416854758	11.0009
2.415728518	10.9775
2.414603328	10.9931
2.413479185	10.9863
2.412356088	10.9697
2.411234036	10.9941
2.410113027	10.997
2.40899306	10.997
2.407874134	10.9902
2.406756246	11.0009
2.405639396	10.9853
2.40452416	10.9843
2.40340938	10.9843
2.402295634	10.9902
2.401182919	11.0009
2.400071234	11.0234
2.398960578	11.0097
2.39785095	11.0117
2.396742348	11.0156
2.39563477	11.0166
2.394528216	11.0117
2.393422683	11.0166
2.392318171	11.0166
2.391214677	11.0312
2.390112201	11.0468
2.389010742	11.0478
2.387910297	11.04
2.386811435	11.0019
2.385713014	10.9843
2.384615605	11.0322
2.383519204	11.0586
2.382423811	11.0468
2.381329425	11.0429
2.380236043	11.0517
2.379143665	11.0205
2.37805229	11.0049
2.376961915	11.0449
2.375872539	11.0664
2.374784162	11.0664
2.373696781	11.0556
2.372610396	11.0664
2.371525004	11.0908
2.370440606	11.083
2.369357198	11.0781
2.368274781	11.0937
2.367193351	11.0986
2.366112909	11.1054
2.365033453	11.082
2.363954982	11.082
2.362877493	11.0898
2.361800987	11.0937
2.360726018	11.0664
2.35965147	11.0791
2.3585779	11.082
2.357505307	11.082
2.356433688	11.0898
2.355363044	11.1103
2.354293372	11.1103
2.353224671	11.1103
2.35215694	11.1142
2.351090177	11.1133
2.350024382	11.1172
2.348959552	11.1259
2.347895687	11.1377
2.346832785	11.1289
2.345770845	11.1299
2.344709866	11.1416
2.343649846	11.1211
2.342590784	11.1142
2.341532678	11.1328
2.340475528	11.1572
2.339419333	11.1523
2.33836409	11.1416
2.337309798	11.1299
2.336256457	11.1377
2.335204611	11.1377
2.334153166	11.1455
2.333102667	11.1425
2.332053114	11.1465
2.331004504	11.1367
2.329956838	11.1328
2.328910112	11.1406
2.327864326	11.164
2.32681948	11.1582
2.325775571	11.1523
2.324732598	11.1523
2.32369056	11.1465
2.322649456	11.1386
2.321609284	11.1445
2.320570043	11.1758
2.319531733	11.207
2.318494351	11.1992
2.317457897	11.1718
2.316422369	11.1738
2.315387766	11.1836
2.314354087	11.1914
2.31332133	11.2011
2.312289495	11.1894
2.31125858	11.1797
2.310229117	11.1621
2.309200038	11.1679
2.308171875	11.2011
2.307144627	11.1699
2.306118293	11.1523
2.305092872	11.1621
2.304068363	11.1797
2.303044763	11.1933
2.302022073	11.2129
2.301000291	11.2363
2.299979415	11.2265
2.298959445	11.2226
2.297940379	11.25
2.296922216	11.2109
2.295904955	11.209
2.294888595	11.2363
2.29387366	11.2578
2.292859097	11.2656
2.291845431	11.2304
2.29083266	11.2031
2.289820785	11.1972
2.288809803	11.2265
2.287799713	11.207
2.286790515	11.205
2.285782206	11.2148
2.284774786	11.2656
2.283768254	11.2656
2.282762608	11.2304
2.281757848	11.1953
2.280753972	11.207
2.279750978	11.2383
2.278748867	11.2343
2.277747636	11.2441
2.276747284	11.2617
2.275747811	11.2519
2.274749215	11.2285
2.273751494	11.2304
2.272754649	11.2383
2.271758677	11.2461
2.270763578	11.2558
2.269769866	11.25
2.268776508	11.2519
2.267784019	11.2695
2.266792398	11.289
2.265801644	11.289
2.264811756	11.248
2.263822732	11.2832
2.262834571	11.33
2.261847273	11.2675
2.260860836	11.2187
2.259875259	11.2422
2.258890541	11.2578
2.257906681	11.2402
2.256923678	11.2656
2.25594153	11.291
2.254960236	11.2812
2.253979796	11.2851
2.253000208	11.2851
2.252021471	11.2558
2.251043584	11.2617
2.250066546	11.2519
2.249090355	11.2578
2.248115012	11.2617
2.247140514	11.2617
2.246167365	11.2285
2.245194554	11.2304
2.244222586	11.2422
2.243251458	11.2129
2.242281171	11.2129
2.241311723	11.209
2.240343113	11.2109
2.23937534	11.2422
2.238408402	11.2441
2.237442299	11.25
2.23647703	11.2578
2.235512593	11.2695
2.234548988	11.2754
2.233586213	11.2949
2.232624267	11.3066
2.231663149	11.2812
2.230702859	11.2383
2.229743394	11.2304
2.228784755	11.205
2.22782694	11.2304
2.226869947	11.2461
2.225913777	11.2773
2.224958427	11.2754
2.224003896	11.2773
2.223050679	11.291
2.222097785	11.3066
2.221145707	11.3086
2.220194445	11.2968
2.219243997	11.3027
2.218294362	11.3125
2.21734554	11.2656
2.21639753	11.2441
2.215450329	11.2578
2.214503938	11.2675
2.213558355	11.2754
2.212613579	11.2656
2.211669609	11.2773
2.210726445	11.2929
2.209784084	11.2832
2.208842527	11.2519
2.207901771	11.2265
2.206961817	11.207
2.206022662	11.2129
2.205084307	11.2695
2.204146749	11.3008
2.203209989	11.2773
2.202274024	11.2597
2.201338854	11.2558
2.200404963	11.2578
2.199471379	11.2734
2.198538587	11.2597
2.197606587	11.2695
2.196675376	11.2597
2.195744954	11.2734
2.194815319	11.2656
2.193886472	11.248
2.192958411	11.2793
2.192031134	11.2656
2.191104641	11.2578
2.190178931	11.2675
2.189254003	11.2851
2.188329856	11.2734
2.187406488	11.2539
2.1864839	11.2597
2.185562567	11.2734
2.184641533	11.2617
2.183721275	11.2734
2.182801792	11.2851
2.181883083	11.2519
2.180965147	11.2285
2.180047983	11.2187
2.17913159	11.2226
2.178215967	11.1992
2.177301113	11.2187
2.176387028	11.2597
2.175473709	11.25
2.174561157	11.2422
2.17364937	11.2383
2.172738348	11.2441
2.171828089	11.2187
2.170918592	11.2304
2.170009856	11.2304
2.169101881	11.2148
2.168194666	11.2539
2.167288209	11.2754
2.166382509	11.2519
2.165477567	11.2656
2.16457338	11.2812
2.163670416	11.2734
2.162767737	11.2422
2.161865811	11.2187
2.160964637	11.2461
2.160064214	11.2656
2.159164542	11.2597
2.158265618	11.2656
2.157367442	11.25
2.156470014	11.25
2.155573332	11.2343
2.154677395	11.25
2.153782203	11.2812
2.152887754	11.2226
2.151994048	11.1914
2.151101084	11.2148
2.150208861	11.2031
2.149317377	11.1718
2.148426632	11.1972
2.147536625	11.2422
2.146647355	11.205
2.145758822	11.1894
2.144871024	11.2207
2.14398396	11.207
2.143097629	11.164
2.14221249	11.1875
2.141327623	11.1992
2.140443487	11.1836
2.139560081	11.1601
2.138677403	11.1738
2.137795454	11.1836
2.136914232	11.1816
2.136033736	11.1679
2.135153965	11.2187
2.134274919	11.2519
2.133396596	11.1816
2.132518995	11.1914
2.131642117	11.1836
2.130765959	11.1425
2.129890521	11.1601
2.129015803	11.1992
2.128141802	11.1816
2.127268519	11.1425
2.126395952	11.1582
2.125524101	11.1758
2.124652964	11.1445
2.123782542	11.1738
2.122912832	11.1679
2.122043834	11.2129
2.121175997	11.2207
2.12030842	11.2207
2.119441553	11.205
2.118575394	11.1816
2.117709942	11.1093
2.116845198	11.1133
2.115981159	11.1679
2.115117826	11.1816
2.114255197	11.1718
2.113393271	11.1582
2.112532047	11.1582
2.111671525	11.1894
2.110811704	11.1562
2.109952583	11.1347
2.109094161	11.1523
2.108236437	11.164
2.107379855	11.125
2.106523524	11.1172
2.105667889	11.1445
2.104812949	11.1445
2.103958703	11.1269
2.103105151	11.1191
2.10225229	11.1172
2.101400121	11.1035
2.100548642	11.1093
2.099697853	11.1113
2.098847754	11.0957
2.097998342	11.0781
2.097149617	11.0957
2.096301579	11.1504
2.095454226	11.1347
2.094607559	11.08
2.093761575	11.0859
2.092916274	11.0879
2.092071655	11.1172
2.091227718	11.1406
2.090384461	11.1211
2.089541885	11.1269
2.088699987	11.1191
2.087858767	11.1191
2.08701866	11.1679
2.086178794	11.1601
2.085339604	11.1015
2.084501088	11.0586
2.083663247	11.0586
2.082826078	11.0703
2.081989583	11.0468
2.081153758	11.0508
2.080318605	11.0664
2.079484122	11.039
