Name: Hornblende Schist 
Type:  Rocks
Class:  Metamorphic 
Subclass: Schist 
Particle Size:  500-1500 Micrometer
Sample No.:   schist2.doc
Owner:  JHU
Wavelength Range:  All
Origin:  Sample No. 241, The Hunt and Salisbury Collection at the U.S. 
Geological Survey, Denver, Co.
Description: Coarse grains of euhedral to subhedral hornblende with lesser 
amounts of anhedral alkali feldspar characterize this sample.  Modes were 78.4% 
hornblende and 21.6% feldspar.    



Measurement:  Directional (10 Degree) Hemispherical Reflectance
First Column:  X
Second Column:  Y  
X Units:  Wavelength (micrometers)
Y Units:  Reflectance (percent)
First X Value: 14.9831	
Last X Value:  0.4
Number of X Values: 2868
Additional Information:  None

14.9831	1.4031
14.9399	1.5838
14.897	1.8718
14.8543	1.994
14.8119	2.1264
14.7697	2.312
14.7277	2.4683
14.686	2.5152
14.6445	2.5785
14.6033	2.7149
14.5622	2.807
14.5214	2.7466
14.4809	2.6268
14.4405	2.4835
14.4004	2.3007
14.3605	2.1484
14.3209	2.0991
14.2814	2.1008
14.2422	2.1212
14.2032	2.1219
14.1643	2.1313
14.1258	2.1418
14.0874	2.1299
14.0492	2.147
14.0112	2.1858
13.9734	2.1986
13.9359	2.2126
13.8985	2.2628
13.8614	2.3085
13.8244	2.3539
13.7876	2.4087
13.7511	2.4622
13.7147	2.4915
13.6785	2.5185
13.6425	2.582
13.6067	2.6706
13.5711	2.7492
13.5356	2.843
13.5004	2.9462
13.4653	3.0492
13.4304	3.152
13.3957	3.269
13.3612	3.4352
13.3269	3.6287
13.2927	3.8248
13.2587	3.9946
13.2249	4.0711
13.1912	4.0361
13.1577	3.8575
13.1244	3.5354
13.0913	3.1499
13.0583	2.789
13.0255	2.5055
12.9929	2.3232
12.9604	2.2211
12.9281	2.1984
12.8959	2.2263
12.8639	2.2675
12.8321	2.3161
12.8004	2.3883
12.7688	2.4681
12.7375	2.5377
12.7063	2.6038
12.6752	2.6706
12.6443	2.7366
12.6135	2.8086
12.5829	2.8809
12.5524	2.9521
12.5221	3.0177
12.4919	3.071
12.4619	3.1272
12.432	3.1859
12.4023	3.2415
12.3727	3.3038
12.3432	3.3704
12.3139	3.4433
12.2847	3.5143
12.2557	3.5785
12.2268	3.6453
12.198	3.7145
12.1694	3.7836
12.1409	3.8705
12.1125	3.9593
12.0843	4.0458
12.0562	4.1253
12.0282	4.2018
12.0003	4.2802
11.9726	4.3558
11.945	4.4391
11.9176	4.5433
11.8903	4.6463
11.8631	4.7562
11.836	4.8727
11.809	4.9949
11.7822	5.1275
11.7555	5.2727
11.7289	5.424
11.7024	5.5697
11.676	5.7056
11.6498	5.8351
11.6237	5.9538
11.5977	6.0679
11.5718	6.2017
11.546	6.3419
11.5203	6.4741
11.4948	6.6046
11.4694	6.7343
11.444	6.8606
11.4188	6.9754
11.3937	7.0933
11.3688	7.234
11.3439	7.3728
11.3191	7.5153
11.2944	7.6695
11.2699	7.8272
11.2455	7.9771
11.2211	8.1157
11.1969	8.2639
11.1727	8.4254
11.1487	8.594
11.1248	8.7769
11.101	8.9699
11.0773	9.1643
11.0536	9.3625
11.0301	9.5768
11.0067	9.8099
10.9834	10.0554
10.9602	10.288
10.937	10.4654
10.914	10.5644
10.8911	10.548
10.8682	10.4104
10.8455	10.1819
10.8229	9.9143
10.8003	9.6742
10.7779	9.5131
10.7555	9.4653
10.7332	9.5603
10.7111	9.7883
10.689	10.117
10.667	10.5182
10.6451	10.9684
10.6233	11.4375
10.6015	11.9133
10.5799	12.3822
10.5584	12.8314
10.5369	13.2655
10.5155	13.6816
10.4942	14.0754
10.473	14.4631
10.4519	14.8327
10.4309	15.1782
10.4099	15.4908
10.3891	15.7466
10.3683	15.9574
10.3476	16.1359
10.327	16.2858
10.3065	16.4343
10.286	16.5781
10.2656	16.7377
10.2454	16.9283
10.2251	17.1523
10.205	17.4022
10.185	17.6466
10.165	17.8559
10.1451	18.0165
10.1253	18.1024
10.1056	18.1152
10.0859	18.074
10.0663	17.9869
10.0468	17.8597
10.0274	17.6918
10.008	17.4784
9.9887	17.2186
9.9695	16.9011
9.9504	16.5141
9.9313	16.0649
9.9123	15.5614
9.8934	15.0174
9.8746	14.4382
9.8558	13.8102
9.8371	13.131
9.8185	12.4283
9.7999	11.7394
9.7814	11.1244
9.763	10.6584
9.7447	10.3891
9.7264	10.324
9.7082	10.414
9.69	10.5826
9.6719	10.7557
9.6539	10.8708
9.636	10.9032
9.6181	10.8812
9.6003	10.8559
9.5825	10.8552
9.5649	10.8926
9.5472	10.9811
9.5297	11.1133
9.5122	11.2637
9.4948	11.4216
9.4774	11.5886
9.4601	11.7641
9.4429	11.9251
9.4257	12.0696
9.4086	12.2223
9.3916	12.3713
9.3746	12.4819
9.3577	12.5467
9.3408	12.5662
9.324	12.529
9.3073	12.4203
9.2906	12.2595
9.274	12.0752
9.2574	11.8564
9.2409	11.594
9.2245	11.308
9.2081	11.0108
9.1918	10.6927
9.1755	10.3578
9.1593	10.0152
9.1431	9.6654
9.127	9.3218
9.111	9.0073
9.095	8.7366
9.0791	8.509
9.0632	8.3274
9.0474	8.195
9.0316	8.1019
9.0159	8.0406
9.0003	8.0103
8.9847	8.0086
8.9691	8.0193
8.9536	8.0098
8.9382	7.9606
8.9228	7.8784
8.9075	7.7903
8.8922	7.7401
8.877	7.755
8.8618	7.8452
8.8467	7.9975
8.8316	8.1611
8.8166	8.2798
8.8016	8.3425
8.7867	8.3532
8.7718	8.3283
8.757	8.2703
8.7422	8.177
8.7275	8.0491
8.7129	7.8739
8.6982	7.6129
8.6837	7.2428
8.6692	6.7549
8.6547	6.1501
8.6403	5.4662
8.6259	4.7695
8.6116	4.1144
8.5973	3.5406
8.583	3.0578
8.5688	2.667
8.5547	2.3478
8.5406	2.0596
8.5266	1.8088
8.5126	1.6139
8.4986	1.4609
8.4847	1.3349
8.4708	1.231
8.457	1.1405
8.4432	1.059
8.4295	0.9811
8.4158	0.916
8.4022	0.8684
8.3886	0.8251
8.375	0.7921
8.3615	0.7661
8.3481	0.7289
8.3347	0.6967
8.3213	0.6685
8.3079	0.6335
8.2946	0.5932
8.2814	0.5532
8.2682	0.5222
8.255	0.498
8.2419	0.4814
8.2288	0.4774
8.2158	0.4736
8.2028	0.4687
8.1898	0.4791
8.1769	0.4971
8.164	0.5011
8.1512	0.498
8.1384	0.4959
8.1256	0.4926
8.1129	0.4874
8.1002	0.4881
8.0876	0.4987
8.075	0.5108
8.0624	0.5186
8.0499	0.5262
8.0374	0.5295
8.025	0.5319
8.0126	0.5423
8.0002	0.5541
7.9879	0.5639
7.9756	0.5738
7.9634	0.5788
7.9512	0.5856
7.939	0.589
7.9268	0.5939
7.9147	0.6034
7.9027	0.607
7.8906	0.6115
7.8786	0.6167
7.8667	0.6193
7.8548	0.629
7.8429	0.6418
7.831	0.6522
7.8192	0.6605
7.8075	0.6704
7.7957	0.687
7.784	0.7024
7.7723	0.7083
7.7607	0.7119
7.7491	0.7209
7.7375	0.7277
7.726	0.7313
7.7145	0.7332
7.7031	0.7391
7.6916	0.75
7.6802	0.7592
7.6689	0.7715
7.6575	0.794
7.6462	0.8187
7.635	0.8388
7.6238	0.8459
7.6126	0.8416
7.6014	0.8352
7.5903	0.8336
7.5792	0.839
7.5681	0.8485
7.5571	0.8551
7.5461	0.8653
7.5351	0.8776
7.5242	0.8819
7.5133	0.8828
7.5024	0.8942
7.4916	0.911
7.4807	0.9186
7.47	0.9224
7.4592	0.9293
7.4485	0.9399
7.4378	0.9515
7.4272	0.9622
7.4165	0.9714
7.4059	0.9811
7.3954	0.9875
7.3848	0.9923
7.3743	0.9979
7.3639	1.0065
7.3534	1.0228
7.343	1.0375
7.3326	1.0458
7.3223	1.0581
7.3119	1.0669
7.3016	1.065
7.2914	1.0633
7.2811	1.0671
7.2709	1.0761
7.2607	1.0929
7.2506	1.1147
7.2404	1.1379
7.2303	1.1583
7.2203	1.1694
7.2102	1.1741
7.2002	1.1744
7.1902	1.1727
7.1803	1.1822
7.1703	1.195
7.1604	1.1985
7.1506	1.2078
7.1407	1.225
7.1309	1.2452
7.1211	1.2613
7.1113	1.2769
7.1016	1.3008
7.0919	1.3198
7.0822	1.3229
7.0725	1.3304
7.0629	1.3435
7.0533	1.3558
7.0437	1.3631
7.0341	1.3669
7.0246	1.3733
7.0151	1.3844
7.0056	1.3911
6.9962	1.3967
6.9867	1.3993
6.9773	1.4017
6.9679	1.4072
6.9586	1.4107
6.9493	1.4159
6.94	1.4349
6.9307	1.4543
6.9214	1.4638
6.9122	1.4595
6.903	1.4526
6.8938	1.4524
6.8847	1.4458
6.8755	1.4334
6.8664	1.4342
6.8573	1.4469
6.8483	1.4638
6.8393	1.4751
6.8302	1.4851
6.8213	1.4971
6.8123	1.5052
6.8034	1.5095
6.7944	1.517
6.7855	1.5303
6.7767	1.5481
6.7678	1.5646
6.759	1.5796
6.7502	1.5954
6.7414	1.6073
6.7327	1.6096
6.7239	1.6061
6.7152	1.599
6.7065	1.5881
6.6979	1.5862
6.6892	1.6032
6.6806	1.6272
6.672	1.6437
6.6634	1.6556
6.6549	1.6667
6.6464	1.6696
6.6378	1.6608
6.6294	1.6594
6.6209	1.6726
6.6124	1.6861
6.604	1.6954
6.5956	1.7001
6.5872	1.7041
6.5789	1.7046
6.5705	1.7041
6.5622	1.7022
6.5539	1.6965
6.5456	1.692
6.5374	1.6951
6.5292	1.7034
6.5209	1.711
6.5128	1.7124
6.5046	1.7117
6.4964	1.7086
6.4883	1.7018
6.4802	1.6958
6.4721	1.7025
6.464	1.7138
6.456	1.7195
6.448	1.7195
6.4399	1.7155
6.432	1.7162
6.424	1.7172
6.416	1.711
6.4081	1.7067
6.4002	1.7051
6.3923	1.7029
6.3844	1.6989
6.3766	1.6942
6.3687	1.6961
6.3609	1.6925
6.3531	1.6821
6.3454	1.6764
6.3376	1.6748
6.3299	1.6724
6.3221	1.6679
6.3144	1.6608
6.3068	1.6546
6.2991	1.6463
6.2914	1.6383
6.2838	1.6388
6.2762	1.6392
6.2686	1.6435
6.2611	1.6466
6.2535	1.643
6.246	1.6383
6.2385	1.6326
6.231	1.6279
6.2235	1.6272
6.216	1.6236
6.2086	1.6274
6.2011	1.6435
6.1937	1.6589
6.1863	1.67
6.179	1.6743
6.1716	1.6759
6.1643	1.6764
6.157	1.6722
6.1496	1.6726
6.1424	1.6793
6.1351	1.6802
6.1278	1.6838
6.1206	1.6875
6.1134	1.6913
6.1062	1.6965
6.099	1.7027
6.0918	1.7207
6.0847	1.7399
6.0776	1.7548
6.0704	1.7662
6.0633	1.7754
6.0563	1.7846
6.0492	1.7922
6.0421	1.7891
6.0351	1.7891
6.0281	1.7951
6.0211	1.8045
6.0141	1.8107
6.0071	1.8157
6.0002	1.823
5.9932	1.8313
5.9863	1.8367
5.9794	1.8486
5.9725	1.8666
5.9657	1.8898
5.9588	1.9135
5.952	1.9263
5.9451	1.9298
5.9383	1.9315
5.9315	1.9388
5.9247	1.9544
5.918	1.9694
5.9112	1.9902
5.9045	2.0127
5.8978	2.0293
5.8911	2.0411
5.8844	2.0485
5.8777	2.0572
5.8711	2.0724
5.8644	2.0833
5.8578	2.0894
5.8512	2.0991
5.8446	2.1155
5.838	2.1339
5.8314	2.1534
5.8249	2.1804
5.8184	2.2038
5.8118	2.214
5.8053	2.2145
5.7988	2.2194
5.7923	2.2256
5.7859	2.241
5.7794	2.2711
5.773	2.3059
5.7666	2.3324
5.7602	2.3513
5.7538	2.3629
5.7474	2.367
5.741	2.3689
5.7347	2.3772
5.7283	2.3888
5.722	2.3949
5.7157	2.4025
5.7094	2.4236
5.7031	2.447
5.6969	2.4617
5.6906	2.4712
5.6844	2.4726
5.6782	2.4655
5.6719	2.4577
5.6657	2.4577
5.6596	2.4731
5.6534	2.4896
5.6472	2.5048
5.6411	2.5176
5.6349	2.5285
5.6288	2.5398
5.6227	2.5507
5.6166	2.5623
5.6106	2.5699
5.6045	2.5709
5.5984	2.5785
5.5924	2.5865
5.5864	2.5929
5.5804	2.6045
5.5744	2.6085
5.5684	2.6142
5.5624	2.6211
5.5564	2.6305
5.5505	2.6459
5.5445	2.6613
5.5386	2.6708
5.5327	2.6737
5.5268	2.6642
5.5209	2.6594
5.5151	2.6575
5.5092	2.6507
5.5033	2.6391
5.4975	2.6301
5.4917	2.6194
5.4859	2.6054
5.4801	2.5979
5.4743	2.5941
5.4685	2.5856
5.4628	2.5768
5.457	2.5723
5.4513	2.5692
5.4455	2.5678
5.4398	2.5754
5.4341	2.5879
5.4284	2.5941
5.4228	2.5972
5.4171	2.605
5.4114	2.6088
5.4058	2.6024
5.4002	2.596
5.3945	2.5979
5.3889	2.6
5.3833	2.5974
5.3778	2.5957
5.3722	2.5943
5.3666	2.5917
5.3611	2.5941
5.3555	2.6012
5.35	2.6102
5.3445	2.618
5.339	2.618
5.3335	2.6116
5.328	2.6019
5.3225	2.6002
5.3171	2.6128
5.3116	2.6298
5.3062	2.6452
5.3008	2.6549
5.2954	2.662
5.29	2.6649
5.2846	2.6692
5.2792	2.6784
5.2738	2.6935
5.2684	2.7111
5.2631	2.7274
5.2578	2.7369
5.2524	2.7537
5.2471	2.7778
5.2418	2.8065
5.2365	2.8389
5.2312	2.8723
5.226	2.8934
5.2207	2.9079
5.2154	2.9161
5.2102	2.9178
5.205	2.9161
5.1998	2.9138
5.1945	2.9121
5.1893	2.9041
5.1842	2.8837
5.179	2.8655
5.1738	2.8508
5.1686	2.8333
5.1635	2.8165
5.1584	2.8032
5.1532	2.7906
5.1481	2.7767
5.143	2.7644
5.1379	2.7556
5.1328	2.7546
5.1277	2.7634
5.1227	2.7691
5.1176	2.7696
5.1126	2.7639
5.1075	2.7549
5.1025	2.7459
5.0975	2.7383
5.0925	2.7409
5.0875	2.7511
5.0825	2.7591
5.0775	2.7641
5.0726	2.7662
5.0676	2.7736
5.0627	2.7864
5.0577	2.8048
5.0528	2.829
5.0479	2.8524
5.043	2.8785
5.038	2.9031
5.0332	2.9242
5.0283	2.9503
5.0234	2.9791
5.0185	3.0097
5.0137	3.0391
5.0088	3.0653
5.004	3.0916
4.9992	3.108
4.9944	3.1205
4.9896	3.1409
4.9848	3.1648
4.98	3.1942
4.9752	3.2278
4.9704	3.2576
4.9657	3.2797
4.9609	3.2922
4.9562	3.3107
4.9514	3.3353
4.9467	3.3599
4.942	3.3912
4.9373	3.4236
4.9326	3.4492
4.9279	3.4739
4.9232	3.5018
4.9186	3.5335
4.9139	3.5646
4.9092	3.5944
4.9046	3.6259
4.9	3.6531
4.8953	3.6782
4.8907	3.7062
4.8861	3.7329
4.8815	3.7566
4.8769	3.7798
4.8723	3.8044
4.8678	3.8329
4.8632	3.8672
4.8586	3.9032
4.8541	3.9378
4.8495	3.9714
4.845	4.0064
4.8405	4.0396
4.836	4.0638
4.8315	4.0898
4.827	4.1249
4.8225	4.1594
4.818	4.1947
4.8135	4.2385
4.809	4.2932
4.8046	4.3491
4.8001	4.3993
4.7957	4.4576
4.7913	4.5282
4.7868	4.6039
4.7824	4.6795
4.778	4.7586
4.7736	4.8405
4.7692	4.9215
4.7648	4.9961
4.7605	5.0693
4.7561	5.1477
4.7517	5.2317
4.7474	5.3203
4.7431	5.4143
4.7387	5.5138
4.7344	5.6156
4.7301	5.7155
4.7258	5.8143
4.7215	5.914
4.7172	6.0199
4.7129	6.1321
4.7086	6.2517
4.7043	6.3772
4.7	6.5018
4.6958	6.6301
4.6915	6.7585
4.6873	6.8831
4.6831	7.0034
4.6788	7.1139
4.6746	7.2198
4.6704	7.3223
4.6662	7.427
4.662	7.5431
4.6578	7.6712
4.6536	7.8133
4.6495	7.9677
4.6453	8.1247
4.6411	8.2864
4.637	8.4579
4.6328	8.6338
4.6287	8.8114
4.6246	8.9924
4.6205	9.1787
4.6163	9.3642
4.6122	9.5373
4.6081	9.709
4.604	9.8892
4.6	10.0706
4.5959	10.2548
4.5918	10.4462
4.5877	10.6427
4.5837	10.8459
4.5796	11.0496
4.5756	11.2533
4.5716	11.4595
4.5675	11.6665
4.5635	11.8763
4.5595	12.0828
4.5555	12.282
4.5515	12.4809
4.5475	12.676
4.5435	12.8596
4.5395	13.0405
4.5356	13.2236
4.5316	13.408
4.5276	13.5885
4.5237	13.7564
4.5197	13.9158
4.5158	14.0671
4.5119	14.2082
4.508	14.3475
4.504	14.473
4.5001	14.5819
4.4962	14.6821
4.4923	14.7759
4.4884	14.8704
4.4846	14.966
4.4807	15.0719
4.4768	15.1896
4.473	15.2992
4.4691	15.4023
4.4652	15.5027
4.4614	15.5983
4.4576	15.6919
4.4537	15.7866
4.4499	15.8854
4.4461	15.9853
4.4423	16.0819
4.4385	16.1814
4.4347	16.2794
4.4309	16.3746
4.4271	16.471
4.4233	16.5707
4.4196	16.6704
4.4158	16.7632
4.412	16.8504
4.4083	16.9399
4.4045	17.0271
4.4008	17.1097
4.3971	17.1983
4.3934	17.2951
4.3896	17.3906
4.3859	17.4746
4.3822	17.5526
4.3785	17.6371
4.3748	17.7233
4.3711	17.8062
4.3674	17.8921
4.3638	17.9791
4.3601	18.057
4.3564	18.1273
4.3528	18.1998
4.3491	18.2855
4.3455	18.3771
4.3418	18.4674
4.3382	18.5566
4.3346	18.6483
4.331	18.7362
4.3273	18.8245
4.3237	18.9192
4.3201	19.0139
4.3165	19.1082
4.3129	19.2046
4.3094	19.3092
4.3058	19.4217
4.3022	19.5323
4.2986	19.641
4.2951	19.7507
4.2915	19.8523
4.288	19.951
4.2844	20.0498
4.2809	20.1566
4.2774	20.2655
4.2738	20.3678
4.2703	20.459
4.2668	20.5464
4.2633	20.6238
4.2598	20.6958
4.2563	20.773
4.2528	20.8583
4.2493	20.9473
4.2458	21.0468
4.2424	21.1488
4.2389	21.2429
4.2354	21.3276
4.232	21.4051
4.2285	21.4719
4.2251	21.5273
4.2216	21.5794
4.2182	21.6376
4.2148	21.6895
4.2113	21.7352
4.2079	21.7873
4.2045	21.8384
4.2011	21.8846
4.1977	21.9381
4.1943	21.9992
4.1909	22.0637
4.1875	22.1285
4.1841	22.1941
4.1808	22.2609
4.1774	22.3244
4.174	22.3836
4.1707	22.4421
4.1673	22.498
4.164	22.5569
4.1606	22.6221
4.1573	22.6841
4.154	22.7462
4.1506	22.811
4.1473	22.8771
4.144	22.9387
4.1407	22.9977
4.1374	23.0616
4.1341	23.1312
4.1308	23.1952
4.1275	23.2586
4.1242	23.3261
4.1209	23.3905
4.1177	23.4509
4.1144	23.5123
4.1111	23.5781
4.1079	23.6515
4.1046	23.7254
4.1014	23.7955
4.0981	23.8587
4.0949	23.9163
4.0917	23.9788
4.0884	24.043
4.0852	24.1019
4.082	24.1666
4.0788	24.2329
4.0756	24.2954
4.0724	24.3508
4.0692	24.4055
4.066	24.4664
4.0628	24.5246
4.0596	24.5775
4.0565	24.6286
4.0533	24.6774
4.0501	24.7288
4.047	24.7766
4.0438	24.8197
4.0406	24.8635
4.0375	24.9033
4.0344	24.944
4.0312	24.9841
4.0281	25.0205
4.025	25.0596
4.0218	25.1027
4.0187	25.1468
4.0156	25.1846
4.0125	25.2147
4.0094	25.2439
4.0063	25.2697
4.0032	25.2888
4.0001	25.3057
3.997	25.326
3.994	25.3433
3.9909	25.3575
3.9878	25.3767
3.9847	25.4051
3.9817	25.4402
3.9786	25.4785
3.9756	25.5183
3.9725	25.5598
3.9695	25.6041
3.9665	25.6554
3.9634	25.7156
3.9604	25.7812
3.9574	25.8458
3.9544	25.9076
3.9513	25.9652
3.9483	26.0216
3.9453	26.0827
3.9423	26.1435
3.9393	26.2027
3.9363	26.256
3.9333	26.3003
3.9304	26.3365
3.9274	26.3683
3.9244	26.4028
3.9214	26.4384
3.9185	26.4736
3.9155	26.5118
3.9126	26.544
3.9096	26.5748
3.9067	26.6022
3.9037	26.6314
3.9008	26.6647
3.8979	26.7007
3.8949	26.7372
3.892	26.768
3.8891	26.7917
3.8862	26.8106
3.8833	26.8277
3.8804	26.8438
3.8775	26.8625
3.8746	26.8893
3.8717	26.9158
3.8688	26.9347
3.8659	26.9487
3.863	26.9551
3.8601	26.9605
3.8573	26.9638
3.8544	26.9705
3.8515	26.9816
3.8487	26.9982
3.8458	27.0178
3.843	27.0332
3.8401	27.046
3.8373	27.0543
3.8344	27.0612
3.8316	27.0749
3.8288	27.0863
3.8259	27.0986
3.8231	27.1123
3.8203	27.1183
3.8175	27.1228
3.8147	27.1301
3.8119	27.14
3.8091	27.1557
3.8063	27.1637
3.8035	27.1675
3.8007	27.1711
3.7979	27.1708
3.7951	27.1753
3.7924	27.1865
3.7896	27.1978
3.7868	27.2052
3.7841	27.2066
3.7813	27.208
3.7785	27.2113
3.7758	27.2144
3.773	27.2139
3.7703	27.2061
3.7676	27.1988
3.7648	27.1893
3.7621	27.1831
3.7594	27.1829
3.7566	27.1829
3.7539	27.1801
3.7512	27.1668
3.7485	27.1476
3.7458	27.1251
3.7431	27.1017
3.7404	27.0913
3.7377	27.0915
3.735	27.0931
3.7323	27.0924
3.7296	27.0825
3.7269	27.0574
3.7242	27.0183
3.7216	26.9745
3.7189	26.9385
3.7162	26.9148
3.7136	26.8859
3.7109	26.8417
3.7083	26.8111
3.7056	26.8028
3.703	26.7993
3.7003	26.7689
3.6977	26.7102
3.695	26.6607
3.6924	26.6297
3.6898	26.6167
3.6872	26.6432
3.6845	26.6953
3.6819	26.741
3.6793	26.7495
3.6767	26.7159
3.6741	26.6816
3.6715	26.6607
3.6689	26.6389
3.6663	26.6098
3.6637	26.5788
3.6611	26.5461
3.6585	26.5177
3.656	26.4905
3.6534	26.467
3.6508	26.4514
3.6482	26.4388
3.6457	26.4192
3.6431	26.3979
3.6406	26.3737
3.638	26.3495
3.6355	26.3273
3.6329	26.2991
3.6304	26.2705
3.6278	26.243
3.6253	26.2022
3.6227	26.1622
3.6202	26.1331
3.6177	26.1068
3.6152	26.0836
3.6127	26.0594
3.6101	26.0329
3.6076	26.0047
3.6051	25.9602
3.6026	25.9124
3.6001	25.8617
3.5976	25.8011
3.5951	25.7457
3.5926	25.7016
3.5901	25.6576
3.5876	25.6187
3.5852	25.5842
3.5827	25.5489
3.5802	25.5041
3.5777	25.4504
3.5753	25.3994
3.5728	25.3556
3.5704	25.3144
3.5679	25.277
3.5654	25.2351
3.563	25.1835
3.5605	25.1236
3.5581	25.0584
3.5557	24.9926
3.5532	24.9372
3.5508	24.8981
3.5484	24.85
3.5459	24.7873
3.5435	24.721
3.5411	24.6483
3.5387	24.5701
3.5363	24.4976
3.5338	24.4339
3.5314	24.3764
3.529	24.3082
3.5266	24.2282
3.5242	24.1382
3.5218	24.0404
3.5195	23.9385
3.5171	23.8398
3.5147	23.7384
3.5123	23.6257
3.5099	23.5061
3.5075	23.3827
3.5052	23.2622
3.5028	23.1596
3.5004	23.0905
3.4981	23.0431
3.4957	23.0048
3.4934	22.9692
3.491	22.9268
3.4887	22.8778
3.4863	22.8189
3.484	22.7518
3.4816	22.6839
3.4793	22.6074
3.477	22.533
3.4746	22.4705
3.4723	22.4068
3.47	22.34
3.4677	22.2683
3.4653	22.187
3.463	22.0909
3.4607	21.9824
3.4584	21.8669
3.4561	21.7466
3.4538	21.6232
3.4515	21.5033
3.4492	21.3902
3.4469	21.2715
3.4446	21.1458
3.4423	21.0245
3.44	20.8886
3.4378	20.7368
3.4355	20.5869
3.4332	20.4415
3.4309	20.2946
3.4287	20.1395
3.4264	19.9747
3.4241	19.8054
3.4219	19.6268
3.4196	19.4558
3.4174	19.3045
3.4151	19.1733
3.4129	19.0679
3.4106	18.982
3.4084	18.8972
3.4061	18.8018
3.4039	18.7004
3.4017	18.5874
3.3994	18.452
3.3972	18.3177
3.395	18.1955
3.3928	18.0724
3.3906	17.949
3.3883	17.8268
3.3861	17.7096
3.3839	17.5907
3.3817	17.4671
3.3795	17.3588
3.3773	17.2575
3.3751	17.1597
3.3729	17.0657
3.3707	16.9726
3.3685	16.8783
3.3663	16.7853
3.3641	16.6865
3.362	16.5762
3.3598	16.4587
3.3576	16.3391
3.3554	16.2079
3.3533	16.0777
3.3511	15.9597
3.3489	15.8657
3.3468	15.8008
3.3446	15.7627
3.3425	15.7452
3.3403	15.7404
3.3382	15.749
3.336	15.7752
3.3339	15.8117
3.3317	15.8392
3.3296	15.8522
3.3274	15.8532
3.3253	15.8437
3.3232	15.8219
3.321	15.7923
3.3189	15.7698
3.3168	15.7608
3.3147	15.7454
3.3126	15.7248
3.3104	15.7189
3.3083	15.7262
3.3062	15.7348
3.3041	15.749
3.302	15.7743
3.2999	15.8112
3.2978	15.8551
3.2957	15.8986
3.2936	15.9417
3.2915	15.9761
3.2894	16.0118
3.2874	16.0627
3.2853	16.1099
3.2832	16.1527
3.2811	16.1887
3.279	16.1932
3.277	16.1684
3.2749	16.1264
3.2728	16.0817
3.2708	16.0376
3.2687	15.9848
3.2666	15.9304
3.2646	15.8733
3.2625	15.8067
3.2605	15.7331
3.2584	15.6568
3.2564	15.5761
3.2543	15.4816
3.2523	15.3805
3.2503	15.2831
3.2482	15.1955
3.2462	15.1171
3.2442	15.0352
3.2421	14.9445
3.2401	14.8431
3.2381	14.7378
3.2361	14.6392
3.234	14.5493
3.232	14.4692
3.23	14.3887
3.228	14.3011
3.226	14.2028
3.224	14.0929
3.222	13.9814
3.22	13.8812
3.218	13.7936
3.216	13.71
3.214	13.6219
3.212	13.5305
3.21	13.4379
3.208	13.3358
3.206	13.2191
3.204	13.104
3.2021	13.0005
3.2001	12.8941
3.1981	12.7852
3.1961	12.6853
3.1942	12.5991
3.1922	12.5176
3.1902	12.4255
3.1883	12.3248
3.1863	12.2318
3.1844	12.1385
3.1824	12.0504
3.1805	11.98
3.1785	11.9275
3.1766	11.8818
3.1746	11.8313
3.1727	11.7719
3.1707	11.7186
3.1688	11.6738
3.1669	11.6367
3.1649	11.6137
3.163	11.6028
3.1611	11.5938
3.1591	11.5784
3.1572	11.5573
3.1553	11.5462
3.1534	11.5327
3.1515	11.5085
3.1495	11.4796
3.1476	11.4491
3.1457	11.4185
3.1438	11.383
3.1419	11.3522
3.14	11.3321
3.1381	11.3027
3.1362	11.2644
3.1343	11.2123
3.1324	11.1576
3.1305	11.1107
3.1286	11.0562
3.1268	11.0048
3.1249	10.9624
3.123	10.9224
3.1211	10.8845
3.1192	10.845
3.1174	10.8092
3.1155	10.772
3.1136	10.7199
3.1117	10.6768
3.1099	10.6451
3.108	10.615
3.1061	10.5887
3.1043	10.5577
3.1024	10.5196
3.1006	10.4876
3.0987	10.4604
3.0969	10.4339
3.095	10.4026
3.0932	10.3706
3.0913	10.3287
3.0895	10.2764
3.0876	10.2319
3.0858	10.1907
3.084	10.1459
3.0821	10.1049
3.0803	10.0701
3.0785	10.0313
3.0766	9.986
3.0748	9.9569
3.073	9.9444
3.0712	9.9235
3.0694	9.8937
3.0675	9.8719
3.0657	9.8506
3.0639	9.8113
3.0621	9.7563
3.0603	9.7068
3.0585	9.6791
3.0567	9.668
3.0549	9.6524
3.0531	9.6403
3.0513	9.636
3.0495	9.6289
3.0477	9.6062
3.0459	9.5756
3.0441	9.5605
3.0423	9.5449
3.0406	9.5079
3.0388	9.4847
3.037	9.4857
3.0352	9.4925
3.0334	9.4947
3.0317	9.493
3.0299	9.4984
3.0281	9.4966
3.0264	9.4883
3.0246	9.4866
3.0228	9.4759
3.0211	9.4504
3.0193	9.4153
3.0176	9.3727
3.0158	9.326
3.014	9.2884
3.0123	9.2671
3.0105	9.2481
3.0088	9.2254
3.007	9.2024
3.0053	9.1828
3.0036	9.156
3.0018	9.1193
3.0001	9.0769
2.9984	9.0217
2.9966	8.9677
2.9949	8.9185
2.9932	8.873
2.9914	8.8391
2.9897	8.8171
2.988	8.8013
2.9863	8.7712
2.9845	8.7172
2.9828	8.6703
2.9811	8.6376
2.9794	8.6118
2.9777	8.591
2.976	8.5713
2.9743	8.5438
2.9726	8.5192
2.9709	8.4981
2.9692	8.4797
2.9675	8.4574
2.9658	8.4271
2.9641	8.3887
2.9624	8.3482
2.9607	8.3058
2.959	8.2769
2.9573	8.2696
2.9556	8.2644
2.9539	8.2431
2.9523	8.2163
2.9506	8.19
2.9489	8.1664
2.9472	8.136
2.9455	8.1045
2.9439	8.0903
2.9422	8.0754
2.9405	8.0593
2.9389	8.047
2.9372	8.0378
2.9355	8.0311
2.9339	8.029
2.9322	8.0236
2.9306	8.0172
2.9289	8.0148
2.9272	8.0266
2.9256	8.0359
2.9239	8.0411
2.9223	8.0449
2.9207	8.0501
2.919	8.0413
2.9174	8.0316
2.9157	8.0456
2.9141	8.0655
2.9124	8.0726
2.9108	8.0759
2.9092	8.0688
2.9075	8.0598
2.9059	8.0472
2.9043	8.0501
2.9027	8.079
2.901	8.1048
2.8994	8.1169
2.8978	8.1244
2.8962	8.1164
2.8946	8.1
2.8929	8.0875
2.8913	8.0847
2.8897	8.0915
2.8881	8.1003
2.8865	8.1008
2.8849	8.097
2.8833	8.0868
2.8817	8.0712
2.8801	8.052
2.8785	8.0359
2.8769	8.0205
2.8753	8.007
2.8737	8.0046
2.8721	8.0093
2.8705	8.0077
2.8689	7.9996
2.8673	7.9921
2.8658	7.9982
2.8642	8.0025
2.8626	8.0146
2.861	8.0565
2.8594	8.0972
2.8579	8.1119
2.8563	8.1207
2.8547	8.1408
2.8531	8.1611
2.8516	8.168
2.85	8.1787
2.8484	8.2045
2.8469	8.2317
2.8453	8.2471
2.8437	8.2618
2.8422	8.2912
2.8406	8.3182
2.8391	8.329
2.8375	8.3328
2.836	8.3331
2.8344	8.3317
2.8329	8.3343
2.8313	8.3402
2.8298	8.3544
2.8282	8.3759
2.8267	8.3762
2.8252	8.3646
2.8236	8.3613
2.8221	8.3674
2.8205	8.393
2.819	8.424
2.8175	8.4565
2.8159	8.5003
2.8144	8.5256
2.8129	8.5403
2.8114	8.558
2.8098	8.5798
2.8083	8.6064
2.8068	8.6194
2.8053	8.6296
2.8038	8.6395
2.8022	8.6322
2.8007	8.5981
2.7992	8.5313
2.7977	8.4413
2.7962	8.3335
2.7947	8.2021
2.7932	8.0479
2.7917	7.867
2.7902	7.6657
2.7887	7.4327
2.7872	7.1646
2.7857	6.8707
2.7842	6.5598
2.7827	6.2422
2.7812	5.9401
2.7797	5.6777
2.7782	5.4593
2.7767	5.2758
2.7752	5.1159
2.7738	4.971
2.7723	4.8429
2.7708	4.7212
2.7693	4.6139
2.7678	4.5315
2.7664	4.46
2.7649	4.3899
2.7634	4.3138
2.7619	4.2492
2.7605	4.1995
2.759	4.1523
2.7575	4.1215
2.7561	4.1168
2.7546	4.1244
2.7531	4.1393
2.7517	4.1466
2.7502	4.1331
2.7488	4.0896
2.7473	4.0429
2.7458	4.0278
2.7444	4.0512
2.7429	4.1038
2.7415	4.1762
2.74	4.2392
2.7386	4.2539
2.7371	4.2096
2.7357	4.1358
2.7343	4.1005
2.7328	4.1492
2.7314	4.2651
2.7299	4.4043
2.7285	4.5279
2.7271	4.5717
2.7256	4.5085
2.7242	4.4268
2.7228	4.5014
2.7213	4.8225
2.7199	5.3485
2.7185	5.9718
2.7171	6.5686
2.7156	7.0247
2.7142	7.2868
2.7128	7.3962
2.7114	7.4552
2.71	7.5227
2.7085	7.607
2.7071	7.7053
2.7057	7.8204
2.7043	7.9698
2.7029	8.1723
2.7015	8.4143
2.7001	8.6845
2.6987	8.9869
2.6973	9.3092
2.6959	9.6434
2.6945	10.0102
2.6931	10.44
2.6917	10.9677
2.6903	11.599
2.6889	12.3305
2.6875	13.171
2.6861	14.096
2.6847	15.0823
2.6833	16.1492
2.6819	17.3029
2.6805	18.5315
2.6791	19.8146
2.6778	21.1285
2.6764	22.413
2.675	23.5731
2.6736	24.5552
2.6722	25.3412
2.6709	25.9193
2.6695	26.2941
2.6681	26.5066
2.6667	26.6207
2.6654	26.6804
2.664	26.6944
2.6626	26.6901
2.6613	26.6754
2.6599	26.6527
2.6585	26.6221
2.6572	26.5897
2.6558	26.5665
2.6545	26.5658
2.6531	26.5764
2.6517	26.5809
2.6504	26.5788
2.649	26.5669
2.6477	26.5366
2.6463	26.5004
2.645	26.4734
2.6436	26.4613
2.6423	26.4646
2.6409	26.4665
2.6396	26.4784
2.6382	26.4852
2.6369	26.4788
2.6356	26.4684
2.6342	26.4696
2.6329	26.48
2.6315	26.4838
2.6302	26.4732
2.6289	26.4568
2.6275	26.4317
2.6262	26.4009
2.6249	26.3756
2.6236	26.3737
2.6222	26.3836
2.6209	26.377
2.6196	26.36
2.6183	26.3503
2.6169	26.346
2.6156	26.3351
2.6143	26.3145
2.613	26.3024
2.6117	26.2882
2.6103	26.2541
2.609	26.2018
2.6077	26.1561
2.6064	26.1201
2.6051	26.0973
2.6038	26.0827
2.6025	26.0812
2.6012	26.0836
2.5999	26.0817
2.5986	26.0687
2.5973	26.049
2.596	26.0154
2.5947	25.9751
2.5934	25.9235
2.5921	25.8679
2.5908	25.8129
2.5895	25.7582
2.5882	25.7149
2.5869	25.6784
2.5856	25.6296
2.5843	25.5709
2.583	25.4996
2.5817	25.4343
2.5805	25.371
2.5792	25.2952
2.5779	25.2183
2.5766	25.1406
2.5753	25.0532
2.5741	24.9668
2.5728	24.8863
2.5715	24.8242
2.5702	24.7686
2.569	24.7212
2.5677	24.6963
2.5664	24.6966
2.5651	24.7075
2.5639	24.7264
2.5626	24.7423
2.5613	24.7473
2.5601	24.7468
2.5588	24.7461
2.5575	24.7598
2.5563	24.8012
2.555	24.8538
2.5538	24.905
2.5525	24.9436
2.5513	24.9715
2.55	24.9983
2.5487	24.9992
2.5475	24.99
2.5462	24.985
2.545	24.9599
2.5437	24.9208
2.5425	24.8872
2.5413	24.8543
2.54	24.8202
2.5388	24.7809
2.5375	24.7515
2.5363	24.7233
2.535	24.6734
2.5338	24.6113
2.5326	24.5569
2.5313	24.4988
2.5301	24.4299
2.5289	24.3591
2.5276	24.3063
2.5264	24.2528
2.5252	24.1869
2.5239	24.1078
2.5227	24.0195
2.5215	23.9141
2.5202	23.7863
2.519	23.6491
2.5178	23.5333
2.5166	23.4426
2.5154	23.3768
2.5141	23.3299
2.5129	23.3015
2.5117	23.2792
2.5105	23.2484
2.5093	23.2004
2.5081	23.1461
2.5068	23.0926
2.5056	23.0355
2.5044	22.9742
2.5032	22.9283
2.502	22.9017
2.5008	22.8691
2.4996	22.8253
2.4984	22.785
2.4972	22.7504
2.496	22.717
2.4948	22.6879
2.4936	22.6841
2.4924	22.7057
2.4912	22.7166
2.49	22.7097
2.4888	22.6879
2.4876	22.6514
2.4864	22.6048
2.4852	22.5595
2.484	22.5134
2.4828	22.4693
2.4816	22.4352
2.4805	22.4101
2.4793	22.3862
2.4781	22.3789
2.4769	22.3867
2.4757	22.4044
2.4745	22.4191
2.4734	22.4229
2.4722	22.4137
2.471	22.3907
2.4698	22.3561
2.4686	22.3239
2.4675	22.2884
2.4663	22.2524
2.4651	22.2242
2.464	22.1889
2.4628	22.1612
2.4616	22.1589
2.4604	22.183
2.4593	22.2311
2.4581	22.2901
2.4569	22.353
2.4558	22.4051
2.4546	22.4392
2.4535	22.4769
2.4523	22.5233
2.4511	22.5728
2.45	22.6074
2.4488	22.6235
2.4477	22.6259
2.4465	22.6069
2.4454	22.5728
2.4442	22.5325
2.4431	22.5079
2.4419	22.5181
2.4408	22.555
2.4396	22.6029
2.4385	22.6645
2.4373	22.7324
2.4362	22.7786
2.435	22.7893
2.4339	22.7734
2.4327	22.7312
2.4316	22.6623
2.4305	22.5667
2.4293	22.4655
2.4282	22.3625
2.427	22.237
2.4259	22.0973
2.4248	21.9524
2.4236	21.7989
2.4225	21.6357
2.4214	21.4799
2.4202	21.3399
2.4191	21.2239
2.418	21.1166
2.4169	21.0176
2.4157	20.9376
2.4146	20.8592
2.4135	20.7439
2.4124	20.6068
2.4112	20.449
2.4101	20.2627
2.409	20.054
2.4079	19.825
2.4068	19.597
2.4056	19.3689
2.4045	19.1323
2.4034	18.9026
2.4023	18.6542
2.4012	18.3779
2.4001	18.0972
2.399	17.8036
2.3979	17.5149
2.3967	17.2546
2.3956	17.0384
2.3945	16.8727
2.3934	16.7263
2.3923	16.6138
2.3912	16.5456
2.3901	16.4902
2.389	16.4523
2.3879	16.4547
2.3868	16.5148
2.3857	16.646
2.3846	16.8359
2.3835	17.0953
2.3824	17.4161
2.3813	17.7598
2.3802	18.1195
2.3791	18.497
2.3781	18.8858
2.377	19.2799
2.3759	19.659
2.3748	20.0088
2.3737	20.3354
2.3726	20.6295
2.3715	20.8817
2.3704	21.1046
2.3694	21.3179
2.3683	21.5183
2.3672	21.6857
2.3661	21.8223
2.365	21.9441
2.364	22.0461
2.3629	22.1188
2.3618	22.1679
2.3607	22.2057
2.3597	22.2207
2.3586	22.2034
2.3575	22.1525
2.3564	22.0854
2.3554	22.0071
2.3543	21.9254
2.3532	21.8418
2.3522	21.7421
2.3511	21.6225
2.35	21.4953
2.349	21.3485
2.3479	21.1908
2.3468	21.0067
2.3458	20.796
2.3447	20.571
2.3436	20.325
2.3426	20.0526
2.3415	19.7755
2.3405	19.5011
2.3394	19.2328
2.3384	18.9495
2.3373	18.6398
2.3363	18.3082
2.3352	17.9672
2.3342	17.6025
2.3331	17.2236
2.3321	16.862
2.331	16.5267
2.33	16.2188
2.3289	15.9299
2.3279	15.641
2.3268	15.3615
2.3258	15.0975
2.3247	14.8443
2.3237	14.6362
2.3226	14.4846
2.3216	14.4001
2.3206	14.3818
2.3195	14.3925
2.3185	14.4015
2.3175	14.42
2.3164	14.4526
2.3154	14.5099
2.3144	14.5845
2.3133	14.6812
2.3123	14.7932
2.3113	14.8986
2.3102	14.9795
2.3092	15.0515
2.3082	15.1399
2.3071	15.2441
2.3061	15.353
2.3051	15.4537
2.3041	15.524
2.303	15.555
2.302	15.5616
2.301	15.564
2.3	15.5898
2.299	15.6706
2.2979	15.8413
2.2969	16.0912
2.2959	16.4021
2.2949	16.7616
2.2939	17.1791
2.2929	17.6383
2.2918	18.093
2.2908	18.532
2.2898	18.9479
2.2888	19.3239
2.2878	19.6631
2.2868	19.9652
2.2858	20.2572
2.2848	20.5698
2.2838	20.8876
2.2828	21.2035
2.2818	21.5192
2.2808	21.8609
2.2798	22.2297
2.2787	22.5955
2.2777	22.9771
2.2767	23.3697
2.2757	23.7365
2.2747	24.0714
2.2738	24.3804
2.2728	24.6691
2.2718	24.9332
2.2708	25.1619
2.2698	25.3822
2.2688	25.5922
2.2678	25.7618
2.2668	25.914
2.2658	26.0748
2.2648	26.2075
2.2638	26.2979
2.2628	26.3408
2.2618	26.3417
2.2609	26.3117
2.2599	26.2259
2.2589	26.1241
2.2579	26.0443
2.2569	25.9614
2.2559	25.8818
2.255	25.816
2.254	25.7722
2.253	25.7506
2.252	25.7386
2.251	25.7471
2.2501	25.7897
2.2491	25.8738
2.2481	26.0306
2.2471	26.2837
2.2462	26.6117
2.2452	26.9885
2.2442	27.3866
2.2433	27.7709
2.2423	28.1214
2.2413	28.4432
2.2403	28.7563
2.2394	29.0672
2.2384	29.3545
2.2374	29.6235
2.2365	29.8717
2.2355	30.0822
2.2345	30.2523
2.2336	30.3858
2.2326	30.4877
2.2317	30.5826
2.2307	30.679
2.2297	30.7711
2.2288	30.864
2.2278	30.9386
2.2269	30.9892
2.2259	31.0241
2.225	31.052
2.224	31.0932
2.2231	31.1351
2.2221	31.1593
2.2211	31.1754
2.2202	31.1846
2.2192	31.1891
2.2183	31.1995
2.2173	31.2253
2.2164	31.2666
2.2155	31.3023
2.2145	31.3165
2.2136	31.3177
2.2126	31.313
2.2117	31.3113
2.2107	31.3203
2.2098	31.331
2.2088	31.3338
2.2079	31.3513
2.207	31.3736
2.206	31.3795
2.2051	31.3814
2.2041	31.4034
2.2032	31.4285
2.2023	31.4319
2.2013	31.4188
2.2004	31.4333
2.1995	31.475
2.1985	31.505
2.1976	31.5308
2.1967	31.5671
2.1957	31.6038
2.1948	31.6258
2.1939	31.6464
2.193	31.6843
2.192	31.7376
2.1911	31.7783
2.1902	31.8098
2.1893	31.8472
2.1883	31.8941
2.1874	31.9441
2.1865	32.0066
2.1856	32.0613
2.1846	32.0975
2.1837	32.1279
2.1828	32.1532
2.1819	32.1627
2.181	32.1674
2.18	32.1923
2.1791	32.2302
2.1782	32.2818
2.1773	32.3386
2.1764	32.3945
2.1755	32.458
2.1746	32.5053
2.1736	32.5328
2.1727	32.5506
2.1718	32.5534
2.1709	32.5712
2.17	32.5984
2.1691	32.624
2.1682	32.6605
2.1673	32.6846
2.1664	32.7
2.1655	32.7076
2.1646	32.6981
2.1637	32.7
2.1628	32.7095
2.1619	32.7033
2.161	32.695
2.1601	32.6941
2.1592	32.7215
2.1583	32.7528
2.1574	32.7602
2.1565	32.7665
2.1556	32.762
2.1547	32.7474
2.1538	32.7422
2.1529	32.7459
2.152	32.7663
2.1511	32.7744
2.1502	32.7736
2.1493	32.776
2.1484	32.7912
2.1475	32.8191
2.1466	32.8317
2.1458	32.835
2.1449	32.8487
2.144	32.8535
2.1431	32.848
2.1422	32.8236
2.1413	32.8153
2.1404	32.8122
2.1396	32.777
2.1387	32.7443
2.1378	32.7386
2.1369	32.7204
2.136	32.6811
2.1352	32.6413
2.1343	32.6353
2.1334	32.6384
2.1325	32.6219
2.1316	32.6012
2.1308	32.6012
2.1299	32.6065
2.129	32.6138
2.1281	32.6268
2.1273	32.6586
2.1264	32.6877
2.1255	32.7116
2.1247	32.7204
2.1238	32.7469
2.1229	32.7893
2.122	32.821
2.1212	32.8333
2.1203	32.8336
2.1194	32.8279
2.1186	32.8369
2.1177	32.8726
2.1168	32.9532
2.116	33.0592
2.1151	33.1748
2.1143	33.2892
2.1134	33.3906
2.1125	33.4749
2.1117	33.5665
2.1108	33.6802
2.11	33.8242
2.1091	33.9925
2.1082	34.1666
2.1074	34.3281
2.1065	34.4856
2.1057	34.6322
2.1048	34.7778
2.104	34.9161
2.1031	35.0393
2.1023	35.129
2.1014	35.1946
2.1005	35.224
2.0997	35.2536
2.0988	35.3116
2.098	35.3708
2.0971	35.4118
2.0963	35.4468
2.0955	35.4729
2.0946	35.5067
2.0938	35.5193
2.0929	35.5347
2.0921	35.5854
2.0912	35.654
2.0904	35.7116
2.0895	35.7751
2.0887	35.8572
2.0879	35.9328
2.087	35.9808
2.0862	36.0247
2.0853	36.0815
2.0845	36.1551
2.0837	36.216
2.0828	36.2861
2.082	36.3593
2.0812	36.4296
2.0803	36.5404
2.0795	36.5324
2.076	36.7434
2.072	37.2876
2.068	37.6031
2.064	37.7865
2.06	38.0211
2.056	38.2241
2.052	38.3184
2.048	38.4561
2.044	38.464
2.04	38.6316
2.036	38.7635
2.032	39.0025
2.028	39.2034
2.024	39.3001
2.02	39.5668
2.016	39.7442
2.012	39.6485
2.008	39.6093
2.004	39.7914
2	39.7632
1.996	39.651
1.992	39.7682
1.988	39.8286
1.984	39.7954
1.98	39.5646
1.976	39.6699
1.972	39.9652
1.968	40.1265
1.964	40.131
1.96	40.1097
1.956	40.1957
1.952	40.2733
1.948	40.3189
1.944	40.3511
1.94	40.416
1.936	40.2181
1.932	40.2828
1.928	40.4457
1.924	40.2438
1.92	40.0311
1.916	40.3251
1.912	40.4458
1.908	40.5886
1.904	40.7789
1.9	41.14
1.896	41.5368
1.892	41.6818
1.888	42.0375
1.884	42.524
1.88	42.8853
1.876	42.9823
1.872	43.1206
1.868	43.0428
1.864	43.0847
1.86	43.2198
1.856	43.2242
1.852	43.3738
1.848	43.4202
1.844	43.4754
1.84	43.4837
1.836	43.5109
1.832	43.4016
1.828	43.4846
1.824	43.0238
1.82	42.994
1.816	43.1192
1.812	43.0795
1.808	42.929
1.804	42.9093
1.8	42.8988
1.796	42.6873
1.792	42.647
1.788	42.4214
1.784	42.3292
1.78	42.2976
1.776	42.1761
1.772	42.1325
1.768	41.8505
1.764	41.7125
1.76	41.5756
1.756	41.3933
1.752	41.3503
1.748	41.2502
1.744	41.0494
1.74	40.9867
1.736	40.6176
1.732	40.4482
1.728	40.3842
1.724	40.2681
1.72	40.1092
1.716	40.0281
1.712	39.7456
1.708	39.4254
1.704	39.3429
1.7	38.9185
1.696	38.9476
1.692	38.75
1.688	38.6351
1.684	38.4356
1.68	38.2499
1.676	37.934
1.672	37.7132
1.668	37.5033
1.664	37.3979
1.66	37.1755
1.656	36.8928
1.652	36.5869
1.648	36.432
1.644	36.4384
1.64	36.0547
1.636	35.9423
1.632	35.7142
1.628	35.396
1.624	35.0651
1.62	34.9034
1.616	34.7392
1.612	34.4728
1.608	34.1195
1.604	34.1225
1.6	33.9189
1.596	33.6833
1.592	33.2392
1.588	32.9628
1.584	32.7772
1.58	32.4763
1.576	32.1906
1.572	32.0061
1.568	31.6671
1.564	31.6327
1.56	31.4258
1.556	31.2684
1.552	30.9145
1.548	30.5542
1.544	30.3724
1.54	29.9782
1.536	29.7489
1.532	29.5337
1.528	29.4514
1.524	29.2346
1.52	28.8453
1.516	28.6754
1.512	28.5047
1.508	28.1492
1.504	27.8634
1.5	27.5739
1.496	26.7095
1.492	26.7194
1.488	26.5144
1.484	26.4186
1.48	26.0687
1.476	25.8701
1.472	25.7099
1.468	25.4084
1.464	25.105
1.46	24.8686
1.456	24.5638
1.452	24.2158
1.448	23.8941
1.444	23.6591
1.44	23.3939
1.436	23.0984
1.432	22.9086
1.428	22.5787
1.424	22.2988
1.42	21.7699
1.416	21.3506
1.412	20.6987
1.408	19.5738
1.404	18.8083
1.4	17.6743
1.396	16.8068
1.392	15.9418
1.388	15.6412
1.384	16.0435
1.38	16.9545
1.376	17.6839
1.372	18.0575
1.368	18.0151
1.364	17.7345
1.36	17.7337
1.356	17.509
1.352	17.3735
1.348	17.1629
1.344	16.9395
1.34	16.7214
1.336	16.4913
1.332	16.2314
1.328	15.9555
1.324	15.499
1.32	15.4081
1.316	15.1455
1.312	14.8309
1.308	14.7649
1.304	14.4857
1.3	14.196
1.296	13.9222
1.292	13.7655
1.288	13.5346
1.284	13.4245
1.28	13.0388
1.276	12.8609
1.272	12.6177
1.268	12.3393
1.264	12.2046
1.26	12.1044
1.256	11.8852
1.252	11.5358
1.248	11.5479
1.244	11.3402
1.24	11.2453
1.236	11.0488
1.232	10.9355
1.228	10.7624
1.224	10.6135
1.22	10.3742
1.216	10.11
1.212	10.1451
1.208	10.0919
1.204	9.9182
1.2	9.8557
1.196	9.7469
1.192	9.6248
1.188	9.4414
1.184	9.401
1.18	9.3249
1.176	9.2537
1.172	9.0347
1.168	8.9634
1.164	8.8716
1.16	8.6619
1.156	8.5469
1.152	8.4248
1.148	8.3722
1.144	8.2635
1.14	8.0834
1.136	8.0754
1.132	8.0214
1.128	7.8589
1.124	7.7138
1.12	7.6911
1.116	7.5738
1.112	7.5721
1.108	7.4963
1.104	7.3748
1.1	7.3828
1.096	7.2286
1.092	7.0908
1.088	7.1226
1.084	7.0513
1.08	7.0483
1.076	6.9492
1.072	6.903
1.068	6.868
1.064	6.7112
1.06	6.6799
1.056	6.6357
1.052	6.7021
1.048	6.6682
1.044	6.612
1.04	6.6588
1.036	6.6119
1.032	6.6372
1.028	6.565
1.024	6.5829
1.02	6.4473
1.016	6.5398
1.012	6.4424
1.008	6.4926
1.004	6.5588
1	6.555
0.996	6.5576
0.992	6.6703
0.988	6.5716
0.984	6.6565
0.98	6.6034
0.976	6.5715
0.972	6.537
0.968	6.6266
0.964	6.701
0.96	6.6943
0.956	6.791
0.952	6.7596
0.948	6.7168
0.944	6.801
0.94	6.7485
0.936	6.8895
0.932	6.9002
0.928	6.8601
0.924	6.9122
0.92	6.9566
0.916	6.9282
0.912	7.0423
0.908	6.7938
0.904	6.9493
0.9	7.0407
0.896	7.1698
0.892	7.131
0.888	7.2119
0.884	7.1894
0.88	7.1878
0.876	7.1911
0.872	7.1245
0.868	7.1229
0.864	7.2175
0.86	7.234
0.856	7.2324
0.852	7.2608
0.848	7.3021
0.844	7.3989
0.84	7.3107
0.836	7.4168
0.832	7.3936
0.828	7.3543
0.824	7.2885
0.82	7.3661
0.816	7.4711
0.812	7.5705
0.808	7.5703
0.804	7.6135
0.8	7.7098
0.799	7.7098
0.798	7.7092
0.797	7.7637
0.796	7.7973
0.795	7.6655
0.794	7.6097
0.793	7.6408
0.792	7.6563
0.791	7.6644
0.79	7.6612
0.789	7.5552
0.788	7.5552
0.787	7.6381
0.786	7.671
0.785	7.7228
0.784	7.671
0.783	7.5773
0.782	7.6446
0.781	7.5051
0.78	7.6044
0.779	7.5881
0.778	7.5428
0.777	7.5757
0.776	7.5963
0.775	7.6549
0.774	7.606
0.773	7.6341
0.772	7.6745
0.771	7.6038
0.77	7.6088
0.769	7.6416
0.768	7.6071
0.767	7.6022
0.766	7.5989
0.765	7.644
0.764	7.6195
0.763	7.6446
0.762	7.7106
0.761	7.6632
0.76	7.6446
0.759	7.5939
0.758	7.6395
0.757	7.6462
0.756	7.6345
0.755	7.6312
0.754	7.6362
0.753	7.6395
0.752	7.6429
0.751	7.5819
0.75	7.5885
0.749	7.5918
0.748	7.5869
0.747	7.5819
0.746	7.6607
0.745	7.72
0.744	7.7799
0.743	7.7817
0.742	7.6556
0.741	7.5852
0.74	7.6538
0.739	7.6697
0.738	7.6367
0.737	7.7121
0.736	7.7558
0.735	7.7871
0.734	7.671
0.733	7.6379
0.732	7.659
0.731	7.7781
0.73	7.738
0.729	7.7068
0.728	7.7351
0.727	7.7073
0.726	7.7298
0.725	7.7702
0.724	7.772
0.723	7.7353
0.722	7.7147
0.721	7.7478
0.72	7.6661
0.719	7.7108
0.718	7.8064
0.717	7.7622
0.716	7.7344
0.715	7.725
0.714	7.7677
0.713	7.6461
0.712	7.6339
0.711	7.6833
0.71	7.6839
0.709	7.7747
0.708	7.7024
0.707	7.7173
0.706	7.7637
0.705	7.6952
0.704	7.6898
0.703	7.6529
0.702	7.7693
0.701	7.7934
0.7	7.7706
0.699	7.8284
0.698	7.7157
0.697	7.7201
0.696	7.6267
0.695	7.7023
0.694	7.6394
0.693	7.6449
0.692	7.6828
0.691	7.7079
0.69	7.6996
0.689	7.6558
0.688	7.7171
0.687	7.6883
0.686	7.6613
0.685	7.6503
0.684	7.6883
0.683	7.7533
0.682	7.6632
0.681	7.6724
0.68	7.6724
0.679	7.7068
0.678	7.7201
0.677	7.6613
0.676	7.669
0.675	7.762
0.674	7.7183
0.673	7.8002
0.672	7.7601
0.671	7.7201
0.67	7.7052
0.669	7.7428
0.668	7.7295
0.667	7.7926
0.666	7.7849
0.665	7.7583
0.664	7.7734
0.663	7.7734
0.662	7.7734
0.661	7.7333
0.66	7.7773
0.659	7.8631
0.658	7.7543
0.657	7.7409
0.656	7.783
0.655	7.8345
0.654	7.7923
0.653	7.7696
0.652	7.7962
0.651	7.7734
0.65	7.7658
0.649	7.7715
0.648	7.8631
0.647	7.8059
0.646	7.7505
0.645	7.8943
0.644	7.8808
0.643	7.7869
0.642	7.8825
0.641	7.8442
0.64	7.8728
0.639	7.8442
0.638	7.8514
0.637	7.9813
0.636	7.9894
0.635	7.8825
0.634	7.7811
0.633	7.8522
0.632	7.8793
0.631	7.914
0.63	8.0056
0.629	7.9995
0.628	7.9285
0.627	7.8597
0.626	7.9209
0.625	8.0008
0.624	8.0008
0.623	8.046
0.622	8.0521
0.621	8.0299
0.62	8.0056
0.619	8.0706
0.618	8.0788
0.617	8.1237
0.616	8.1279
0.615	8.13
0.614	8.0995
0.613	8.0453
0.612	8.1709
0.611	8.2141
0.61	8.1556
0.609	8.1452
0.608	8.1757
0.607	8.1695
0.606	8.1044
0.605	8.193
0.604	8.1514
0.603	8.2552
0.602	8.1827
0.601	8.1729
0.6	8.2495
0.599	8.2208
0.598	8.2955
0.597	8.2933
0.596	8.1918
0.595	8.2727
0.594	8.2128
0.593	8.322
0.592	8.1797
0.591	8.186
0.59	8.2525
0.589	8.2339
0.588	8.1881
0.587	8.229
0.586	8.2663
0.585	8.2191
0.584	8.2599
0.583	8.3506
0.582	8.2886
0.581	8.2747
0.58	8.2374
0.579	8.3015
0.578	8.2065
0.577	8.2908
0.576	8.2023
0.575	8.2344
0.574	8.2964
0.573	8.2841
0.572	8.3963
0.571	8.3345
0.57	8.3877
0.569	8.3366
0.568	8.3366
0.567	8.3731
0.566	8.3472
0.565	8.4006
0.564	8.4071
0.563	8.4114
0.562	8.418
0.561	8.4332
0.56	8.4226
0.559	8.4401
0.558	8.4082
0.557	8.3895
0.556	8.4672
0.555	8.3771
0.554	8.4111
0.553	8.4492
0.552	8.448
0.551	8.4627
0.55	8.3188
0.549	8.3271
0.548	8.3993
0.547	8.3648
0.546	8.4682
0.545	8.438
0.544	8.3951
0.543	8.2832
0.542	8.3733
0.541	8.4121
0.54	8.4078
0.539	8.3131
0.538	8.36
0.537	8.416
0.536	8.3228
0.535	8.3858
0.534	8.3276
0.533	8.3276
0.532	8.3901
0.531	8.347
0.53	8.3234
0.529	8.2542
0.528	8.295
0.527	8.3214
0.526	8.2562
0.525	8.1962
0.524	8.1536
0.523	8.1576
0.522	8.2583
0.521	8.2789
0.52	8.2544
0.519	8.1589
0.518	8.2482
0.517	8.1333
0.516	8.1509
0.515	8.1816
0.514	8.2083
0.513	8.1988
0.512	8.2128
0.511	8.174
0.51	8.1998
0.509	8.0775
0.508	8.0524
0.507	8.0368
0.506	7.9549
0.505	8.0637
0.504	8.0638
0.503	7.9682
0.502	8.0031
0.501	8.0797
0.5	7.9278
0.499	7.9259
0.498	7.8259
0.497	7.9212
0.496	7.9323
0.495	7.8457
0.494	7.8698
0.493	7.7836
0.492	7.7978
0.491	7.8399
0.49	7.7304
0.489	7.7416
0.488	7.7148
0.487	7.78
0.486	7.8003
0.485	7.7775
0.484	7.781
0.483	7.7863
0.482	7.7377
0.481	7.6453
0.48	7.6838
0.479	7.6923
0.478	7.7224
0.477	7.7055
0.476	7.6987
0.475	7.7105
0.474	7.6485
0.473	7.549
0.472	7.5088
0.471	7.579
0.47	7.6191
0.469	7.5663
0.468	7.5441
0.467	7.5894
0.466	7.5208
0.465	7.3161
0.464	7.2712
0.463	7.3401
0.462	7.3852
0.461	7.3065
0.46	7.2257
0.459	7.2572
0.458	7.4277
0.457	7.3952
0.456	7.4098
0.455	7.38
0.454	7.4193
0.453	7.3843
0.452	7.4079
0.451	7.4144
0.45	7.3817
0.449	7.3058
0.448	7.3058
0.447	7.1603
0.446	7.1706
0.445	7.1392
0.444	7.1425
0.443	7.1544
0.442	7.1879
0.441	7.1632
0.44	7.1543
0.439	7.2669
0.438	7.0691
0.437	7.208
0.436	7.1387
0.435	7.2103
0.434	7.2419
0.433	7.1347
0.432	7.1376
0.431	7.0522
0.43	7.0485
0.429	6.8593
0.428	6.9867
0.427	7.0132
0.426	6.9435
0.425	6.9255
0.424	6.8799
0.423	6.8169
0.422	6.8279
0.421	6.9078
0.42	6.8864
0.419	6.8635
0.418	6.8971
0.417	6.8443
0.416	6.9075
0.415	6.849
0.414	6.6536
0.413	6.658
0.412	6.6558
0.411	6.6926
0.41	6.7764
0.409	6.6813
0.408	6.6475
0.407	6.5898
0.406	6.6659
0.405	6.5697
0.404	6.6043
0.403	6.5861
0.402	6.5503
0.401	6.4667
0.4	6.621
