Name: Hemimorphite Zn_4Si_2O_7(OH)_2.H_2O
Type: Mineral
Class: Silicates
Subclass: Sorosilicate
Particle Size: 45-125um
Sample No.: SS-2A
Owner: JPL
Wavelength range: IR
Origin: Mexico, Durango, Ojuela Mine
Collected by Burminco
Description: 





Measurement: Hemispherical reflectance
First Column: X
Second Column: Y
X Units:  Wavelength (micrometers)
Y Units:  Reflectance (percent)
First X Value: 15.3853
Last X Value: 2.00032
Number of X Values: 2256
Additional information: ss02aa.txt
 
15.3853	1.80546
15.3397	1.86506
15.2945	2.21824
15.2495	2.46383
15.2048	2.43365
15.1603	2.5468
15.1161	2.85671
15.0722	3.25293
15.0285	3.51686
14.9851	3.58624
14.9419	3.69763
14.8989	4.11512
14.8563	4.52801
14.8138	4.68501
14.7716	4.69816
14.7296	4.73386
14.6879	4.6159
14.6464	4.04559
14.6052	3.18755
14.5641	2.63986
14.5233	2.39274
14.4828	1.90201
14.4424	1.4439
14.4023	1.53928
14.3624	1.79375
14.3227	1.56902
14.2833	1.35284
14.244	1.51783
14.205	1.68413
14.1662	1.81165
14.1276	1.81454
14.0892	1.77832
14.051	1.96447
14.0131	1.99691
13.9753	2.0132
13.9377	2.01949
13.9004	1.92703
13.8632	1.95281
13.8262	2.09294
13.7895	2.2144
13.7529	2.35407
13.7165	2.51975
13.6803	2.53559
13.6443	2.48086
13.6085	2.41441
13.5729	2.48184
13.5374	2.69261
13.5022	2.70563
13.4671	2.62071
13.4322	2.79249
13.3975	3.05227
13.363	3.09308
13.3286	3.03868
13.2944	3.01117
13.2604	2.88333
13.2266	2.72353
13.193	2.88704
13.1595	3.11023
13.1262	3.36098
13.093	3.40147
13.06	3.10189
13.0272	3.16819
12.9946	3.41295
12.9621	3.32924
12.9298	3.35942
12.8976	3.52877
12.8656	3.55992
12.8337	3.50529
12.8021	3.56876
12.7705	3.73727
12.7391	3.79004
12.7079	3.82262
12.6769	3.87334
12.6459	3.87675
12.6152	3.93922
12.5845	4.00884
12.5541	4.06695
12.5238	4.04766
12.4936	4.02166
12.4635	4.26694
12.4337	4.3668
12.4039	4.29243
12.3743	4.40033
12.3448	4.49849
12.3155	4.5907
12.2863	4.51118
12.2573	4.54759
12.2284	4.6014
12.1996	4.54224
12.171	4.55346
12.1425	4.64841
12.1141	4.83727
12.0859	5.02194
12.0578	5.14714
12.0298	5.2419
12.0019	5.37199
11.9742	5.53788
11.9466	5.62986
11.9192	5.73916
11.8918	5.88524
11.8646	6.09177
11.8375	6.229
11.8106	6.41501
11.7837	6.7022
11.757	7.20771
11.7304	7.74878
11.7039	8.29195
11.6776	8.88254
11.6513	9.51452
11.6252	10.4664
11.5992	11.4486
11.5733	12.2467
11.5475	13.0659
11.5219	13.6722
11.4963	13.7892
11.4709	13.6214
11.4455	13.0389
11.4203	11.916
11.3952	10.4619
11.3702	8.74093
11.3454	7.11786
11.3206	5.97416
11.2959	5.29726
11.2714	5.07849
11.2469	5.1335
11.2226	5.36923
11.1983	5.66006
11.1742	5.89116
11.1502	6.25806
11.1263	6.59483
11.1024	6.94645
11.0787	7.41602
11.0551	7.99861
11.0316	8.52948
11.0081	8.89656
10.9848	9.36285
10.9616	10.2185
10.9385	11.1034
10.9154	12.0409
10.8925	13.2445
10.8697	14.7314
10.8469	16.3415
10.8243	18.1386
10.8017	19.9443
10.7793	21.7234
10.7569	23.4415
10.7346	24.913
10.7125	25.8056
10.6904	26.0473
10.6684	25.6267
10.6465	24.6433
10.6247	23.2238
10.6029	21.8251
10.5813	20.8903
10.5597	20.3532
10.5383	20.0837
10.5169	20.1531
10.4956	20.353
10.4744	20.5457
10.4533	20.7124
10.4323	20.8584
10.4113	21.0994
10.3904	21.4184
10.3697	21.6292
10.349	21.7673
10.3284	21.9414
10.3078	22.2224
10.2874	22.4085
10.267	22.5323
10.2467	22.4441
10.2265	22.2314
10.2064	21.9142
10.1863	21.5499
10.1663	21.1004
10.1464	20.5513
10.1266	20.0355
10.1069	19.3971
10.0872	18.5643
10.0676	17.5712
10.0481	16.4512
10.0287	15.174
10.0093	13.5945
9.99005	11.8734
9.97084	10.3167
9.95169	8.88841
9.93263	7.51114
9.91364	6.33187
9.89472	5.46787
9.87587	4.64001
9.8571	3.88554
9.83839	3.35278
9.81976	2.95496
9.80119	2.58496
9.78271	2.34961
9.76428	2.11088
9.74592	1.84336
9.72764	1.74014
9.70943	1.75632
9.69128	1.55239
9.6732	1.31362
9.65518	1.25716
9.63724	1.31508
9.61935	1.26132
9.60155	1.15684
9.5838	1.18378
9.56611	1.18707
9.5485	1.27828
9.53094	1.22892
9.51345	1.0114
9.49604	1.13608
9.47867	1.33164
9.46137	1.3761
9.44414	1.33747
9.42697	1.35782
9.40986	1.55632
9.39281	1.84979
9.37583	1.89312
9.35891	1.88979
9.34204	2.20503
9.32524	2.54414
9.3085	2.81792
9.29182	3.26608
9.27519	3.76134
9.25863	4.29765
9.24213	4.95581
9.22568	5.55567
9.2093	6.03665
9.19297	6.70849
9.17669	7.44835
9.16048	8.04334
9.14433	8.72193
9.12823	9.24991
9.11218	9.74291
9.0962	10.1968
9.08027	10.3106
9.06439	10.3219
9.04858	10.1706
9.03281	9.89186
9.0171	9.62864
9.00145	9.14081
8.98585	8.14701
8.9703	6.86537
8.9548	5.67844
8.93937	4.57458
8.92398	3.52874
8.90865	2.77734
8.89337	2.21222
8.87814	1.6747
8.86296	1.26818
8.84784	1.10435
8.83277	1.02914
8.81774	0.844982
8.80277	0.831171
8.78786	0.917244
8.77298	0.939085
8.75816	0.884032
8.7434	0.931784
8.72868	0.980493
8.714	0.875072
8.69938	0.810248
8.68481	0.738706
8.67029	0.768463
8.65581	0.814749
8.64139	0.879784
8.62701	0.865538
8.61268	0.854959
8.5984	0.841812
8.58416	0.851232
8.56997	0.953839
8.55583	1.09331
8.54174	1.1009
8.52769	1.16606
8.51368	1.18469
8.49973	1.11429
8.48582	1.22452
8.47195	1.33883
8.45813	1.32114
8.44436	1.39834
8.43062	1.36594
8.41693	1.33622
8.4033	1.42541
8.3897	1.53753
8.37614	1.56765
8.36264	1.66276
8.34917	1.67058
8.33574	1.56433
8.32236	1.64573
8.30903	1.79475
8.29573	1.85616
8.28248	1.91519
8.26927	1.94091
8.2561	1.94197
8.24298	1.97199
8.2299	1.90866
8.21685	1.96016
8.20385	2.07354
8.19089	2.06731
8.17797	2.10381
8.16509	2.18118
8.15225	2.19593
8.13946	2.32538
8.1267	2.42053
8.11398	2.48424
8.10131	2.55125
8.08867	2.61561
8.07606	2.70878
8.0635	2.80826
8.05099	2.85595
8.0385	2.92313
8.02606	3.07571
8.01366	3.07473
8.00129	2.96725
7.98896	3.01732
7.97667	3.13123
7.96442	3.13739
7.9522	3.30385
7.94002	3.4317
7.92788	3.395
7.91578	3.54168
7.90371	3.70966
7.89168	3.81723
7.87969	3.92745
7.86773	4.04791
7.85581	4.05064
7.84392	4.13655
7.83207	4.22431
7.82026	4.24924
7.80849	4.31003
7.79674	4.4297
7.78503	4.53501
7.77337	4.56514
7.76173	4.63637
7.75012	4.742
7.73856	4.78856
7.72703	4.96159
7.71553	5.15182
7.70406	5.21116
7.69263	5.22377
7.68123	5.26411
7.66987	5.37722
7.65855	5.52592
7.64725	5.71818
7.63598	5.83789
7.62475	5.96982
7.61356	6.09645
7.60239	6.23115
7.59126	6.32302
7.58017	6.43785
7.5691	6.6192
7.55806	6.76611
7.54707	6.80911
7.5361	6.8672
7.52516	7.02361
7.51425	7.1646
7.50338	7.28153
7.49253	7.37977
7.48172	7.49928
7.47094	7.57889
7.46019	7.61367
7.44947	7.68333
7.43879	7.73842
7.42813	7.71484
7.4175	7.76441
7.4069	7.76372
7.39634	7.71848
7.3858	7.67192
7.37529	7.59595
7.36482	7.51389
7.35437	7.39839
7.34396	7.34196
7.33357	7.31367
7.32321	7.20324
7.31288	7.18478
7.30258	7.20054
7.29231	7.09936
7.28207	7.05003
7.27185	7.05002
7.26167	7.05864
7.25152	7.16154
7.24139	7.31387
7.23129	7.50789
7.22122	7.59163
7.21117	7.63956
7.20116	7.82985
7.19117	8.01185
7.18121	8.15153
7.17128	8.3067
7.16137	8.42806
7.1515	8.53448
7.14164	8.68107
7.13182	8.84203
7.12203	8.94202
7.11225	8.98324
7.10251	9.04264
7.0928	9.17347
7.08311	9.22286
7.07344	9.22086
7.06381	9.30589
7.0542	9.33753
7.04461	9.42183
7.03506	9.43814
7.02552	9.38283
7.01601	9.31367
7.00653	9.20433
6.99708	9.19224
6.98765	9.22983
6.97824	9.24542
6.96886	9.34204
6.95951	9.38959
6.95018	9.12585
6.94087	9.03825
6.9316	9.11202
6.92234	9.07057
6.91311	8.994
6.90391	8.99189
6.89473	9.04663
6.88557	9.10496
6.87644	9.15241
6.86733	9.3828
6.85824	9.38482
6.84918	9.14047
6.84015	9.09693
6.83114	9.2488
6.82215	9.33198
6.81319	9.29946
6.80424	9.34371
6.79532	9.49099
6.78643	9.51591
6.77756	9.48406
6.76871	9.49263
6.75989	9.47919
6.75109	9.51464
6.74231	9.55669
6.73355	9.60905
6.72482	9.68857
6.71611	9.70957
6.70742	9.69331
6.69875	9.63835
6.69011	9.6855
6.68149	9.77445
6.67289	9.70651
6.66431	9.57702
6.65576	9.42219
6.64722	9.58615
6.63871	9.85224
6.63022	9.60503
6.62175	9.3283
6.61331	9.20382
6.60488	9.0744
6.59648	9.10057
6.5881	9.00688
6.57974	8.88348
6.5714	8.76917
6.56308	8.48834
6.55478	8.23104
6.54651	7.90417
6.53825	7.63234
6.53001	7.37827
6.5218	7.11831
6.51361	6.79646
6.50544	6.68959
6.49729	6.76966
6.48915	6.56456
6.48104	6.32975
6.47295	6.19532
6.46488	6.1094
6.45683	6.11022
6.4488	6.21725
6.44079	6.23824
6.4328	6.27513
6.42482	6.5153
6.41687	6.89922
6.40894	6.86142
6.40103	6.61955
6.39314	6.68285
6.38526	6.78787
6.37741	6.87043
6.36957	6.90355
6.36176	6.86379
6.35396	7.03313
6.34618	7.20963
6.33843	6.98256
6.33069	6.71072
6.32297	6.66079
6.31527	6.65162
6.30758	6.55732
6.29992	6.36052
6.29227	6.22258
6.28465	6.08463
6.27704	5.89308
6.26945	5.7075
6.26188	5.50906
6.25432	5.26343
6.24679	5.04617
6.23927	4.83292
6.23177	4.61554
6.22429	4.4831
6.21683	4.34584
6.20938	4.13809
6.20195	3.96998
6.19454	3.84021
6.18715	3.71256
6.17978	3.60467
6.17242	3.48812
6.16508	3.37702
6.15776	3.35223
6.15045	3.34474
6.14317	3.39341
6.1359	3.33164
6.12864	3.21021
6.12141	3.1675
6.11419	3.01652
6.10699	2.65787
6.0998	2.39621
6.09263	2.37315
6.08549	2.3875
6.07835	2.43172
6.07123	2.61059
6.06413	2.6253
6.05705	2.73556
6.04998	2.97879
6.04293	3.03917
6.0359	3.10219
6.02888	3.32471
6.02187	3.57723
6.01489	3.88167
6.00792	4.10256
6.00096	4.34038
5.99403	4.60938
5.98711	4.86291
5.9802	5.13532
5.97331	5.49894
5.96644	5.75662
5.95958	5.95203
5.95274	6.14877
5.94591	6.3698
5.9391	6.8268
5.9323	7.23222
5.92552	7.37671
5.91876	7.52296
5.91201	7.72384
5.90528	7.93785
5.89856	8.30756
5.89186	8.53614
5.88517	8.79541
5.8785	9.02171
5.87184	8.93897
5.8652	9.048
5.85857	9.08537
5.85196	9.12947
5.84536	9.30344
5.83878	9.50565
5.83221	9.75436
5.82566	9.91236
5.81912	9.85816
5.81259	9.73788
5.80608	9.78508
5.79959	9.91963
5.79311	9.96542
5.78665	9.98583
5.78019	10.0277
5.77376	10.0867
5.76734	10.2344
5.76093	10.0433
5.75453	9.87494
5.74815	9.83902
5.74179	9.6238
5.73543	9.35495
5.7291	9.06464
5.72277	8.78934
5.71646	8.5542
5.71017	8.27096
5.70389	7.82193
5.69762	7.48107
5.69136	7.20439
5.68513	6.90635
5.6789	6.79206
5.67268	6.74995
5.66648	6.71022
5.6603	6.8057
5.65413	6.89881
5.64797	6.99418
5.64182	7.14007
5.63569	7.07261
5.62957	6.93858
5.62347	6.80572
5.61737	6.70932
5.61129	6.61342
5.60522	6.47335
5.59917	6.25475
5.59313	6.10494
5.5871	5.97452
5.58109	6.00161
5.57509	6.11791
5.5691	6.12076
5.56312	6.18953
5.55716	6.34699
5.55121	6.58134
5.54528	6.73662
5.53935	6.94946
5.53344	7.20622
5.52754	7.39843
5.52166	7.52558
5.51578	7.71683
5.50992	7.88148
5.50407	8.02667
5.49823	8.08281
5.49241	8.14901
5.4866	8.22279
5.4808	8.20667
5.47501	8.18933
5.46923	8.23611
5.46347	8.28782
5.45772	8.28905
5.45198	8.26195
5.44625	8.2018
5.44054	8.15471
5.43484	8.07325
5.42914	7.96735
5.42347	7.87456
5.4178	7.6974
5.41214	7.48468
5.4065	7.30588
5.40087	7.13122
5.39525	6.94848
5.38964	6.81654
5.38404	6.79036
5.37846	6.7598
5.37288	6.66473
5.36732	6.60345
5.36177	6.5945
5.35623	6.62695
5.35071	6.63486
5.34519	6.63175
5.33968	6.6239
5.33419	6.57635
5.32871	6.59186
5.32324	6.62126
5.31778	6.58768
5.31233	6.52391
5.30689	6.50906
5.30147	6.51631
5.29605	6.55285
5.29065	6.57281
5.28525	6.56289
5.27987	6.58521
5.2745	6.60326
5.26914	6.62538
5.26379	6.6573
5.25845	6.69052
5.25312	6.69233
5.24781	6.6861
5.2425	6.69685
5.23721	6.64359
5.23192	6.64483
5.22665	6.80192
5.22138	6.92102
5.21613	6.92664
5.21089	6.94942
5.20566	7.03003
5.20044	7.12216
5.19522	7.13082
5.19002	7.1368
5.18483	7.14977
5.17965	7.21246
5.17448	7.32448
5.16933	7.37393
5.16418	7.48298
5.15904	7.59738
5.15391	7.7313
5.14879	7.92969
5.14368	8.02178
5.13859	8.03968
5.1335	8.11493
5.12842	8.18567
5.12335	8.26651
5.1183	8.36509
5.11325	8.40983
5.10821	8.48645
5.10318	8.54059
5.09817	8.56986
5.09316	8.65324
5.08816	8.75114
5.08317	8.77588
5.07819	8.85971
5.07322	8.97957
5.06826	8.97899
5.06331	8.87822
5.05837	8.93031
5.05344	9.01631
5.04852	9.0869
5.04361	9.22186
5.03871	9.2843
5.03382	9.30274
5.02894	9.29348
5.02406	9.22026
5.0192	9.19563
5.01435	9.19673
5.0095	9.14503
5.00467	9.08915
4.99984	8.94718
4.99502	8.77469
4.99021	8.78849
4.98542	8.81149
4.98063	8.71491
4.97585	8.55701
4.97108	8.46628
4.96632	8.52637
4.96156	8.51227
4.95682	8.4703
4.95209	8.46599
4.94736	8.54175
4.94264	8.57727
4.93794	8.60432
4.93324	8.74228
4.92855	8.8486
4.92387	8.90664
4.9192	8.91789
4.91453	8.96747
4.90988	9.08309
4.90524	9.13797
4.9006	9.22736
4.89597	9.31862
4.89135	9.40279
4.88674	9.44048
4.88214	9.50634
4.87755	9.60347
4.87296	9.68527
4.86839	9.78052
4.86382	9.8187
4.85926	9.89738
4.85471	10.0903
4.85017	10.1924
4.84564	10.2423
4.84111	10.2843
4.8366	10.3571
4.83209	10.5022
4.82759	10.608
4.8231	10.7298
4.81862	10.9546
4.81415	11.1034
4.80968	11.2002
4.80522	11.4153
4.80077	11.5925
4.79633	11.6888
4.7919	11.8558
4.78747	12.032
4.78306	12.1497
4.77865	12.2762
4.77425	12.4504
4.76986	12.6355
4.76547	12.8387
4.7611	13.079
4.75673	13.2672
4.75237	13.3433
4.74802	13.4299
4.74367	13.5963
4.73934	13.8133
4.73501	13.9889
4.73069	14.1478
4.72638	14.3123
4.72207	14.4607
4.71777	14.6212
4.71348	14.7919
4.7092	14.9952
4.70493	15.1971
4.70066	15.3638
4.69641	15.5647
4.69216	15.7481
4.68791	15.8861
4.68368	16.0439
4.67945	16.2856
4.67523	16.557
4.67102	16.786
4.66682	16.9305
4.66262	17.034
4.65843	17.3037
4.65425	17.6209
4.65007	17.8217
4.64591	18.0374
4.64175	18.3357
4.6376	18.5865
4.63345	18.8555
4.62932	19.082
4.62519	19.3237
4.62106	19.6546
4.61695	19.9791
4.61284	20.1615
4.60874	20.3031
4.60465	20.5026
4.60056	20.7364
4.59648	20.9601
4.59241	21.2443
4.58835	21.5356
4.58429	21.7116
4.58024	21.932
4.5762	22.1292
4.57216	22.4005
4.56814	22.7325
4.56411	23.0596
4.5601	23.2161
4.55609	23.375
4.55209	23.5669
4.5481	23.7751
4.54411	23.9971
4.54013	24.2062
4.53616	24.4014
4.5322	24.6357
4.52824	24.9092
4.52429	25.1074
4.52034	25.3279
4.51641	25.5187
4.51247	25.7001
4.50855	25.8719
4.50463	26.0362
4.50072	26.3141
4.49682	26.6515
4.49292	26.862
4.48903	27.0473
4.48515	27.2534
4.48127	27.4286
4.4774	27.6581
4.47354	27.8804
4.46968	28.1528
4.46584	28.4311
4.46199	28.6451
4.45815	28.8954
4.45432	29.1279
4.4505	29.3292
4.44668	29.5085
4.44287	29.7036
4.43907	29.9064
4.43527	30.1675
4.43148	30.4826
4.4277	30.7085
4.42392	30.9577
4.42015	31.251
4.41638	31.5102
4.41262	31.6876
4.40887	31.9025
4.40513	32.2094
4.40139	32.4532
4.39765	32.5604
4.39393	32.7547
4.39021	32.9314
4.38649	33.1371
4.38278	33.2997
4.37908	33.5185
4.37539	33.851
4.3717	34.0596
4.36801	34.2192
4.36434	34.432
4.36067	34.6691
4.357	34.8381
4.35335	34.9789
4.34969	35.1867
4.34605	35.3404
4.34241	35.4309
4.33877	35.5618
4.33514	35.7519
4.33152	35.9222
4.32791	36.1217
4.3243	36.343
4.32069	36.4983
4.3171	36.6086
4.31351	36.7775
4.30992	36.958
4.30634	37.1735
4.30277	37.3708
4.2992	37.5472
4.29564	37.7318
4.29208	37.9044
4.28853	38.0616
4.28499	38.2536
4.28145	38.4155
4.27792	38.6022
4.27439	38.7665
4.27087	38.8042
4.26735	38.9411
4.26384	39.1512
4.26034	39.1249
4.25684	39.1305
4.25335	39.4183
4.24986	39.7003
4.24638	39.979
4.24291	40.2321
4.23944	40.428
4.23598	40.5483
4.23252	40.671
4.22906	40.8159
4.22562	40.9087
4.22218	40.9899
4.21874	41.0404
4.21531	41.0827
4.21189	41.0871
4.20847	41.1213
4.20506	41.1885
4.20165	41.266
4.19825	41.3657
4.19485	41.4389
4.19146	41.5855
4.18807	41.7486
4.18469	41.8664
4.18132	41.931
4.17795	41.9869
4.17458	42.1122
4.17123	42.2188
4.16787	42.3005
4.16453	42.41
4.16118	42.5305
4.15785	42.6327
4.15451	42.7237
4.15119	42.8648
4.14787	43.0107
4.14455	43.1019
4.14124	43.1419
4.13794	43.2347
4.13464	43.3559
4.13134	43.4078
4.12805	43.4857
4.12477	43.5825
4.12149	43.6812
4.11822	43.7626
4.11495	43.728
4.11168	43.6952
4.10843	43.7904
4.10517	43.857
4.10192	43.8802
4.09868	43.9497
4.09545	43.9908
4.09221	44.0433
4.08899	44.1516
4.08576	44.2407
4.08255	44.2915
4.07933	44.3046
4.07613	44.339
4.07292	44.4245
4.06973	44.5332
4.06654	44.5432
4.06335	44.5939
4.06017	44.628
4.05699	44.6046
4.05382	44.6329
4.05065	44.5779
4.04749	44.5386
4.04433	44.4966
4.04118	44.3991
4.03803	44.336
4.03489	44.307
4.03175	44.331
4.02862	44.3412
4.02549	44.3225
4.02237	44.2381
4.01925	44.1559
4.01614	44.1144
4.01303	44.0316
4.00993	43.9027
4.00683	43.8492
4.00373	43.8075
4.00064	43.8069
3.99756	43.8507
3.99448	43.8631
3.9914	43.8004
3.98833	43.7085
3.98527	43.6992
3.98221	43.7924
3.97915	43.8335
3.9761	43.8102
3.97305	43.851
3.97001	43.984
3.96697	44.0818
3.96394	44.1227
3.96091	44.1255
3.95789	44.2184
3.95487	44.3678
3.95186	44.4793
3.94885	44.5973
3.94584	44.7347
3.94284	44.893
3.93984	45.0374
3.93685	45.0902
3.93386	45.1051
3.93088	45.1867
3.9279	45.2064
3.92493	45.2083
3.92196	45.2917
3.919	45.3504
3.91604	45.3922
3.91308	45.4155
3.91013	45.4328
3.90718	45.4744
3.90424	45.5601
3.9013	45.5259
3.89837	45.4949
3.89544	45.4936
3.89252	45.4516
3.8896	45.4547
3.88668	45.5119
3.88377	45.5378
3.88086	45.5839
3.87796	45.5325
3.87506	45.5165
3.87217	45.6316
3.86928	45.7056
3.86639	45.6746
3.86351	45.6944
3.86064	45.6803
3.85776	45.694
3.8549	45.7536
3.85203	45.7489
3.84917	45.7374
3.84631	45.768
3.84346	45.8731
3.84062	45.978
3.83777	46.0151
3.83494	46.0706
3.8321	46.1599
3.82927	46.272
3.82644	46.3591
3.82362	46.4794
3.82081	46.5891
3.81799	46.7394
3.81518	46.8443
3.81238	46.9393
3.80958	47.1604
3.80678	47.2885
3.80399	47.3874
3.8012	47.5552
3.79841	47.6436
3.79563	47.7755
3.79286	47.9549
3.79008	48.0354
3.78731	48.131
3.78455	48.1983
3.78179	48.1951
3.77903	48.2429
3.77628	48.2481
3.77353	48.2236
3.77079	48.2819
3.76805	48.3184
3.76531	48.2611
3.76258	48.2158
3.75985	48.2302
3.75713	48.2326
3.7544	48.2485
3.75169	48.2127
3.74898	48.1127
3.74627	48.026
3.74356	47.9643
3.74086	47.9747
3.73816	47.979
3.73547	48.0098
3.73278	48.0137
3.7301	47.9312
3.72741	47.865
3.72474	47.7924
3.72206	47.7264
3.71939	47.6791
3.71673	47.6587
3.71406	47.6241
3.71141	47.5713
3.70875	47.4948
3.7061	47.3863
3.70345	47.2817
3.70081	47.179
3.69817	47.0666
3.69553	46.9895
3.6929	46.8841
3.69027	46.8016
3.68765	46.7844
3.68503	46.793
3.68241	46.6851
3.6798	46.5689
3.67719	46.4924
3.67458	46.457
3.67198	46.3893
3.66938	46.3849
3.66678	46.2831
3.66419	46.1639
3.66161	46.144
3.65902	46.1386
3.65644	46.0631
3.65387	45.9715
3.65129	45.8287
3.64872	45.7825
3.64616	45.7959
3.64359	45.7143
3.64103	45.5659
3.63848	45.4521
3.63593	45.4618
3.63338	45.3935
3.63084	45.2369
3.6283	45.1881
3.62576	45.1211
3.62322	44.9897
3.62069	44.8422
3.61817	44.6915
3.61564	44.683
3.61312	44.5959
3.61061	44.4429
3.6081	44.3288
3.60559	44.1698
3.60308	44.0231
3.60058	43.8846
3.59808	43.7345
3.59558	43.6368
3.59309	43.5295
3.59061	43.4416
3.58812	43.2927
3.58564	43.1905
3.58316	43.0102
3.58069	42.7771
3.57822	42.595
3.57575	42.4485
3.57328	42.3274
3.57082	42.1751
3.56836	42.0804
3.56591	41.9929
3.56346	41.8045
3.56101	41.5886
3.55857	41.5789
3.55613	41.4354
3.55369	41.2735
3.55126	41.129
3.54883	40.8921
3.5464	40.693
3.54397	40.5638
3.54155	40.3523
3.53914	40.0958
3.53672	39.8113
3.53431	39.6238
3.5319	39.4642
3.5295	39.2323
3.5271	38.9352
3.5247	38.6248
3.52231	38.3503
3.51991	38.159
3.51753	37.9252
3.51514	37.6517
3.51276	37.4266
3.51038	37.1714
3.50801	36.9691
3.50563	36.754
3.50327	36.5328
3.5009	36.3124
3.49854	36.0729
3.49618	35.918
3.49382	35.7759
3.49147	35.6509
3.48912	35.5155
3.48677	35.276
3.48443	34.9966
3.48209	34.7597
3.47975	34.5408
3.47742	34.3701
3.47509	34.2057
3.47276	34.0969
3.47044	34.0036
3.46812	33.9257
3.4658	33.8617
3.46348	33.7206
3.46117	33.6042
3.45886	33.4806
3.45656	33.2764
3.45425	33.0884
3.45195	32.8786
3.44966	32.7232
3.44736	32.448
3.44507	32.2675
3.44279	32.0795
3.4405	31.8593
3.43822	31.7018
3.43594	31.5219
3.43367	31.2634
3.43139	30.9249
3.42912	30.6805
3.42686	30.5987
3.42459	30.3931
3.42233	30.1494
3.42007	29.9006
3.41782	29.5712
3.41557	29.3185
3.41332	29.1343
3.41108	28.8998
3.40883	28.6969
3.40659	28.5167
3.40435	28.2878
3.40212	27.9291
3.39989	27.7274
3.39766	27.6236
3.39544	27.384
3.39322	27.1297
3.391	26.9176
3.38878	26.6551
3.38657	26.3921
3.38436	26.1222
3.38215	25.8061
3.37994	25.5904
3.37774	25.4341
3.37554	25.1463
3.37335	24.857
3.37115	24.5472
3.36896	24.3214
3.36678	24.1807
3.36459	23.9201
3.36241	23.7056
3.36023	23.4466
3.35805	23.0791
3.35588	22.8255
3.35371	22.5979
3.35154	22.4335
3.34938	22.2525
3.34721	21.917
3.34505	21.7659
3.3429	21.7361
3.34074	21.5715
3.33859	21.3815
3.33644	21.1926
3.3343	21.0211
3.33215	20.8228
3.33001	20.5866
3.32788	20.2921
3.32574	20.0888
3.32361	19.9055
3.32148	19.6914
3.31936	19.4355
3.31723	19.0997
3.31511	18.8855
3.31299	18.84
3.31088	18.6544
3.30876	18.306
3.30665	18.0074
3.30455	17.8215
3.30244	17.6444
3.30034	17.403
3.29824	17.2158
3.29614	17.1038
3.29405	16.8842
3.29196	16.5852
3.28987	16.4078
3.28778	16.1379
3.2857	15.9318
3.28362	15.7168
3.28154	15.4735
3.27946	15.2975
3.27739	15.1624
3.27532	14.964
3.27325	14.7344
3.27119	14.5092
3.26913	14.2499
3.26707	14.0366
3.26501	13.8879
3.26295	13.8014
3.2609	13.6322
3.25885	13.4307
3.2568	13.2217
3.25476	12.9996
3.25272	12.8773
3.25068	12.7677
3.24864	12.6088
3.24661	12.4462
3.24458	12.1611
3.24255	11.8549
3.24052	11.6856
3.2385	11.6128
3.23648	11.5063
3.23446	11.2522
3.23244	11.0847
3.23043	11.0654
3.22841	10.9565
3.2264	10.7122
3.2244	10.5424
3.22239	10.3371
3.22039	10.185
3.21839	10.0627
3.2164	9.88957
3.2144	9.74015
3.21241	9.60743
3.21042	9.5303
3.20844	9.37774
3.20645	9.12164
3.20447	8.95282
3.20249	8.89977
3.20051	8.78199
3.19854	8.60561
3.19657	8.56285
3.1946	8.48318
3.19263	8.25594
3.19067	8.12131
3.1887	8.04692
3.18674	7.92638
3.18479	7.85065
3.18283	7.66385
3.18088	7.53161
3.17893	7.46731
3.17698	7.25712
3.17504	7.10914
3.17309	7.09477
3.17115	6.98394
3.16921	6.83579
3.16728	6.76194
3.16534	6.80713
3.16341	6.72383
3.16148	6.64685
3.15956	6.53805
3.15763	6.47127
3.15571	6.45894
3.15379	6.22646
3.15187	5.96859
3.14996	5.97523
3.14805	6.0282
3.14614	5.97831
3.14423	5.86219
3.14232	5.79258
3.14042	5.75514
3.13852	5.73967
3.13662	5.59874
3.13472	5.50847
3.13283	5.47975
3.13094	5.47971
3.12905	5.38417
3.12716	5.25645
3.12528	5.15696
3.12339	5.10706
3.12151	5.12345
3.11964	5.06988
3.11776	5.08172
3.11589	5.11376
3.11401	4.94925
3.11214	4.72801
3.11028	4.66858
3.10841	4.65071
3.10655	4.62507
3.10469	4.54239
3.10283	4.56547
3.10098	4.5158
3.09912	4.3656
3.09727	4.42875
3.09542	4.46678
3.09358	4.50819
3.09173	4.42796
3.08989	4.24552
3.08805	4.13406
3.08621	4.20243
3.08437	4.27297
3.08254	4.20603
3.08071	4.12787
3.07888	4.08922
3.07705	4.02284
3.07523	4.13501
3.0734	4.21778
3.07158	4.19356
3.06977	4.1029
3.06795	3.95537
3.06613	3.87119
3.06432	3.93282
3.06251	3.95793
3.0607	3.86381
3.0589	3.73205
3.0571	3.75333
3.05529	3.78575
3.05349	3.85262
3.0517	3.77043
3.0499	3.73893
3.04811	3.74309
3.04632	3.70873
3.04453	3.70326
3.04274	3.74417
3.04096	3.73739
3.03918	3.72547
3.0374	3.65006
3.03562	3.73423
3.03384	3.79595
3.03207	3.77701
3.03029	3.74962
3.02852	3.64918
3.02676	3.4929
3.02499	3.33316
3.02323	3.42275
3.02146	3.51678
3.0197	3.54054
3.01795	3.58501
3.01619	3.52106
3.01444	3.39762
3.01269	3.29663
3.01094	3.34731
3.00919	3.31969
3.00744	3.28137
3.0057	3.31132
3.00396	3.43402
3.00222	3.48567
3.00048	3.3511
2.99875	3.32306
2.99701	3.36073
2.99528	3.30037
2.99355	3.32789
2.99183	3.30723
2.9901	3.28564
2.98838	3.22829
2.98666	3.13405
2.98494	3.17933
2.98322	3.26798
2.9815	3.2726
2.97979	3.20823
2.97808	3.14283
2.97637	2.98448
2.97466	2.99538
2.97295	3.16934
2.97125	3.37583
2.96955	3.34878
2.96785	3.33305
2.96615	3.37228
2.96446	3.27508
2.96276	3.1138
2.96107	3.07127
2.95938	3.04227
2.95769	2.94495
2.95601	2.98014
2.95432	3.03625
2.95264	3.06591
2.95096	3.1101
2.94928	3.13698
2.9476	3.01712
2.94593	2.96136
2.94425	2.87715
2.94258	2.88574
2.94092	3.05659
2.93925	3.0575
2.93758	3.05509
2.93592	3.10465
2.93426	2.90143
2.9326	2.78097
2.93094	2.89709
2.92928	2.92117
2.92763	2.95451
2.92598	3.01961
2.92433	2.97389
2.92268	3.0069
2.92103	3.00824
2.91939	2.82382
2.91775	2.78108
2.9161	2.83205
2.91447	2.90971
2.91283	3.03798
2.91119	2.97791
2.90956	2.79916
2.90793	2.65205
2.9063	2.77669
2.90467	2.91571
2.90304	2.79735
2.90142	2.76018
2.89979	2.84405
2.89817	2.85692
2.89656	2.79563
2.89494	2.78004
2.89332	2.77299
2.89171	2.78257
2.8901	2.65562
2.88849	2.57585
2.88688	2.59856
2.88527	2.68565
2.88367	2.71444
2.88206	2.70612
2.88046	2.66725
2.87886	2.6792
2.87727	2.59117
2.87567	2.6727
2.87408	2.75303
2.87248	2.72079
2.87089	2.71409
2.8693	2.6414
2.86772	2.54641
2.86613	2.57519
2.86455	2.59925
2.86297	2.60507
2.86139	2.61905
2.85981	2.59044
2.85823	2.54911
2.85666	2.6074
2.85508	2.57202
2.85351	2.5576
2.85194	2.5287
2.85038	2.58825
2.84881	2.6197
2.84724	2.69008
2.84568	2.65556
2.84412	2.55959
2.84256	2.5708
2.841	2.53135
2.83945	2.50846
2.83789	2.43205
2.83634	2.38187
2.83479	2.35729
2.83324	2.47124
2.83169	2.65123
2.83015	2.58806
2.82861	2.47676
2.82706	2.44976
2.82552	2.45042
2.82398	2.46169
2.82245	2.54433
2.82091	2.64304
2.81938	2.64354
2.81784	2.56846
2.81631	2.50211
2.81479	2.46528
2.81326	2.42041
2.81173	2.45648
2.81021	2.42101
2.80869	2.51677
2.80716	2.48776
2.80565	2.3586
2.80413	2.41512
2.80261	2.51352
2.8011	2.56326
2.79959	2.52629
2.79808	2.50606
2.79657	2.60174
2.79506	2.71062
2.79355	2.57404
2.79205	2.34568
2.79055	2.43173
2.78904	2.58237
2.78754	2.46009
2.78605	2.3184
2.78455	2.36581
2.78306	2.48637
2.78156	2.7053
2.78007	2.67845
2.77858	2.56366
2.77709	2.63884
2.77561	2.67446
2.77412	2.65574
2.77264	2.53173
2.77116	2.60059
2.76968	2.37998
2.7682	2.41898
2.76672	2.65399
2.76524	2.59338
2.76377	2.50004
2.7623	2.56933
2.76083	2.46836
2.75936	2.36804
2.75789	2.43112
2.75642	2.6218
2.75496	2.77597
2.7535	2.65152
2.75203	2.51763
2.75057	2.45849
2.74912	2.68062
2.74766	2.93503
2.7462	2.8967
2.74475	2.82167
2.7433	2.86069
2.74185	2.90393
2.7404	2.96067
2.73895	3.15667
2.7375	3.34823
2.73606	3.17716
2.73462	2.91507
2.73318	3.24595
2.73174	3.51593
2.7303	3.49087
2.72886	3.44506
2.72742	3.51434
2.72599	3.67843
2.72456	3.74142
2.72313	3.69687
2.7217	3.86785
2.72027	4.13155
2.71884	4.10632
2.71742	4.04749
2.71599	4.07669
2.71457	4.20996
2.71315	4.42043
2.71173	4.64154
2.71032	4.72663
2.7089	4.71113
2.70748	4.84754
2.70607	5.0367
2.70466	5.22808
2.70325	5.44749
2.70184	5.5454
2.70043	5.57455
2.69903	5.70628
2.69762	5.88672
2.69622	6.06066
2.69482	6.23577
2.69342	6.44723
2.69202	6.48656
2.69062	6.55765
2.68923	6.79013
2.68783	7.018
2.68644	7.15444
2.68505	7.27683
2.68366	7.47846
2.68227	7.69811
2.68089	7.86791
2.6795	8.15137
2.67812	8.26948
2.67673	8.44893
2.67535	8.57523
2.67397	8.55613
2.6726	8.63111
2.67122	9.0096
2.66984	9.21263
2.66847	9.25498
2.6671	9.64619
2.66572	9.89202
2.66435	9.84704
2.66299	9.65366
2.66162	9.8349
2.66025	10.2226
2.65889	10.4071
2.65753	10.3667
2.65616	10.5184
2.65481	10.6485
2.65345	10.8796
2.65209	11.1135
2.65073	11.1008
2.64938	11.2605
2.64803	11.4751
2.64667	11.5823
2.64532	11.716
2.64397	11.778
2.64263	11.9803
2.64128	12.144
2.63994	12.1624
2.63859	12.1055
2.63725	12.2937
2.63591	12.4599
2.63457	12.6657
2.63323	12.9177
2.6319	13.1209
2.63056	13.2938
2.62923	13.2821
2.62789	13.2792
2.62656	13.4571
2.62523	13.4397
2.6239	13.4688
2.62258	13.6928
2.62125	14.0614
2.61993	14.2619
2.6186	14.2328
2.61728	14.512
2.61596	14.5512
2.61464	14.3922
2.61332	14.5078
2.61201	14.6224
2.61069	14.6748
2.60938	14.7483
2.60807	14.9595
2.60675	15.369
2.60544	15.7495
2.60414	15.6091
2.60283	15.4431
2.60152	15.5666
2.60022	15.8011
2.59891	15.8651
2.59761	15.9782
2.59631	16.3057
2.59501	16.7829
2.59371	16.5996
2.59242	16.2681
2.59112	16.2739
2.58983	16.4358
2.58853	16.6301
2.58724	16.7808
2.58595	16.8332
2.58466	17.1067
2.58338	17.2554
2.58209	17.1538
2.5808	17.1712
2.57952	17.2118
2.57824	17.3844
2.57695	17.5906
2.57567	17.625
2.5744	17.9012
2.57312	18.1733
2.57184	18.0964
2.57057	18.1428
2.56929	18.1951
2.56802	18.2101
2.56675	18.3393
2.56548	18.5547
2.56421	18.8034
2.56294	18.9583
2.56168	19.1044
2.56041	19.0128
2.55915	18.904
2.55789	18.9649
2.55662	19.1258
2.55536	19.2887
2.5541	19.5409
2.55285	19.7307
2.55159	19.7768
2.55034	19.7907
2.54908	19.9571
2.54783	20.1541
2.54658	20.2214
2.54533	20.21
2.54408	20.2766
2.54283	20.3062
2.54159	20.4006
2.54034	20.6784
2.5391	20.808
2.53785	20.961
2.53661	21.1121
2.53537	21.1635
2.53413	21.3025
2.53289	21.4157
2.53166	21.465
2.53042	21.6596
2.52919	21.9319
2.52795	22.0408
2.52672	22.0294
2.52549	22.2782
2.52426	22.5457
2.52303	22.599
2.52181	22.6727
2.52058	22.7846
2.51936	22.9402
2.51813	23.0445
2.51691	23.1848
2.51569	23.4233
2.51447	23.6597
2.51325	23.7022
2.51203	23.7825
2.51082	24.0262
2.5096	24.1588
2.50839	24.3272
2.50717	24.627
2.50596	24.8423
2.50475	25.0198
2.50354	25.2054
2.50233	25.2947
2.50113	25.3714
2.49992	25.6418
2.49872	25.9199
2.49751	26.1346
2.49631	26.2882
2.49511	26.3309
2.49391	26.5052
2.49271	26.9204
2.49151	27.1454
2.49031	27.2239
2.48912	27.3416
2.48792	27.5571
2.48673	27.7377
2.48554	27.8709
2.48435	28.0733
2.48316	28.2338
2.48197	28.3868
2.48078	28.566
2.4796	28.6081
2.47841	28.7471
2.47723	29.0608
2.47604	29.2695
2.47486	29.4369
2.47368	29.7085
2.4725	29.9204
2.47132	29.9912
2.47014	30.1683
2.46897	30.1872
2.46779	30.2648
2.46662	30.4254
2.46545	30.5041
2.46427	30.6457
2.4631	30.8192
2.46193	31.0183
2.46077	31.1167
2.4596	31.1182
2.45843	31.1888
2.45727	31.4208
2.4561	31.648
2.45494	31.7688
2.45378	31.89
2.45262	32.0276
2.45146	32.0643
2.4503	32.0446
2.44914	32.1278
2.44799	32.2705
2.44683	32.2712
2.44568	32.3612
2.44452	32.5579
2.44337	32.6527
2.44222	32.7551
2.44107	32.897
2.43992	32.9483
2.43877	32.9762
2.43763	32.9946
2.43648	33.2441
2.43534	33.5126
2.43419	33.5648
2.43305	33.5934
2.43191	33.7063
2.43077	33.8124
2.42963	33.8312
2.42849	34.0293
2.42736	34.2174
2.42622	34.2483
2.42509	34.2636
2.42395	34.4611
2.42282	34.5116
2.42169	34.5546
2.42056	34.744
2.41943	34.8518
2.4183	34.8653
2.41717	34.9001
2.41605	35.0138
2.41492	35.1171
2.4138	35.4109
2.41267	35.6379
2.41155	35.7524
2.41043	35.8693
2.40931	36.0011
2.40819	36.2086
2.40707	36.279
2.40595	36.3584
2.40484	36.5272
2.40372	36.7373
2.40261	36.7073
2.4015	36.7628
2.40039	36.9949
2.39928	37.1791
2.39817	37.2883
2.39706	37.4108
2.39595	37.6826
2.39484	37.7902
2.39374	37.7536
2.39263	37.9772
2.39153	38.1786
2.39043	38.234
2.38932	38.4854
2.38822	38.7213
2.38712	38.7765
2.38603	38.7979
2.38493	38.9163
2.38383	39.0532
2.38274	39.2338
2.38164	39.4248
2.38055	39.5972
2.37946	39.7106
2.37836	39.849
2.37727	40.1655
2.37618	40.5083
2.3751	40.7437
2.37401	41.0121
2.37292	41.0955
2.37184	41.1076
2.37075	41.6
2.36967	42.1031
2.36859	42.2447
2.3675	42.4666
2.36642	42.6404
2.36534	42.9866
2.36427	43.4209
2.36319	43.6281
2.36211	43.9166
2.36104	44.3092
2.35996	44.6043
2.35889	44.9015
2.35781	45.2583
2.35674	45.6983
2.35567	45.9934
2.3546	46.3861
2.35353	46.8378
2.35247	47.0733
2.3514	47.231
2.35033	47.6059
2.34927	48.0104
2.3482	48.3253
2.34714	48.5937
2.34608	48.9796
2.34502	49.4358
2.34396	49.8462
2.3429	50.0967
2.34184	50.3802
2.34078	50.6565
2.33973	50.8312
2.33867	51.0412
2.33762	51.2578
2.33656	51.5394
2.33551	51.9574
2.33446	52.2625
2.33341	52.4849
2.33236	52.7489
2.33131	53.055
2.33026	53.3656
2.32922	53.5273
2.32817	53.6238
2.32712	53.7599
2.32608	53.9884
2.32504	54.1614
2.324	54.3237
2.32295	54.5714
2.32191	54.7862
2.32087	54.8928
2.31984	55.0023
2.3188	55.2225
2.31776	55.3765
2.31673	55.4223
2.31569	55.556
2.31466	55.7331
2.31362	55.8097
2.31259	55.9202
2.31156	56.063
2.31053	56.2086
2.3095	56.2945
2.30847	56.4913
2.30745	56.6468
2.30642	56.6167
2.3054	56.5975
2.30437	56.8629
2.30335	57.0325
2.30232	57.0202
2.3013	57.0402
2.30028	57.0971
2.29926	57.1798
2.29824	57.3032
2.29722	57.4367
2.29621	57.421
2.29519	57.3614
2.29417	57.4725
2.29316	57.5943
2.29215	57.6028
2.29113	57.4678
2.29012	57.6132
2.28911	57.8516
2.2881	57.8125
2.28709	57.7211
2.28608	57.7023
2.28507	57.8446
2.28407	58.0376
2.28306	58.1551
2.28206	58.1032
2.28105	58.0241
2.28005	57.957
2.27905	58.0584
2.27805	58.171
2.27705	58.0466
2.27605	58.0808
2.27505	58.149
2.27405	58.0278
2.27305	58.0039
2.27206	58.0585
2.27106	58.1087
2.27007	58.0739
2.26907	58.0322
2.26808	57.9741
2.26709	57.8878
2.2661	57.7958
2.26511	57.749
2.26412	57.7645
2.26313	57.8032
2.26214	57.9151
2.26116	57.7089
2.26017	57.5332
2.25919	57.5268
2.2582	57.4932
2.25722	57.5499
2.25624	57.4766
2.25526	57.4404
2.25428	57.3821
2.2533	57.3048
2.25232	57.2848
2.25134	57.2082
2.25036	57.1888
2.24939	57.1355
2.24841	57.1033
2.24744	57.0347
2.24646	56.8874
2.24549	56.6428
2.24452	56.4513
2.24355	56.3869
2.24257	56.4394
2.24161	56.4716
2.24064	56.307
2.23967	56.1454
2.2387	56.0917
2.23774	55.958
2.23677	55.8295
2.23581	55.7815
2.23484	55.8146
2.23388	55.8343
2.23292	55.6172
2.23196	55.5024
2.231	55.2784
2.23004	55.2251
2.22908	55.3592
2.22812	55.2756
2.22716	55.1888
2.22621	55.0637
2.22525	54.9247
2.2243	54.8615
2.22334	54.9192
2.22239	54.9864
2.22144	54.967
2.22049	54.8394
2.21953	54.767
2.21859	54.7685
2.21764	54.8734
2.21669	55.0478
2.21574	55.1612
2.21479	55.1842
2.21385	55.1754
2.2129	55.0711
2.21196	55.1649
2.21102	55.308
2.21007	55.3311
2.20913	55.4117
2.20819	55.6322
2.20725	55.7852
2.20631	55.7588
2.20537	55.8337
2.20444	55.8422
2.2035	55.9351
2.20256	56.1471
2.20163	56.2794
2.20069	56.3781
2.19976	56.4778
2.19883	56.5128
2.19789	56.5154
2.19696	56.744
2.19603	56.9293
2.1951	57.0102
2.19417	57.2491
2.19325	57.4307
2.19232	57.5746
2.19139	57.581
2.19047	57.9169
2.18954	58.3107
2.18862	58.2753
2.18769	58.2513
2.18677	58.4023
2.18585	58.5641
2.18493	58.6841
2.18401	58.9625
2.18309	59.3402
2.18217	59.5068
2.18125	59.5541
2.18033	59.804
2.17942	60.006
2.1785	60.1272
2.17759	60.2109
2.17667	60.2922
2.17576	60.4127
2.17485	60.6392
2.17393	60.7874
2.17302	60.925
2.17211	60.9576
2.1712	61.0586
2.17029	61.2522
2.16939	61.3107
2.16848	61.3622
2.16757	61.5364
2.16667	61.7265
2.16576	61.9632
2.16486	62.132
2.16395	62.2572
2.16305	62.4125
2.16215	62.5478
2.16125	62.6484
2.16035	62.7375
2.15945	62.7695
2.15855	62.8287
2.15765	62.9841
2.15675	63.1947
2.15586	63.1142
2.15496	63.2907
2.15406	63.4968
2.15317	63.5775
2.15228	63.7495
2.15138	63.9702
2.15049	63.97
2.1496	63.937
2.14871	64.2054
2.14782	64.4098
2.14693	64.6065
2.14604	64.7091
2.14515	64.7759
2.14427	64.7504
2.14338	64.9859
2.14249	65.0909
2.14161	65.0022
2.14072	65.0883
2.13984	65.2769
2.13896	65.4057
2.13808	65.4747
2.13719	65.5885
2.13631	65.8143
2.13543	66.0215
2.13455	65.958
2.13368	65.9859
2.1328	66.0473
2.13192	66.0945
2.13105	66.2621
2.13017	66.4461
2.1293	66.6154
2.12842	66.6594
2.12755	66.5938
2.12668	66.6126
2.1258	66.6323
2.12493	66.7176
2.12406	66.7612
2.12319	66.8326
2.12232	67.094
2.12145	67.4015
2.12059	67.4376
2.11972	67.4298
2.11885	67.4657
2.11799	67.438
2.11712	67.4002
2.11626	67.4522
2.1154	67.6632
2.11453	67.7476
2.11367	67.7075
2.11281	67.7883
2.11195	67.7318
2.11109	67.8198
2.11023	67.8087
2.10937	67.9167
2.10851	68.0625
2.10766	68.1096
2.1068	68.2092
2.10594	68.0715
2.10509	67.9971
2.10423	68.136
2.10338	68.1396
2.10253	68.0738
2.10168	68.2744
2.10082	68.3909
2.09997	68.3224
2.09912	68.2744
2.09827	68.235
2.09742	68.267
2.09658	68.5306
2.09573	68.5954
2.09488	68.4403
2.09404	68.4331
2.09319	68.2981
2.09235	68.3767
2.0915	68.6804
2.09066	68.655
2.08982	68.4632
2.08897	68.5754
2.08813	68.549
2.08729	68.5621
2.08645	68.6902
2.08561	68.5989
2.08477	68.4837
2.08394	68.4469
2.0831	68.5076
2.08226	68.561
2.08143	68.4287
2.08059	68.2139
2.07976	68.1913
2.07892	68.302
2.07809	68.3579
2.07726	68.3694
2.07643	68.3946
2.07559	68.3223
2.07476	68.26
2.07393	68.4687
2.0731	68.6122
2.07228	68.4488
2.07145	68.2634
2.07062	68.1781
2.06979	68.2383
2.06897	68.159
2.06814	68.1049
2.06732	68.2152
2.06649	68.2173
2.06567	67.9543
2.06485	67.9239
2.06403	68.2464
2.0632	68.3206
2.06238	68.1304
2.06156	67.9208
2.06074	67.7522
2.05993	67.6669
2.05911	67.8504
2.05829	67.8573
2.05747	68.051
2.05666	68.0002
2.05584	67.3663
2.05503	67.1384
2.05421	67.6186
2.0534	67.5782
2.05259	67.3537
2.05177	67.4671
2.05096	67.4967
2.05015	67.3018
2.04934	67.1845
2.04853	67.257
2.04772	67.1919
2.04691	67.0058
2.04611	66.6084
2.0453	66.3798
2.04449	66.3853
2.04369	66.3683
2.04288	66.5231
2.04208	66.5879
2.04127	66.5694
2.04047	66.2284
2.03967	65.9781
2.03886	66.055
2.03806	66.1647
2.03726	66.0528
2.03646	65.7652
2.03566	65.3202
2.03486	65.325
2.03407	65.3521
2.03327	65.0638
2.03247	64.8852
2.03167	64.9288
2.03088	64.9005
2.03008	64.8211
2.02929	64.5641
2.0285	64.3927
2.0277	64.4207
2.02691	64.3735
2.02612	64.0441
2.02533	63.769
2.02453	63.8159
2.02374	63.8313
2.02295	63.6784
2.02217	63.4511
2.02138	63.1908
2.02059	63.0545
2.0198	63.0826
2.01902	63.0468
2.01823	62.7793
2.01744	62.4614
2.01666	62.2398
2.01588	62.1492
2.01509	62.0858
2.01431	61.7308
2.01353	61.4593
2.01275	61.5438
2.01196	61.5056
2.01118	61.2728
2.0104	60.9061
2.00963	60.8016
2.00885	60.6214
2.00807	60.2608
2.00729	59.9325
2.00651	59.687
2.00574	59.6116
2.00496	59.4244
2.00419	59.2055
2.00341	58.9083
2.00264	58.6321
2.00187	58.3439
2.00109	58.066
2.00032	57.8941
