Name: Montebrasite LiAlPO_4(OH)
Type: Mineral
Class: Phosphates
Subclass: 
Particle Size: 0-45um
Sample No.: P-2A
Owner: JPL
Wavelength range: IR
Origin: USA, Couth Dakota, Custer County, Custer
Collected by Burminco
Description: 





Measurement: Hemispherical reflectance
First Column: X
Second Column: Y
X Units:  Wavelength (micrometers)
Y Units:  Reflectance (percent)
First X Value: 15.3853
Last X Value: 2.00032
Number of X Values: 2256
Additional information: p02aa.txt
 
15.3853	4.48534
15.3397	4.55673
15.2945	4.66215
15.2495	4.6691
15.2048	4.43035
15.1603	4.36461
15.1161	4.57891
15.0722	4.7117
15.0285	4.71109
14.9851	4.95747
14.9419	5.18906
14.8989	5.02776
14.8563	4.64843
14.8138	4.32343
14.7716	4.01437
14.7296	3.85384
14.6879	3.66298
14.6464	3.47753
14.6052	3.27897
14.5641	3.02775
14.5233	2.615
14.4828	2.40114
14.4424	2.20784
14.4023	2.08944
14.3624	2.12195
14.3227	2.16355
14.2833	2.11795
14.244	2.12874
14.205	2.01923
14.1662	2.09621
14.1276	2.25152
14.0892	2.29493
14.051	2.26666
14.0131	2.33446
13.9753	2.48824
13.9377	2.65296
13.9004	2.79619
13.8632	2.94356
13.8262	3.13142
13.7895	3.39201
13.7529	3.4435
13.7165	3.33124
13.6803	3.30781
13.6443	3.4611
13.6085	3.70805
13.5729	3.87024
13.5374	4.0424
13.5022	4.18232
13.4671	4.32169
13.4322	4.36955
13.3975	4.31381
13.363	4.33201
13.3286	4.52261
13.2944	4.67916
13.2604	4.84588
13.2266	4.99283
13.193	5.04606
13.1595	5.21324
13.1262	5.37553
13.093	5.42722
13.06	5.32678
13.0272	5.38204
12.9946	5.50165
12.9621	5.34251
12.9298	5.2354
12.8976	5.18206
12.8656	5.0818
12.8337	5.09475
12.8021	5.23056
12.7705	5.19528
12.7391	5.06967
12.7079	4.96794
12.6769	4.85453
12.6459	4.85895
12.6152	4.84646
12.5845	4.73682
12.5541	4.77236
12.5238	4.79802
12.4936	4.7907
12.4635	4.73688
12.4337	4.8189
12.4039	4.9687
12.3743	4.86512
12.3448	4.83454
12.3155	5.04739
12.2863	5.18161
12.2573	5.25518
12.2284	5.351
12.1996	5.30379
12.171	5.39883
12.1425	5.59654
12.1141	5.78261
12.0859	5.88362
12.0578	5.96339
12.0298	6.14398
12.0019	6.23623
11.9742	6.23543
11.9466	6.26847
11.9192	6.19307
11.8918	6.10692
11.8646	6.02008
11.8375	5.89276
11.8106	5.90232
11.7837	6.10785
11.757	6.30186
11.7304	6.36332
11.7039	6.46385
11.6776	6.65392
11.6513	6.89676
11.6252	7.17393
11.5992	7.42367
11.5733	7.49255
11.5475	7.65448
11.5219	8.03085
11.4963	8.3153
11.4709	8.46869
11.4455	8.65928
11.4203	8.78197
11.3952	8.98586
11.3702	9.35217
11.3454	9.42887
11.3206	9.44584
11.2959	9.59524
11.2714	9.82566
11.2469	10.0262
11.2226	10.0366
11.1983	10.0663
11.1742	10.1565
11.1502	10.2907
11.1263	10.43
11.1024	10.5217
11.0787	10.5299
11.0551	10.5717
11.0316	10.7316
11.0081	10.8965
10.9848	10.9808
10.9616	11.0134
10.9385	10.9215
10.9154	10.9485
10.8925	11.0294
10.8697	11.1033
10.8469	11.2293
10.8243	11.2712
10.8017	11.2072
10.7793	11.2112
10.7569	11.2625
10.7346	11.205
10.7125	11.0833
10.6904	10.982
10.6684	10.8825
10.6465	10.8618
10.6247	10.9571
10.6029	10.8907
10.5813	10.7004
10.5597	10.6724
10.5383	10.6685
10.5169	10.5496
10.4956	10.3704
10.4744	10.2551
10.4533	10.2312
10.4323	10.2303
10.4113	10.1537
10.3904	10.0153
10.3697	9.8723
10.349	9.65765
10.3284	9.62387
10.3078	9.59958
10.2874	9.36333
10.267	9.16692
10.2467	9.06465
10.2265	8.90827
10.2064	8.6527
10.1863	8.4245
10.1663	8.29563
10.1464	8.08392
10.1266	7.85527
10.1069	7.75031
10.0872	7.71554
10.0676	7.56063
10.0481	7.39439
10.0287	7.20446
10.0093	6.97416
9.99005	6.85047
9.97084	6.79039
9.95169	6.64912
9.93263	6.73371
9.91364	7.01175
9.89472	7.07657
9.87587	7.10554
9.8571	7.25487
9.83839	7.21731
9.81976	7.18627
9.80119	7.31383
9.78271	7.38851
9.76428	7.21027
9.74592	7.09333
9.72764	6.92957
9.70943	6.40999
9.69128	5.95475
9.6732	5.5184
9.65518	5.23
9.63724	5.1217
9.61935	5.12671
9.60155	5.19863
9.5838	5.33909
9.56611	5.6202
9.5485	5.8159
9.53094	5.9824
9.51345	6.29726
9.49604	6.56876
9.47867	6.83246
9.46137	7.22173
9.44414	7.67431
9.42697	8.05353
9.40986	8.66019
9.39281	9.19399
9.37583	9.52197
9.35891	9.95127
9.34204	10.2055
9.32524	10.3975
9.3085	10.9363
9.29182	11.4248
9.27519	11.7514
9.25863	12.0699
9.24213	12.4012
9.22568	12.7699
9.2093	13.1532
9.19297	13.4055
9.17669	13.5521
9.16048	13.6776
9.14433	13.7988
9.12823	13.9178
9.11218	13.9822
9.0962	13.9802
9.08027	13.9135
9.06439	13.8862
9.04858	13.8416
9.03281	13.7472
9.0171	13.6224
9.00145	13.4739
8.98585	13.4215
8.9703	13.3431
8.9548	13.2862
8.93937	13.1588
8.92398	13.1267
8.90865	12.9735
8.89337	12.8521
8.87814	12.856
8.86296	12.6344
8.84784	12.4935
8.83277	12.4279
8.81774	12.1966
8.80277	11.9173
8.78786	11.5267
8.77298	11.1538
8.75816	10.873
8.7434	10.7135
8.72868	10.5632
8.714	10.4478
8.69938	10.4142
8.68481	10.3766
8.67029	10.4494
8.65581	10.4933
8.64139	10.6913
8.62701	10.9229
8.61268	10.959
8.5984	11.0211
8.58416	11.1874
8.56997	11.2557
8.55583	11.3209
8.54174	11.2904
8.52769	11.2055
8.51368	11.1623
8.49973	11.0248
8.48582	10.7687
8.47195	10.6585
8.45813	10.5281
8.44436	10.3216
8.43062	10.1281
8.41693	9.60126
8.4033	9.21713
8.3897	9.1382
8.37614	9.11541
8.36264	9.03691
8.34917	8.96809
8.33574	8.98533
8.32236	9.06158
8.30903	9.20835
8.29573	9.49448
8.28248	9.65518
8.26927	9.74545
8.2561	9.94395
8.24298	10.1524
8.2299	10.391
8.21685	10.331
8.20385	10.1701
8.19089	10.0103
8.17797	9.84545
8.16509	9.69295
8.15225	9.29151
8.13946	8.73841
8.1267	8.09539
8.11398	7.40889
8.10131	6.77124
8.08867	6.27621
8.07606	5.85782
8.0635	5.35769
8.05099	4.9671
8.0385	4.63536
8.02606	4.23306
8.01366	3.86228
8.00129	3.61653
7.98896	3.48043
7.97667	3.32493
7.96442	3.02834
7.9522	2.81331
7.94002	2.72
7.92788	2.71337
7.91578	2.59409
7.90371	2.50056
7.89168	2.45051
7.87969	2.49501
7.86773	2.38343
7.85581	2.28916
7.84392	2.22932
7.83207	2.23446
7.82026	2.16752
7.80849	2.16893
7.79674	2.26835
7.78503	2.33415
7.77337	2.27141
7.76173	2.22713
7.75012	2.27414
7.73856	2.37575
7.72703	2.41215
7.71553	2.41243
7.70406	2.46121
7.69263	2.54113
7.68123	2.61316
7.66987	2.74174
7.65855	2.70484
7.64725	2.74265
7.63598	2.85915
7.62475	2.94235
7.61356	2.96556
7.60239	3.05902
7.59126	3.1933
7.58017	3.30406
7.5691	3.44199
7.55806	3.4994
7.54707	3.5327
7.5361	3.671
7.52516	3.85175
7.51425	3.98753
7.50338	4.1445
7.49253	4.237
7.48172	4.30445
7.47094	4.43621
7.46019	4.61095
7.44947	4.74365
7.43879	4.79177
7.42813	5.04279
7.4175	5.24429
7.4069	5.34928
7.39634	5.43642
7.3858	5.55001
7.37529	5.6869
7.36482	5.82196
7.35437	5.96126
7.34396	6.17182
7.33357	6.31133
7.32321	6.43616
7.31288	6.66882
7.30258	6.86332
7.29231	6.9352
7.28207	7.15922
7.27185	7.41905
7.26167	7.45531
7.25152	7.53792
7.24139	7.70753
7.23129	7.79141
7.22122	7.94883
7.21117	8.13562
7.20116	8.24551
7.19117	8.29298
7.18121	8.43107
7.17128	8.55821
7.16137	8.58962
7.1515	8.75367
7.14164	8.84164
7.13182	8.81915
7.12203	8.90039
7.11225	9.01372
7.10251	9.08518
7.0928	9.12369
7.08311	9.21027
7.07344	9.32071
7.06381	9.41558
7.0542	9.59133
7.04461	9.72027
7.03506	9.62399
7.02552	9.66993
7.01601	9.73217
7.00653	9.67446
6.99708	9.7394
6.98765	9.87866
6.97824	10.0683
6.96886	10.3236
6.95951	10.6061
6.95018	10.6266
6.94087	10.6432
6.9316	10.7368
6.92234	10.8815
6.91311	11.104
6.90391	11.1954
6.89473	11.0702
6.88557	11.0943
6.87644	11.33
6.86733	11.8305
6.85824	11.8863
6.84918	11.776
6.84015	11.9231
6.83114	12.1449
6.82215	12.2402
6.81319	12.2495
6.80424	12.4592
6.79532	12.9132
6.78643	13.2138
6.77756	13.1529
6.76871	13.0928
6.75989	13.212
6.75109	13.3796
6.74231	13.3121
6.73355	13.4155
6.72482	13.6992
6.71611	13.9965
6.70742	14.0822
6.69875	14.012
6.69011	14.2159
6.68149	14.6096
6.67289	14.6988
6.66431	14.6722
6.65576	14.7803
6.64722	15.1784
6.63871	15.836
6.63022	15.7644
6.62175	15.4504
6.61331	15.4709
6.60488	15.563
6.59648	15.8141
6.5881	16.0441
6.57974	16.3011
6.5714	16.571
6.56308	16.4658
6.55478	16.4856
6.54651	16.4681
6.53825	16.462
6.53001	16.5467
6.5218	16.8791
6.51361	16.8803
6.50544	17.0406
6.49729	17.6897
6.48915	17.8286
6.48104	17.5144
6.47295	17.3054
6.46488	17.0809
6.45683	17.0124
6.4488	16.9394
6.44079	16.9424
6.4328	17.0161
6.42482	17.1525
6.41687	17.5642
6.40894	17.0154
6.40103	16.0415
6.39314	15.5691
6.38526	15.2175
6.37741	14.9977
6.36957	14.7496
6.36176	14.0646
6.35396	13.7011
6.34618	13.6308
6.33843	13.1312
6.33069	12.5168
6.32297	12.1098
6.31527	11.8395
6.30758	11.6397
6.29992	11.4586
6.29227	11.3206
6.28465	11.2897
6.27704	11.2342
6.26945	11.1694
6.26188	11.2186
6.25432	11.4084
6.24679	11.5673
6.23927	11.752
6.23177	12.0113
6.22429	12.2134
6.21683	12.4019
6.20938	12.6351
6.20195	12.9051
6.19454	13.2768
6.18715	13.8602
6.17978	14.0364
6.17242	14.1662
6.16508	14.6727
6.15776	15.0943
6.15045	15.2985
6.14317	15.6657
6.1359	16.0518
6.12864	16.353
6.12141	16.9378
6.11419	17.6494
6.10699	17.7003
6.0998	17.8176
6.09263	18.0812
6.08549	18.3979
6.07835	19.0549
6.07123	19.564
6.06413	19.5874
6.05705	20.0829
6.04998	21.1468
6.04293	20.8838
6.0359	20.3992
6.02888	20.5199
6.02187	20.8443
6.01489	21.1307
6.00792	21.1498
6.00096	21.2688
5.99403	21.7689
5.98711	22.006
5.9802	21.9691
5.97331	22.2899
5.96644	22.4588
5.95958	22.3573
5.95274	22.6864
5.94591	23.161
5.9391	23.9414
5.9323	23.8344
5.92552	23.4646
5.91876	23.574
5.91201	23.6701
5.90528	24.0114
5.89856	24.8213
5.89186	24.9467
5.88517	25.3877
5.8785	25.6087
5.87184	24.906
5.8652	24.9829
5.85857	25.1042
5.85196	25.1202
5.84536	25.1343
5.83878	25.3816
5.83221	25.8498
5.82566	26.4165
5.81912	26.5037
5.81259	26.0751
5.80608	26.1221
5.79959	26.4246
5.79311	26.5102
5.78665	26.6781
5.78019	26.9724
5.77376	27.5348
5.76734	28.3268
5.76093	28.0798
5.75453	27.8241
5.74815	28.1993
5.74179	28.2687
5.73543	28.3667
5.7291	28.6035
5.72277	28.9634
5.71646	29.3201
5.71017	29.6255
5.70389	29.5
5.69762	29.5967
5.69136	29.9468
5.68513	30.1235
5.6789	30.4754
5.67268	30.7346
5.66648	30.7267
5.6603	31.1053
5.65413	31.5464
5.64797	31.93
5.64182	32.3435
5.63569	32.1467
5.62957	32.0449
5.62347	32.2086
5.61737	32.383
5.61129	32.4985
5.60522	32.7081
5.59917	32.8924
5.59313	32.9194
5.5871	33.2724
5.58109	33.8162
5.57509	33.9359
5.5691	33.7559
5.56312	33.8318
5.55716	34.0369
5.55121	34.2208
5.54528	34.2102
5.53935	34.2251
5.53344	34.2778
5.52754	34.4831
5.52166	34.6392
5.51578	34.6261
5.50992	34.6289
5.50407	34.7236
5.49823	34.6947
5.49241	34.708
5.4866	34.8613
5.4808	35.0833
5.47501	35.0149
5.46923	35.0488
5.46347	35.1286
5.45772	34.8771
5.45198	34.7258
5.44625	34.7324
5.44054	34.6588
5.43484	34.6104
5.42914	34.7486
5.42347	35.0768
5.4178	34.8424
5.41214	34.4456
5.4065	34.3117
5.40087	34.2137
5.39525	34.1279
5.38964	34.0817
5.38404	34.0429
5.37846	33.9497
5.37288	33.9167
5.36732	33.9224
5.36177	33.9978
5.35623	34.2521
5.35071	34.4535
5.34519	34.3017
5.33968	34.2356
5.33419	34.3015
5.32871	34.3028
5.32324	34.4258
5.31778	34.5817
5.31233	34.7557
5.30689	34.9319
5.30147	35.0506
5.29605	35.1881
5.29065	35.3708
5.28525	35.4362
5.27987	35.5402
5.2745	35.652
5.26914	35.7314
5.26379	35.8344
5.25845	35.9398
5.25312	36.0179
5.24781	36.1135
5.2425	36.2246
5.23721	36.4079
5.23192	36.5172
5.22665	36.66
5.22138	36.796
5.21613	37.0451
5.21089	37.1794
5.20566	37.2268
5.20044	37.3647
5.19522	37.4057
5.19002	37.4357
5.18483	37.5287
5.17965	37.6674
5.17448	37.7807
5.16933	37.8885
5.16418	38.0158
5.15904	38.0548
5.15391	38.1764
5.14879	38.4212
5.14368	38.443
5.13859	38.2859
5.1335	38.2176
5.12842	38.1877
5.12335	38.1996
5.1183	38.0916
5.11325	37.9352
5.10821	37.8351
5.10318	37.7211
5.09817	37.5947
5.09316	37.4187
5.08816	37.2079
5.08317	37.0233
5.07819	36.7174
5.07322	36.4363
5.06826	36.1874
5.06331	35.9559
5.05837	35.6455
5.05344	35.3057
5.04852	34.9885
5.04361	34.5272
5.03871	34.0406
5.03382	33.6522
5.02894	33.2285
5.02406	32.8161
5.0192	32.4061
5.01435	31.9332
5.0095	31.4983
5.00467	31.2214
4.99984	30.9403
4.99502	30.5681
4.99021	30.2214
4.98542	29.9397
4.98063	29.6516
4.97585	29.4037
4.97108	29.298
4.96632	29.1864
4.96156	29.0832
4.95682	29.0633
4.95209	28.9431
4.94736	28.8954
4.94264	28.9338
4.93794	28.9581
4.93324	28.9817
4.92855	28.929
4.92387	28.9043
4.9192	28.783
4.91453	28.5878
4.90988	28.4449
4.90524	28.2451
4.9006	27.9882
4.89597	27.7337
4.89135	27.456
4.88674	27.0795
4.88214	26.6981
4.87755	26.4546
4.87296	26.282
4.86839	26.0538
4.86382	25.869
4.85926	25.7536
4.85471	25.6216
4.85017	25.4657
4.84564	25.2394
4.84111	25.1045
4.8366	25.0855
4.83209	25.1122
4.82759	25.1671
4.8231	25.1948
4.81862	25.2064
4.81415	25.2303
4.80968	25.3105
4.80522	25.3486
4.80077	25.3638
4.79633	25.391
4.7919	25.3743
4.78747	25.3087
4.78306	25.2422
4.77865	25.0923
4.77425	24.8902
4.76986	24.7176
4.76547	24.5432
4.7611	24.3105
4.75673	24.1095
4.75237	23.9922
4.74802	23.9398
4.74367	23.8742
4.73934	23.9085
4.73501	23.9908
4.73069	24.1109
4.72638	24.1471
4.72207	24.1383
4.71777	24.1194
4.71348	24.1185
4.7092	24.1965
4.70493	24.3429
4.70066	24.4723
4.69641	24.5922
4.69216	24.7245
4.68791	24.8861
4.68368	25.0754
4.67945	25.2416
4.67523	25.3237
4.67102	25.4536
4.66682	25.6085
4.66262	25.6379
4.65843	25.6369
4.65425	25.6758
4.65007	25.719
4.64591	25.6892
4.64175	25.658
4.6376	25.6765
4.63345	25.7674
4.62932	25.7764
4.62519	25.751
4.62106	25.8016
4.61695	25.9093
4.61284	26.0513
4.60874	26.083
4.60465	26.0808
4.60056	26.2183
4.59648	26.3561
4.59241	26.4086
4.58835	26.445
4.58429	26.3912
4.58024	26.3823
4.5762	26.3787
4.57216	26.3496
4.56814	26.3383
4.56411	26.2507
4.5601	26.234
4.55609	26.2316
4.55209	26.1893
4.5481	26.1629
4.54411	26.1539
4.54013	26.1164
4.53616	26.0307
4.5322	26.0358
4.52824	26.0665
4.52429	26.0649
4.52034	26.121
4.51641	26.2178
4.51247	26.3332
4.50855	26.4262
4.50463	26.5604
4.50072	26.6798
4.49682	26.8058
4.49292	26.9413
4.48903	27.1036
4.48515	27.2169
4.48127	27.3001
4.4774	27.4894
4.47354	27.5632
4.46968	27.6082
4.46584	27.6209
4.46199	27.5626
4.45815	27.5684
4.45432	27.5451
4.4505	27.4311
4.44668	27.3648
4.44287	27.2906
4.43907	27.1653
4.43527	26.9805
4.43148	26.8322
4.4277	26.6868
4.42392	26.599
4.42015	26.4892
4.41638	26.3894
4.41262	26.2683
4.40887	26.2189
4.40513	26.2734
4.40139	26.3064
4.39765	26.3136
4.39393	26.3576
4.39021	26.451
4.38649	26.5579
4.38278	26.6118
4.37908	26.7575
4.37539	26.926
4.3717	27.0189
4.36801	27.1866
4.36434	27.332
4.36067	27.4625
4.357	27.5878
4.35335	27.589
4.34969	27.6359
4.34605	27.7226
4.34241	27.7615
4.33877	27.7747
4.33514	27.7681
4.33152	27.7377
4.32791	27.6289
4.3243	27.5216
4.32069	27.4199
4.3171	27.2717
4.31351	27.1282
4.30992	26.9165
4.30634	26.6261
4.30277	26.3053
4.2992	26.0276
4.29564	25.7155
4.29208	25.4457
4.28853	25.2467
4.28499	24.9237
4.28145	24.6781
4.27792	24.6726
4.27439	24.5781
4.27087	24.4573
4.26735	24.4263
4.26384	24.4931
4.26034	24.5823
4.25684	24.6483
4.25335	24.7561
4.24986	24.8712
4.24638	24.9084
4.24291	24.9548
4.23944	25.0215
4.23598	24.9849
4.23252	24.8887
4.22906	24.7142
4.22562	24.5392
4.22218	24.3683
4.21874	24.1728
4.21531	23.9809
4.21189	23.8112
4.20847	23.7075
4.20506	23.5413
4.20165	23.2981
4.19825	23.1079
4.19485	23.0448
4.19146	23.0394
4.18807	23.1192
4.18469	23.2836
4.18132	23.4353
4.17795	23.6947
4.17458	24.0966
4.17123	24.5232
4.16787	24.9676
4.16453	25.4234
4.16118	25.975
4.15785	26.5999
4.15451	27.2372
4.15119	27.8288
4.14787	28.4852
4.14455	29.1879
4.14124	29.9507
4.13794	30.7616
4.13464	31.5017
4.13134	32.2728
4.12805	32.9767
4.12477	33.5894
4.12149	34.2793
4.11822	34.8186
4.11495	35.2528
4.11168	35.7461
4.10843	36.3008
4.10517	36.7995
4.10192	37.1704
4.09868	37.5004
4.09545	37.8875
4.09221	38.2398
4.08899	38.5661
4.08576	38.8134
4.08255	39.0226
4.07933	39.2604
4.07613	39.5358
4.07292	39.7303
4.06973	39.9172
4.06654	40.1505
4.06335	40.3723
4.06017	40.4606
4.05699	40.6018
4.05382	40.7096
4.05065	40.7909
4.04749	40.9427
4.04433	41.0836
4.04118	41.2067
4.03803	41.2771
4.03489	41.3583
4.03175	41.3974
4.02862	41.3843
4.02549	41.3876
4.02237	41.4772
4.01925	41.6432
4.01614	41.6862
4.01303	41.6319
4.00993	41.63
4.00683	41.627
4.00373	41.5881
4.00064	41.6214
3.99756	41.6454
3.99448	41.6496
3.9914	41.6906
3.98833	41.7486
3.98527	41.7484
3.98221	41.6933
3.97915	41.739
3.9761	41.9327
3.97305	42.1376
3.97001	42.2254
3.96697	42.2345
3.96394	42.3201
3.96091	42.4002
3.95789	42.3946
3.95487	42.3882
3.95186	42.3999
3.94885	42.4909
3.94584	42.4703
3.94284	42.4405
3.93984	42.5084
3.93685	42.5526
3.93386	42.6391
3.93088	42.6744
3.9279	42.6189
3.92493	42.6049
3.92196	42.6199
3.919	42.6436
3.91604	42.6402
3.91308	42.6475
3.91013	42.6279
3.90718	42.5846
3.90424	42.6022
3.9013	42.5873
3.89837	42.5524
3.89544	42.4924
3.89252	42.498
3.8896	42.5155
3.88668	42.5444
3.88377	42.5438
3.88086	42.4987
3.87796	42.4497
3.87506	42.4516
3.87217	42.4284
3.86928	42.3509
3.86639	42.3552
3.86351	42.4584
3.86064	42.4831
3.85776	42.4911
3.8549	42.5334
3.85203	42.5749
3.84917	42.6622
3.84631	42.7299
3.84346	42.7659
3.84062	42.7704
3.83777	42.8092
3.83494	42.8565
3.8321	42.8604
3.82927	42.9421
3.82644	43.0063
3.82362	43.0145
3.82081	43.0097
3.81799	43.1142
3.81518	43.1866
3.81238	43.1633
3.80958	43.2383
3.80678	43.3638
3.80399	43.4649
3.8012	43.4452
3.79841	43.3895
3.79563	43.4222
3.79286	43.4461
3.79008	43.4776
3.78731	43.5118
3.78455	43.5635
3.78179	43.5559
3.77903	43.5525
3.77628	43.5947
3.77353	43.6122
3.77079	43.5948
3.76805	43.5666
3.76531	43.4913
3.76258	43.4345
3.75985	43.4422
3.75713	43.5059
3.7544	43.5396
3.75169	43.5488
3.74898	43.5241
3.74627	43.5409
3.74356	43.5426
3.74086	43.4425
3.73816	43.3898
3.73547	43.4542
3.73278	43.5
3.7301	43.4374
3.72741	43.3053
3.72474	43.227
3.72206	43.2078
3.71939	43.2365
3.71673	43.2535
3.71406	43.245
3.71141	43.2166
3.70875	43.1645
3.7061	43.1477
3.70345	43.1767
3.70081	43.1557
3.69817	43.0118
3.69553	42.9823
3.6929	42.9512
3.69027	42.8634
3.68765	42.8314
3.68503	42.7672
3.68241	42.7636
3.6798	42.723
3.67719	42.636
3.67458	42.6274
3.67198	42.5422
3.66938	42.4239
3.66678	42.3291
3.66419	42.2549
3.66161	42.2116
3.65902	42.1752
3.65644	42.1406
3.65387	42.0118
3.65129	41.8955
3.64872	41.8439
3.64616	41.8388
3.64359	41.8455
3.64103	41.719
3.63848	41.5572
3.63593	41.5191
3.63338	41.3912
3.63084	41.2724
3.6283	41.2813
3.62576	41.1603
3.62322	41.0736
3.62069	41.005
3.61817	40.8888
3.61564	40.8304
3.61312	40.7972
3.61061	40.7025
3.6081	40.63
3.60559	40.585
3.60308	40.495
3.60058	40.4007
3.59808	40.2946
3.59558	40.2644
3.59309	40.1505
3.59061	40.1043
3.58812	40.0828
3.58564	39.9898
3.58316	39.8843
3.58069	39.8475
3.57822	39.8394
3.57575	39.7779
3.57328	39.7405
3.57082	39.7638
3.56836	39.7013
3.56591	39.5498
3.56346	39.4492
3.56101	39.4052
3.55857	39.3484
3.55613	39.2855
3.55369	39.1874
3.55126	39.0857
3.54883	38.902
3.5464	38.7685
3.54397	38.6878
3.54155	38.7162
3.53914	38.6783
3.53672	38.5038
3.53431	38.4189
3.5319	38.3428
3.5295	38.1999
3.5271	38.1416
3.5247	38.0638
3.52231	37.954
3.51991	37.8015
3.51753	37.6742
3.51514	37.6311
3.51276	37.5038
3.51038	37.3875
3.50801	37.2962
3.50563	37.1995
3.50327	37.0988
3.5009	36.9594
3.49854	36.8581
3.49618	36.7508
3.49382	36.6354
3.49147	36.5649
3.48912	36.5091
3.48677	36.3751
3.48443	36.289
3.48209	36.2144
3.47975	36.1555
3.47742	36.0455
3.47509	35.962
3.47276	35.9122
3.47044	35.8929
3.46812	35.8132
3.4658	35.5461
3.46348	35.4502
3.46117	35.5042
3.45886	35.3741
3.45656	35.2464
3.45425	35.1528
3.45195	35.1457
3.44966	35.2006
3.44736	35.1228
3.44507	35.019
3.44279	35.0037
3.4405	34.947
3.43822	34.7818
3.43594	34.6974
3.43367	34.6908
3.43139	34.6925
3.42912	34.6571
3.42686	34.5958
3.42459	34.48
3.42233	34.345
3.42007	34.2552
3.41782	34.247
3.41557	34.2267
3.41332	34.14
3.41108	34.0941
3.40883	33.9748
3.40659	33.8311
3.40435	33.7992
3.40212	33.7437
3.39989	33.5973
3.39766	33.5352
3.39544	33.5758
3.39322	33.5197
3.391	33.3721
3.38878	33.2244
3.38657	33.1306
3.38436	33.1118
3.38215	33.1144
3.37994	33.0744
3.37774	32.9636
3.37554	32.7598
3.37335	32.5729
3.37115	32.5622
3.36896	32.4976
3.36678	32.3813
3.36459	32.3562
3.36241	32.291
3.36023	32.1703
3.35805	32.0594
3.35588	32.0071
3.35371	31.9327
3.35154	31.8514
3.34938	31.7066
3.34721	31.6393
3.34505	31.5085
3.3429	31.3119
3.34074	31.1931
3.33859	31.084
3.33644	30.9616
3.3343	30.8151
3.33215	30.6859
3.33001	30.6081
3.32788	30.5075
3.32574	30.4326
3.32361	30.3703
3.32148	30.2827
3.31936	30.0472
3.31723	29.8251
3.31511	29.6331
3.31299	29.5082
3.31088	29.4031
3.30876	29.2612
3.30665	29.177
3.30455	29.0136
3.30244	28.794
3.30034	28.5943
3.29824	28.3661
3.29614	28.2021
3.29405	28.0605
3.29196	27.963
3.28987	27.7283
3.28778	27.429
3.2857	27.2519
3.28362	27.082
3.28154	26.8658
3.27946	26.74
3.27739	26.6166
3.27532	26.3554
3.27325	26.2
3.27119	26.1513
3.26913	26.0972
3.26707	25.9612
3.26501	25.7727
3.26295	25.6254
3.2609	25.4821
3.25885	25.2953
3.2568	25.1845
3.25476	25.1547
3.25272	25.1241
3.25068	24.9466
3.24864	24.874
3.24661	24.8058
3.24458	24.7511
3.24255	24.7361
3.24052	24.6177
3.2385	24.4257
3.23648	24.3678
3.23446	24.3473
3.23244	24.3093
3.23043	24.2611
3.22841	24.1615
3.2264	24.0858
3.2244	24.0794
3.22239	23.9466
3.22039	23.8513
3.21839	23.8838
3.2164	23.9192
3.2144	23.8464
3.21241	23.8653
3.21042	23.9636
3.20844	23.9421
3.20645	23.8495
3.20447	23.7474
3.20249	23.7317
3.20051	23.6786
3.19854	23.5376
3.19657	23.5155
3.1946	23.5521
3.19263	23.4447
3.19067	23.2969
3.1887	23.1994
3.18674	23.1741
3.18479	23.0812
3.18283	22.9154
3.18088	22.8386
3.17893	22.6752
3.17698	22.4999
3.17504	22.4288
3.17309	22.3568
3.17115	22.1961
3.16921	22.0131
3.16728	21.8842
3.16534	21.8179
3.16341	21.6574
3.16148	21.5329
3.15956	21.4315
3.15763	21.2467
3.15571	21.0937
3.15379	20.9435
3.15187	20.8085
3.14996	20.7609
3.14805	20.5797
3.14614	20.4432
3.14423	20.2302
3.14232	20.0714
3.14042	19.9659
3.13852	19.8531
3.13662	19.6937
3.13472	19.552
3.13283	19.3931
3.13094	19.2206
3.12905	19.1281
3.12716	18.956
3.12528	18.6369
3.12339	18.4456
3.12151	18.48
3.11964	18.4358
3.11776	18.2152
3.11589	17.9457
3.11401	17.6709
3.11214	17.4208
3.11028	17.2705
3.10841	17.2495
3.10655	17.0746
3.10469	16.8489
3.10283	16.7056
3.10098	16.6872
3.09912	16.5587
3.09727	16.3375
3.09542	16.1468
3.09358	16.0348
3.09173	15.9251
3.08989	15.8274
3.08805	15.6795
3.08621	15.6811
3.08437	15.5729
3.08254	15.4679
3.08071	15.486
3.07888	15.4968
3.07705	15.3971
3.07523	15.3366
3.0734	15.2464
3.07158	15.2299
3.06977	15.2674
3.06795	15.1694
3.06613	15.0952
3.06432	15.1852
3.06251	15.3061
3.0607	15.3146
3.0589	15.3064
3.0571	15.372
3.05529	15.4183
3.05349	15.5006
3.0517	15.4464
3.0499	15.405
3.04811	15.5855
3.04632	15.6938
3.04453	15.7124
3.04274	15.8499
3.04096	15.8606
3.03918	15.6011
3.0374	15.4474
3.03562	15.5339
3.03384	15.6214
3.03207	15.4286
3.03029	15.173
3.02852	15.0478
3.02676	14.8393
3.02499	14.5092
3.02323	14.292
3.02146	14.023
3.0197	13.5622
3.01795	13.1402
3.01619	12.8475
3.01444	12.4965
3.01269	11.9759
3.01094	11.5035
3.00919	11.235
3.00744	10.8542
3.0057	10.3946
3.00396	9.92842
3.00222	9.51382
3.00048	9.1284
2.99875	8.8088
2.99701	8.58127
2.99528	8.44521
2.99355	8.01414
2.99183	7.51599
2.9901	7.38823
2.98838	7.19044
2.98666	6.95136
2.98494	6.67787
2.98322	6.54944
2.9815	6.5239
2.97979	6.30917
2.97808	6.1241
2.97637	5.93655
2.97466	5.91772
2.97295	5.80581
2.97125	5.49293
2.96955	5.30704
2.96785	5.22426
2.96615	5.35665
2.96446	5.54272
2.96276	5.2186
2.96107	4.93726
2.95938	4.93374
2.95769	4.90245
2.95601	5.04588
2.95432	5.00043
2.95264	4.86524
2.95096	4.94384
2.94928	5.00326
2.9476	5.05757
2.94593	5.10167
2.94425	5.07585
2.94258	4.97514
2.94092	5.00569
2.93925	5.15486
2.93758	5.16614
2.93592	5.21177
2.93426	5.39335
2.9326	5.48125
2.93094	5.46812
2.92928	5.57542
2.92763	5.81083
2.92598	5.99865
2.92433	6.2321
2.92268	6.55201
2.92103	6.87526
2.91939	7.24171
2.91775	7.76553
2.9161	8.36667
2.91447	9.10019
2.91283	9.7151
2.91119	10.1292
2.90956	10.7587
2.90793	11.5369
2.9063	12.3005
2.90467	12.896
2.90304	13.3009
2.90142	13.8219
2.89979	14.2605
2.89817	14.483
2.89656	14.7793
2.89494	15.157
2.89332	15.4531
2.89171	15.4996
2.8901	15.6284
2.88849	15.9692
2.88688	16.1263
2.88527	16.1304
2.88367	16.1437
2.88206	16.3748
2.88046	16.5901
2.87886	16.6085
2.87727	16.608
2.87567	16.5887
2.87408	16.7139
2.87248	16.8468
2.87089	16.9162
2.8693	16.9066
2.86772	16.9588
2.86613	16.9479
2.86455	16.9594
2.86297	16.8647
2.86139	16.7679
2.85981	16.899
2.85823	17.1114
2.85666	17.0963
2.85508	16.9797
2.85351	16.9499
2.85194	16.9415
2.85038	16.9797
2.84881	16.8021
2.84724	16.7089
2.84568	16.7436
2.84412	16.7925
2.84256	16.9777
2.841	17.3996
2.83945	17.7569
2.83789	18.0763
2.83634	18.5039
2.83479	18.6994
2.83324	18.7212
2.83169	18.7917
2.83015	18.9513
2.82861	19.2777
2.82706	19.653
2.82552	19.6942
2.82398	19.547
2.82245	19.6387
2.82091	19.9051
2.81938	20.1776
2.81784	20.6605
2.81631	21.4114
2.81479	22.3979
2.81326	23.2578
2.81173	23.9366
2.81021	24.6901
2.80869	25.4587
2.80716	26.0492
2.80565	26.6949
2.80413	27.4831
2.80261	28.1273
2.8011	28.3491
2.79959	28.7119
2.79808	29.0811
2.79657	29.557
2.79506	30.2073
2.79355	30.5475
2.79205	30.7764
2.79055	31.1779
2.78904	31.821
2.78754	32.4304
2.78605	32.5147
2.78455	32.4798
2.78306	32.7332
2.78156	33.049
2.78007	33.2611
2.77858	33.3929
2.77709	33.4046
2.77561	33.2528
2.77412	33.2713
2.77264	33.5452
2.77116	33.7562
2.76968	33.5896
2.7682	33.6328
2.76672	33.7067
2.76524	34.0592
2.76377	34.9145
2.7623	35.5198
2.76083	35.8603
2.75936	36.4743
2.75789	37.3155
2.75642	38.6381
2.75496	39.3497
2.7535	39.2059
2.75203	39.5736
2.75057	39.8749
2.74912	40.1352
2.74766	40.4535
2.7462	40.8963
2.74475	41.3337
2.7433	41.7775
2.74185	42.5334
2.7404	43.3911
2.73895	43.5554
2.7375	43.0639
2.73606	43.2022
2.73462	43.6367
2.73318	43.4566
2.73174	43.5212
2.7303	43.8433
2.72886	44.0862
2.72742	44.4014
2.72599	45.2254
2.72456	46.0132
2.72313	45.8809
2.7217	46.4687
2.72027	47.2065
2.71884	46.647
2.71742	46.5101
2.71599	46.4716
2.71457	46.5203
2.71315	46.8736
2.71173	48.0222
2.71032	48.5975
2.7089	48.2826
2.70748	48.0336
2.70607	48.0396
2.70466	48.167
2.70325	48.4597
2.70184	48.9106
2.70043	48.9561
2.69903	48.8935
2.69762	49.1092
2.69622	49.6611
2.69482	50.4348
2.69342	50.6305
2.69202	50.0122
2.69062	49.7693
2.68923	50.0058
2.68783	50.3388
2.68644	50.5584
2.68505	50.5772
2.68366	50.5833
2.68227	50.4421
2.68089	50.5515
2.6795	51.19
2.67812	51.4257
2.67673	51.6186
2.67535	51.1593
2.67397	50.6735
2.6726	50.8811
2.67122	52.203
2.66984	52.3635
2.66847	51.46
2.6671	52.0088
2.66572	52.1276
2.66435	51.4184
2.66299	50.5541
2.66162	50.5787
2.66025	50.6566
2.65889	50.5274
2.65753	50.2379
2.65616	50.3723
2.65481	50.3289
2.65345	50.5248
2.65209	50.6382
2.65073	50.2887
2.64938	50.0097
2.64803	49.9024
2.64667	50.1
2.64532	50.1591
2.64397	49.9391
2.64263	49.9991
2.64128	49.9398
2.63994	49.8473
2.63859	49.8171
2.63725	49.8019
2.63591	49.646
2.63457	49.8794
2.63323	49.8495
2.6319	50.0026
2.63056	50.6838
2.62923	50.0497
2.62789	49.751
2.62656	49.9562
2.62523	49.3404
2.6239	48.9267
2.62258	48.755
2.62125	49.4473
2.61993	49.5475
2.6186	49.1303
2.61728	49.5368
2.61596	49.029
2.61464	48.359
2.61332	48.5075
2.61201	48.4563
2.61069	48.5571
2.60938	48.8167
2.60807	48.913
2.60675	49.3379
2.60544	49.7182
2.60414	49.3167
2.60283	48.9913
2.60152	48.965
2.60022	48.9307
2.59891	48.9667
2.59761	49.2939
2.59631	50.3368
2.59501	51.7045
2.59371	50.856
2.59242	49.8415
2.59112	49.8545
2.58983	50.0225
2.58853	50.2126
2.58724	50.4641
2.58595	50.302
2.58466	50.8271
2.58338	51.1346
2.58209	50.7537
2.5808	50.6976
2.57952	50.4051
2.57824	50.6409
2.57695	51.0644
2.57567	50.8472
2.5744	51.0994
2.57312	51.4676
2.57184	50.9802
2.57057	51.1645
2.56929	51.434
2.56802	51.1674
2.56675	51.0602
2.56548	51.2872
2.56421	51.6318
2.56294	51.7654
2.56168	51.8571
2.56041	51.5953
2.55915	51.2621
2.55789	51.1534
2.55662	51.1927
2.55536	51.3659
2.5541	51.5475
2.55285	51.7267
2.55159	51.7649
2.55034	51.7902
2.54908	51.9226
2.54783	52.2178
2.54658	52.2827
2.54533	52.2713
2.54408	52.4593
2.54283	52.6996
2.54159	52.6169
2.54034	52.6643
2.5391	52.7793
2.53785	52.8564
2.53661	53.0884
2.53537	53.1213
2.53413	53.1563
2.53289	53.3531
2.53166	53.4231
2.53042	53.3942
2.52919	53.3502
2.52795	53.3688
2.52672	53.4925
2.52549	53.6544
2.52426	53.8292
2.52303	53.9197
2.52181	53.8739
2.52058	53.9181
2.51936	53.9525
2.51813	53.9226
2.51691	53.9634
2.51569	54.0827
2.51447	54.135
2.51325	54.1312
2.51203	54.1601
2.51082	54.2465
2.5096	54.3155
2.50839	54.3626
2.50717	54.3804
2.50596	54.3628
2.50475	54.4737
2.50354	54.5747
2.50233	54.6359
2.50113	54.6698
2.49992	54.6498
2.49872	54.5758
2.49751	54.5739
2.49631	54.6826
2.49511	54.8252
2.49391	54.8142
2.49271	54.8394
2.49151	54.9583
2.49031	55.0844
2.48912	55.2323
2.48792	55.3656
2.48673	55.3408
2.48554	55.3411
2.48435	55.6199
2.48316	55.8309
2.48197	55.9173
2.48078	56.0691
2.4796	56.2583
2.47841	56.3759
2.47723	56.415
2.47604	56.5113
2.47486	56.6822
2.47368	56.7297
2.4725	56.7845
2.47132	56.92
2.47014	57.0866
2.46897	57.181
2.46779	57.2993
2.46662	57.4909
2.46545	57.7261
2.46427	57.8732
2.4631	57.9851
2.46193	57.9698
2.46077	58.0841
2.4596	58.3139
2.45843	58.4536
2.45727	58.5735
2.4561	58.6643
2.45494	58.7803
2.45378	58.8786
2.45262	59.0109
2.45146	59.1241
2.4503	59.1734
2.44914	59.2989
2.44799	59.3754
2.44683	59.4565
2.44568	59.7189
2.44452	59.8793
2.44337	59.9739
2.44222	59.9523
2.44107	59.967
2.43992	60.022
2.43877	60.1329
2.43763	60.1334
2.43648	60.2139
2.43534	60.2529
2.43419	60.1519
2.43305	60.1198
2.43191	60.1337
2.43077	60.2473
2.42963	60.3466
2.42849	60.4373
2.42736	60.4766
2.42622	60.3857
2.42509	60.4211
2.42395	60.4736
2.42282	60.4742
2.42169	60.4178
2.42056	60.515
2.41943	60.6183
2.4183	60.5656
2.41717	60.5405
2.41605	60.4941
2.41492	60.3774
2.4138	60.138
2.41267	60.0674
2.41155	60.1727
2.41043	60.1436
2.40931	60.0117
2.40819	59.9476
2.40707	59.8761
2.40595	59.7493
2.40484	59.5859
2.40372	59.4372
2.40261	59.2409
2.4015	59.0624
2.40039	58.92
2.39928	58.6681
2.39817	58.4048
2.39706	58.0558
2.39595	57.7059
2.39484	57.3668
2.39374	56.9357
2.39263	56.3488
2.39153	55.8767
2.39043	55.3274
2.38932	54.5791
2.38822	53.8614
2.38712	53.2511
2.38603	52.5742
2.38493	51.8343
2.38383	50.9766
2.38274	50.1408
2.38164	49.2831
2.38055	48.416
2.37946	47.6256
2.37836	47.1354
2.37727	46.6607
2.37618	46.173
2.3751	45.6848
2.37401	45.4997
2.37292	45.7347
2.37184	46.4519
2.37075	47.2556
2.36967	48.0376
2.36859	48.9762
2.3675	50.0656
2.36642	51.1053
2.36534	52.0174
2.36427	52.8832
2.36319	53.6647
2.36211	54.3229
2.36104	55.0475
2.35996	55.8427
2.35889	56.6525
2.35781	57.3464
2.35674	58.0302
2.35567	58.684
2.3546	59.2294
2.35353	59.6793
2.35247	60.0671
2.3514	60.3311
2.35033	60.5705
2.34927	60.9244
2.3482	61.2682
2.34714	61.4497
2.34608	61.6486
2.34502	61.7121
2.34396	61.7274
2.3429	61.8582
2.34184	61.9312
2.34078	62.0674
2.33973	62.2316
2.33867	62.2411
2.33762	62.2275
2.33656	62.147
2.33551	62.1765
2.33446	62.2493
2.33341	62.3931
2.33236	62.4442
2.33131	62.3926
2.33026	62.4656
2.32922	62.528
2.32817	62.3328
2.32712	62.3272
2.32608	62.3832
2.32504	62.4866
2.324	62.6797
2.32295	62.6801
2.32191	62.5695
2.32087	62.46
2.31984	62.4142
2.3188	62.4578
2.31776	62.4563
2.31673	62.4331
2.31569	62.5013
2.31466	62.402
2.31362	62.2675
2.31259	62.2649
2.31156	62.332
2.31053	62.3314
2.3095	62.285
2.30847	62.3277
2.30745	62.3007
2.30642	62.1973
2.3054	62.0574
2.30437	62.0466
2.30335	62.1467
2.30232	62.1722
2.3013	62.0685
2.30028	62.0286
2.29926	61.9705
2.29824	61.9272
2.29722	61.9291
2.29621	61.9496
2.29519	61.8882
2.29417	61.7863
2.29316	61.6866
2.29215	61.6215
2.29113	61.5121
2.29012	61.3878
2.28911	61.1971
2.2881	61.0346
2.28709	61.029
2.28608	60.9965
2.28507	61.0177
2.28407	60.9891
2.28306	60.8463
2.28206	60.7027
2.28105	60.6531
2.28005	60.7209
2.27905	60.4562
2.27805	60.2764
2.27705	60.4237
2.27605	60.4748
2.27505	60.5165
2.27405	60.5329
2.27305	60.5404
2.27206	60.531
2.27106	60.5126
2.27007	60.4965
2.26907	60.5395
2.26808	60.5087
2.26709	60.3906
2.2661	60.4532
2.26511	60.4595
2.26412	60.3617
2.26313	60.3575
2.26214	60.3597
2.26116	60.3158
2.26017	60.234
2.25919	60.1086
2.2582	60.0005
2.25722	59.9958
2.25624	60.0575
2.25526	59.9548
2.25428	59.7769
2.2533	59.6579
2.25232	59.562
2.25134	59.4894
2.25036	59.4685
2.24939	59.3882
2.24841	59.3341
2.24744	59.2642
2.24646	59.1654
2.24549	59.2474
2.24452	59.1758
2.24355	58.9584
2.24257	58.8049
2.24161	58.8105
2.24064	58.839
2.23967	58.6998
2.2387	58.5079
2.23774	58.4395
2.23677	58.4057
2.23581	58.2025
2.23484	58.0689
2.23388	57.9739
2.23292	57.8711
2.23196	57.7669
2.231	57.7002
2.23004	57.6077
2.22908	57.4798
2.22812	57.4328
2.22716	57.3764
2.22621	57.3346
2.22525	57.1266
2.2243	56.8448
2.22334	56.7504
2.22239	56.7449
2.22144	56.5149
2.22049	56.4222
2.21953	56.5133
2.21859	56.4728
2.21764	56.362
2.21669	56.1507
2.21574	55.8108
2.21479	55.7377
2.21385	55.7897
2.2129	55.5534
2.21196	55.2432
2.21102	55.0374
2.21007	54.8033
2.20913	54.5084
2.20819	54.2858
2.20725	54.0024
2.20631	53.7512
2.20537	53.502
2.20444	53.2976
2.2035	53.0739
2.20256	52.7628
2.20163	52.3866
2.20069	52.0324
2.19976	51.6077
2.19883	51.2073
2.19789	50.8943
2.19696	50.6558
2.19603	50.2209
2.1951	49.6951
2.19417	49.4636
2.19325	49.3826
2.19232	49.2038
2.19139	48.9409
2.19047	48.7942
2.18954	48.4545
2.18862	47.9679
2.18769	47.8037
2.18677	47.7331
2.18585	47.3826
2.18493	47.1255
2.18401	46.9288
2.18309	46.6535
2.18217	46.4565
2.18125	46.3069
2.18033	46.1297
2.17942	45.8103
2.1785	45.5249
2.17759	45.4462
2.17667	45.3925
2.17576	45.2662
2.17485	45.0707
2.17393	44.8193
2.17302	44.5239
2.17211	44.5968
2.1712	44.7415
2.17029	44.9503
2.16939	45.3326
2.16848	45.9761
2.16757	46.7235
2.16667	47.5508
2.16576	48.6183
2.16486	49.7571
2.16395	50.9956
2.16305	51.9932
2.16215	53.0129
2.16125	54.2085
2.16035	55.2732
2.15945	55.94
2.15855	56.5319
2.15765	57.3675
2.15675	58.054
2.15586	58.4461
2.15496	58.9366
2.15406	59.4354
2.15317	59.8337
2.15228	60.0756
2.15138	60.3362
2.15049	60.5266
2.1496	60.7123
2.14871	61.0001
2.14782	61.1252
2.14693	61.1508
2.14604	61.4343
2.14515	61.5891
2.14427	61.7326
2.14338	61.6823
2.14249	61.6342
2.14161	61.7729
2.14072	61.9406
2.13984	61.8806
2.13896	61.9362
2.13808	62.0574
2.13719	62.0858
2.13631	62.1694
2.13543	62.1359
2.13455	62.1157
2.13368	62.334
2.1328	62.3307
2.13192	62.244
2.13105	62.2658
2.13017	62.2993
2.1293	62.3048
2.12842	62.4108
2.12755	62.4785
2.12668	62.5871
2.1258	62.535
2.12493	62.3384
2.12406	62.2348
2.12319	62.2782
2.12232	62.4306
2.12145	62.5407
2.12059	62.4441
2.11972	62.5858
2.11885	62.6815
2.11799	62.6857
2.11712	62.7775
2.11626	62.7254
2.1154	62.5754
2.11453	62.5867
2.11367	62.6097
2.11281	62.5676
2.11195	62.6453
2.11109	62.6871
2.11023	62.6151
2.10937	62.5827
2.10851	62.7546
2.10766	62.9083
2.1068	62.8761
2.10594	62.7938
2.10509	62.7333
2.10423	62.5955
2.10338	62.6462
2.10253	62.6635
2.10168	62.6124
2.10082	62.797
2.09997	63.0276
2.09912	62.9533
2.09827	62.8579
2.09742	62.8148
2.09658	62.9231
2.09573	63.0248
2.09488	62.994
2.09404	63.3759
2.09319	63.4936
2.09235	63.1255
2.0915	63.0388
2.09066	63.071
2.08982	63.2569
2.08897	63.3286
2.08813	63.0954
2.08729	62.9786
2.08645	63.0801
2.08561	63.1946
2.08477	63.1551
2.08394	63.0528
2.0831	62.8093
2.08226	62.773
2.08143	63.2107
2.08059	63.4833
2.07976	63.2508
2.07892	62.9715
2.07809	62.857
2.07726	62.5767
2.07643	62.8631
2.07559	63.2584
2.07476	63.5327
2.07393	63.2716
2.0731	62.81
2.07228	62.6132
2.07145	62.4099
2.07062	62.559
2.06979	62.6363
2.06897	62.8861
2.06814	63.1601
2.06732	63.1728
2.06649	62.7015
2.06567	62.3193
2.06485	62.6528
2.06403	62.9539
2.0632	62.878
2.06238	62.9281
2.06156	62.9721
2.06074	63.0178
2.05993	63.0216
2.05911	63.0579
2.05829	62.9101
2.05747	62.9172
2.05666	63.0726
2.05584	63.1215
2.05503	62.991
2.05421	62.984
2.0534	62.9723
2.05259	62.9567
2.05177	62.9876
2.05096	63.0514
2.05015	63.0921
2.04934	63.0746
2.04853	63.1506
2.04772	63.2843
2.04691	63.285
2.04611	63.3945
2.0453	63.2868
2.04449	63.1736
2.04369	63.327
2.04288	63.478
2.04208	63.4241
2.04127	63.3398
2.04047	63.3286
2.03967	63.3459
2.03886	63.3567
2.03806	63.387
2.03726	63.3399
2.03646	63.272
2.03566	63.2319
2.03486	63.4333
2.03407	63.4903
2.03327	63.6117
2.03247	63.7857
2.03167	63.6266
2.03088	63.3904
2.03008	63.2986
2.02929	63.5335
2.0285	63.487
2.0277	63.3446
2.02691	63.5127
2.02612	63.558
2.02533	63.4379
2.02453	63.3264
2.02374	63.356
2.02295	63.3897
2.02217	63.5357
2.02138	63.6178
2.02059	63.5613
2.0198	63.5031
2.01902	63.5627
2.01823	63.4828
2.01744	63.2172
2.01666	63.1969
2.01588	63.1994
2.01509	63.1064
2.01431	63.2316
2.01353	63.2939
2.01275	63.0879
2.01196	62.8611
2.01118	62.6898
2.0104	62.6397
2.00963	62.6941
2.00885	62.5467
2.00807	62.4304
2.00729	62.2921
2.00651	62.2231
2.00574	61.9696
2.00496	61.7657
2.00419	61.6066
2.00341	61.333
2.00264	61.186
2.00187	60.9754
2.00109	60.7611
2.00032	60.5863
