Name: Topaz Al_2SiO_4(F,OH)_2
Type: Mineral
Class: Silicates
Subclass: Nesosilicates
Particle Size: 0-45um
Sample No.: NS-6A
Owner: JPL
Wavelength range: IR
Origin: Australia, Western Australia, Grossmont
Collected by Ward's
Description: 





Measurement: Hemispherical reflectance
First Column: X
Second Column: Y
X Units:  Wavelength (micrometers)
Y Units:  Reflectance (percent)
First X Value: 15.3853
Last X Value: 2.00032
Number of X Values: 2256
Additional information: ns06aa.txt
 
15.3853	10.7983
15.3397	10.4743
15.2945	9.95011
15.2495	9.86343
15.2048	9.74466
15.1603	9.49161
15.1161	9.22342
15.0722	8.70131
15.0285	8.26098
14.9851	7.84377
14.9419	7.41195
14.8989	7.14011
14.8563	6.86293
14.8138	6.4764
14.7716	5.81003
14.7296	5.07134
14.6879	4.63348
14.6464	4.22409
14.6052	3.66364
14.5641	3.28665
14.5233	2.8354
14.4828	2.36555
14.4424	2.07029
14.4023	1.93374
14.3624	1.78158
14.3227	1.57442
14.2833	1.515
14.244	1.63269
14.205	1.79321
14.1662	1.73319
14.1276	1.54258
14.0892	1.48579
14.051	1.21101
14.0131	1.12522
13.9753	1.39495
13.9377	1.72121
13.9004	2.00304
13.8632	2.26712
13.8262	2.49723
13.7895	2.90388
13.7529	3.37198
13.7165	3.65821
13.6803	3.86097
13.6443	4.12842
13.6085	4.4572
13.5729	4.88912
13.5374	5.3365
13.5022	5.697
13.4671	5.88594
13.4322	6.25644
13.3975	6.53913
13.363	6.53829
13.3286	6.69136
13.2944	6.89891
13.2604	6.97019
13.2266	7.02584
13.193	7.1945
13.1595	7.29211
13.1262	7.19196
13.093	6.8189
13.06	6.4604
13.0272	6.27334
12.9946	6.09936
12.9621	6.00498
12.9298	6.3524
12.8976	6.85155
12.8656	7.44753
12.8337	8.26907
12.8021	9.01397
12.7705	9.484
12.7391	9.78582
12.7079	10.1064
12.6769	10.2833
12.6459	10.3253
12.6152	10.3865
12.5845	10.5873
12.5541	10.5667
12.5238	10.2722
12.4936	10.2536
12.4635	10.2761
12.4337	10.0842
12.4039	9.88911
12.3743	9.91939
12.3448	9.80875
12.3155	9.6995
12.2863	9.56294
12.2573	9.46611
12.2284	9.34642
12.1996	9.11485
12.171	8.91053
12.1425	8.85488
12.1141	8.79795
12.0859	8.62496
12.0578	8.55522
12.0298	8.39596
12.0019	8.52005
11.9742	8.6665
11.9466	8.54506
11.9192	8.57377
11.8918	8.72008
11.8646	8.77591
11.8375	8.82918
11.8106	8.89457
11.7837	9.05355
11.757	9.37384
11.7304	9.76843
11.7039	10.1877
11.6776	10.6054
11.6513	11.0722
11.6252	11.4566
11.5992	11.8351
11.5733	12.1185
11.5475	12.3579
11.5219	12.5186
11.4963	12.6
11.4709	12.7619
11.4455	12.8659
11.4203	12.9541
11.3952	12.9837
11.3702	13.0066
11.3454	13.1266
11.3206	13.0003
11.2959	12.6994
11.2714	12.4388
11.2469	12.3889
11.2226	12.3557
11.1983	12.3611
11.1742	12.4145
11.1502	12.5115
11.1263	12.4164
11.1024	12.1639
11.0787	12.0076
11.0551	11.9395
11.0316	11.7577
11.0081	11.4848
10.9848	11.4103
10.9616	11.455
10.9385	11.3403
10.9154	11.3541
10.8925	11.562
10.8697	11.6284
10.8469	11.5351
10.8243	11.4888
10.8017	11.4293
10.7793	11.2422
10.7569	11.1143
10.7346	11.1566
10.7125	11.3841
10.6904	11.6869
10.6684	12.022
10.6465	12.3754
10.6247	12.6105
10.6029	12.7475
10.5813	12.8699
10.5597	12.8625
10.5383	12.8302
10.5169	12.8601
10.4956	12.8144
10.4744	12.7598
10.4533	12.5657
10.4323	12.4824
10.4113	12.5065
10.3904	12.4304
10.3697	12.3169
10.349	12.1511
10.3284	11.9846
10.3078	11.8588
10.2874	11.6543
10.267	11.4137
10.2467	11.206
10.2265	10.6859
10.2064	10.2498
10.1863	9.95022
10.1663	9.66885
10.1464	9.45151
10.1266	9.37607
10.1069	9.36638
10.0872	9.41076
10.0676	9.46457
10.0481	9.50016
10.0287	9.48277
10.0093	9.66667
9.99005	9.93638
9.97084	10.132
9.95169	10.2604
9.93263	10.3573
9.91364	10.5001
9.89472	10.5931
9.87587	10.5582
9.8571	10.443
9.83839	10.232
9.81976	10.1213
9.80119	10.0733
9.78271	9.91828
9.76428	9.78525
9.74592	9.58608
9.72764	9.4836
9.70943	9.29587
9.69128	9.1171
9.6732	8.9295
9.65518	8.63338
9.63724	8.52423
9.61935	8.51044
9.60155	8.23375
9.5838	7.9874
9.56611	7.78206
9.5485	7.56862
9.53094	7.46375
9.51345	7.36006
9.49604	7.07401
9.47867	6.75655
9.46137	6.50065
9.44414	6.36949
9.42697	6.2355
9.40986	5.99827
9.39281	5.6119
9.37583	5.25855
9.35891	5.02679
9.34204	4.8992
9.32524	4.80665
9.3085	4.56419
9.29182	4.30166
9.27519	4.00811
9.25863	3.78946
9.24213	3.68657
9.22568	3.56674
9.2093	3.44193
9.19297	3.24681
9.17669	2.96342
9.16048	2.98492
9.14433	3.04987
9.12823	2.86171
9.11218	2.74295
9.0962	2.78593
9.08027	2.58589
9.06439	2.3204
9.04858	2.26459
9.03281	2.27241
9.0171	2.34076
9.00145	2.25563
8.98585	2.07829
8.9703	1.995
8.9548	2.03131
8.93937	2.12445
8.92398	2.02343
8.90865	1.99271
8.89337	2.0565
8.87814	2.07937
8.86296	2.06631
8.84784	2.02218
8.83277	1.92479
8.81774	1.79473
8.80277	1.79992
8.78786	1.74835
8.77298	1.73424
8.75816	1.73056
8.7434	1.76478
8.72868	1.76144
8.714	1.60579
8.69938	1.59044
8.68481	1.51538
8.67029	1.34132
8.65581	1.24974
8.64139	1.2646
8.62701	1.28166
8.61268	1.35889
8.5984	1.40308
8.58416	1.39167
8.56997	1.46902
8.55583	1.47994
8.54174	1.36934
8.52769	1.40595
8.51368	1.50292
8.49973	1.63562
8.48582	1.80962
8.47195	1.97176
8.45813	2.10644
8.44436	2.25899
8.43062	2.34676
8.41693	2.40751
8.4033	2.39371
8.3897	2.33048
8.37614	2.33115
8.36264	2.40517
8.34917	2.62674
8.33574	2.81976
8.32236	2.84408
8.30903	2.95097
8.29573	3.21224
8.28248	3.38043
8.26927	3.45177
8.2561	3.46029
8.24298	3.59523
8.2299	3.78213
8.21685	3.85134
8.20385	4.0413
8.19089	4.22633
8.17797	4.28435
8.16509	4.36085
8.15225	4.5841
8.13946	4.79093
8.1267	4.96246
8.11398	5.05672
8.10131	5.24582
8.08867	5.38392
8.07606	5.35912
8.0635	5.4908
8.05099	5.668
8.0385	5.83381
8.02606	5.98808
8.01366	6.12443
8.00129	6.29227
7.98896	6.40078
7.97667	6.51345
7.96442	6.56154
7.9522	6.78283
7.94002	7.08499
7.92788	7.23435
7.91578	7.44251
7.90371	7.68119
7.89168	7.82322
7.87969	7.97936
7.86773	8.13459
7.85581	8.33732
7.84392	8.5247
7.83207	8.71262
7.82026	8.90614
7.80849	9.15893
7.79674	9.42067
7.78503	9.63237
7.77337	9.80569
7.76173	10.0358
7.75012	10.2863
7.73856	10.4529
7.72703	10.4874
7.71553	10.5162
7.70406	10.6375
7.69263	10.8317
7.68123	10.9606
7.66987	11.0256
7.65855	11.2008
7.64725	11.3868
7.63598	11.4969
7.62475	11.6528
7.61356	11.7721
7.60239	11.8943
7.59126	12.1136
7.58017	12.353
7.5691	12.4797
7.55806	12.6011
7.54707	12.7792
7.5361	12.9772
7.52516	13.2081
7.51425	13.3872
7.50338	13.5766
7.49253	13.7721
7.48172	13.9933
7.47094	14.206
7.46019	14.4065
7.44947	14.5122
7.43879	14.6191
7.42813	14.8058
7.4175	14.9398
7.4069	15.0529
7.39634	15.2589
7.3858	15.4978
7.37529	15.6681
7.36482	15.8944
7.35437	16.1486
7.34396	16.3685
7.33357	16.6128
7.32321	16.7915
7.31288	16.9376
7.30258	17.0545
7.29231	17.1479
7.28207	17.4138
7.27185	17.6195
7.26167	17.6028
7.25152	17.7683
7.24139	17.98
7.23129	18.132
7.22122	18.3377
7.21117	18.6609
7.20116	18.7975
7.19117	18.7893
7.18121	19.0089
7.17128	19.3428
7.16137	19.434
7.1515	19.5576
7.14164	19.6585
7.13182	19.663
7.12203	19.8248
7.11225	19.9585
7.10251	20.0482
7.0928	20.1126
7.08311	20.1899
7.07344	20.2419
7.06381	20.353
7.0542	20.8034
7.04461	21.1204
7.03506	20.813
7.02552	20.7136
7.01601	20.7526
7.00653	20.859
6.99708	21.1283
6.98765	21.2761
6.97824	21.3437
6.96886	21.7066
6.95951	22.1997
6.95018	22.0014
6.94087	21.9505
6.9316	22.1063
6.92234	22.3023
6.91311	22.5647
6.90391	22.7952
6.89473	22.8176
6.88557	22.9112
6.87644	23.2743
6.86733	24.2465
6.85824	24.3716
6.84918	23.7249
6.84015	23.5203
6.83114	23.844
6.82215	24.0241
6.81319	23.8386
6.80424	23.8882
6.79532	24.4395
6.78643	24.6756
6.77756	24.3681
6.76871	24.1951
6.75989	24.0928
6.75109	24.1762
6.74231	24.2215
6.73355	24.3821
6.72482	24.695
6.71611	25.0558
6.70742	25.1111
6.69875	24.8477
6.69011	25.1626
6.68149	25.7586
6.67289	25.7295
6.66431	25.6136
6.65576	25.6502
6.64722	26.4125
6.63871	27.6119
6.63022	27.2569
6.62175	26.5449
6.61331	26.5594
6.60488	26.7026
6.59648	27.1513
6.5881	27.3898
6.57974	27.848
6.5714	28.3442
6.56308	27.849
6.55478	27.8042
6.54651	27.7264
6.53825	27.5391
6.53001	27.7334
6.5218	28.2069
6.51361	28.0144
6.50544	28.3108
6.49729	29.5959
6.48915	29.7858
6.48104	29.0872
6.47295	28.6927
6.46488	28.417
6.45683	28.4794
6.4488	28.6335
6.44079	28.8768
6.4328	29.3132
6.42482	29.8309
6.41687	31.1653
6.40894	30.866
6.40103	29.4721
6.39314	29.1697
6.38526	29.1904
6.37741	29.5029
6.36957	29.8602
6.36176	29.5586
6.35396	29.7434
6.34618	30.5105
6.33843	30.171
6.33069	29.6086
6.32297	29.676
6.31527	29.6565
6.30758	29.6538
6.29992	29.7403
6.29227	29.8207
6.28465	29.7686
6.27704	29.8136
6.26945	29.9365
6.26188	29.9849
6.25432	29.9291
6.24679	29.9692
6.23927	30.0599
6.23177	30.1271
6.22429	30.166
6.21683	30.255
6.20938	30.2605
6.20195	30.2009
6.19454	30.4735
6.18715	31.1833
6.17978	30.8545
6.17242	30.2973
6.16508	30.5576
6.15776	30.7748
6.15045	30.5768
6.14317	30.5096
6.1359	30.3722
6.12864	30.3208
6.12141	30.8949
6.11419	31.701
6.10699	31.1561
6.0998	30.5874
6.09263	30.6127
6.08549	30.866
6.07835	31.6403
6.07123	32.1183
6.06413	31.7297
6.05705	32.4401
6.04998	34.2281
6.04293	33.3148
6.0359	32.0567
6.02888	31.9155
6.02187	32.2488
6.01489	32.7919
6.00792	32.7459
6.00096	32.7646
5.99403	33.4273
5.98711	33.716
5.9802	33.405
5.97331	33.6862
5.96644	33.8633
5.95958	33.37
5.95274	33.3111
5.94591	33.6343
5.9391	34.711
5.9323	34.2658
5.92552	33.1257
5.91876	32.8701
5.91201	32.6953
5.90528	32.8905
5.89856	33.8697
5.89186	33.7622
5.88517	34.0512
5.8785	34.2236
5.87184	32.9596
5.8652	32.7971
5.85857	32.5828
5.85196	32.1609
5.84536	31.9268
5.83878	32.0285
5.83221	32.3592
5.82566	32.9999
5.81912	32.899
5.81259	31.9593
5.80608	31.537
5.79959	31.4725
5.79311	31.4437
5.78665	31.5333
5.78019	31.7661
5.77376	32.4321
5.76734	33.4015
5.76093	32.8486
5.75453	32.3473
5.74815	32.7513
5.74179	32.7022
5.73543	32.6554
5.7291	32.6464
5.72277	32.8098
5.71646	33.0509
5.71017	33.0779
5.70389	32.5412
5.69762	32.2874
5.69136	32.2884
5.68513	31.9257
5.6789	31.855
5.67268	31.5956
5.66648	31.0681
5.6603	30.9915
5.65413	30.8907
5.64797	30.7429
5.64182	30.6536
5.63569	29.7343
5.62957	28.8822
5.62347	28.3164
5.61737	27.8773
5.61129	27.3123
5.60522	26.7496
5.59917	26.2349
5.59313	25.6771
5.5871	25.3525
5.58109	25.2133
5.57509	24.6709
5.5691	23.9487
5.56312	23.5196
5.55716	23.2365
5.55121	22.9627
5.54528	22.6279
5.53935	22.4304
5.53344	22.326
5.52754	22.3132
5.52166	22.2429
5.51578	22.1375
5.50992	22.1542
5.50407	22.234
5.49823	22.2623
5.49241	22.3702
5.4866	22.4878
5.4808	22.7557
5.47501	22.851
5.46923	23.0563
5.46347	23.3521
5.45772	23.3486
5.45198	23.422
5.44625	23.6221
5.44054	23.765
5.43484	23.8792
5.42914	24.1525
5.42347	24.561
5.4178	24.4261
5.41214	24.223
5.4065	24.1326
5.40087	23.99
5.39525	24.0486
5.38964	24.1114
5.38404	24.1547
5.37846	24.1703
5.37288	24.2103
5.36732	24.2816
5.36177	24.4538
5.35623	24.7522
5.35071	25.1052
5.34519	25.1172
5.33968	25.1175
5.33419	25.3142
5.32871	25.5628
5.32324	25.782
5.31778	26.0304
5.31233	26.3225
5.30689	26.575
5.30147	26.8109
5.29605	27.0932
5.29065	27.3709
5.28525	27.5912
5.27987	27.9343
5.2745	28.2698
5.26914	28.5547
5.26379	28.9183
5.25845	29.3754
5.25312	29.8203
5.24781	30.2383
5.2425	30.7812
5.23721	31.3686
5.23192	31.8337
5.22665	32.3227
5.22138	32.8245
5.21613	33.4207
5.21089	33.8261
5.20566	34.1096
5.20044	34.5287
5.19522	34.8654
5.19002	35.1997
5.18483	35.5218
5.17965	35.7586
5.17448	36.0465
5.16933	36.3626
5.16418	36.5659
5.15904	36.7297
5.15391	37.0114
5.14879	37.3274
5.14368	37.4581
5.13859	37.6091
5.1335	37.807
5.12842	37.9847
5.12335	38.1711
5.1183	38.3123
5.11325	38.4362
5.10821	38.5862
5.10318	38.8254
5.09817	39.0278
5.09316	39.1559
5.08816	39.3455
5.08317	39.6226
5.07819	39.7218
5.07322	39.7636
5.06826	39.9354
5.06331	40.1182
5.05837	40.2253
5.05344	40.3202
5.04852	40.3916
5.04361	40.4816
5.03871	40.5841
5.03382	40.6819
5.02894	40.7707
5.02406	40.8885
5.0192	40.9452
5.01435	40.8688
5.0095	40.9013
5.00467	40.9568
4.99984	40.9552
4.99502	40.9772
4.99021	40.9583
4.98542	40.9057
4.98063	40.7767
4.97585	40.7215
4.97108	40.6697
4.96632	40.6237
4.96156	40.6615
4.95682	40.7247
4.95209	40.6949
4.94736	40.6992
4.94264	40.8703
4.93794	41.1315
4.93324	41.425
4.92855	41.6142
4.92387	41.7743
4.9192	42.0654
4.91453	42.3743
4.90988	42.5624
4.90524	42.7997
4.9006	43.1038
4.89597	43.249
4.89135	43.3349
4.88674	43.454
4.88214	43.626
4.87755	43.814
4.87296	43.9578
4.86839	44.072
4.86382	44.2137
4.85926	44.2178
4.85471	44.2234
4.85017	44.2796
4.84564	44.3961
4.84111	44.4813
4.8366	44.5363
4.83209	44.6291
4.82759	44.7525
4.8231	44.867
4.81862	44.8486
4.81415	44.7763
4.80968	44.8292
4.80522	44.9163
4.80077	44.9933
4.79633	45.0195
4.7919	45.0228
4.78747	45.0372
4.78306	45.0975
4.77865	45.1429
4.77425	45.2019
4.76986	45.1786
4.76547	45.1718
4.7611	45.1672
4.75673	45.2201
4.75237	45.2743
4.74802	45.2653
4.74367	45.2877
4.73934	45.349
4.73501	45.473
4.73069	45.5135
4.72638	45.4591
4.72207	45.4198
4.71777	45.4622
4.71348	45.48
4.7092	45.5157
4.70493	45.5451
4.70066	45.5073
4.69641	45.4538
4.69216	45.4496
4.68791	45.4844
4.68368	45.5432
4.67945	45.6146
4.67523	45.6269
4.67102	45.6221
4.66682	45.6297
4.66262	45.6367
4.65843	45.626
4.65425	45.6009
4.65007	45.6808
4.64591	45.7102
4.64175	45.6954
4.6376	45.7525
4.63345	45.7924
4.62932	45.8067
4.62519	45.8376
4.62106	45.8434
4.61695	45.8161
4.61284	45.8308
4.60874	45.8704
4.60465	45.9598
4.60056	46.0185
4.59648	46.0092
4.59241	45.9879
4.58835	45.9755
4.58429	45.9767
4.58024	46.0202
4.5762	46.11
4.57216	46.1155
4.56814	46.115
4.56411	46.1294
4.5601	46.1039
4.55609	46.1408
4.55209	46.235
4.5481	46.2817
4.54411	46.2011
4.54013	46.166
4.53616	46.1928
4.5322	46.2646
4.52824	46.3675
4.52429	46.3823
4.52034	46.3989
4.51641	46.4092
4.51247	46.396
4.50855	46.4171
4.50463	46.4484
4.50072	46.4664
4.49682	46.4819
4.49292	46.443
4.48903	46.4175
4.48515	46.4561
4.48127	46.5592
4.4774	46.642
4.47354	46.6442
4.46968	46.6228
4.46584	46.6057
4.46199	46.638
4.45815	46.6333
4.45432	46.6421
4.4505	46.6819
4.44668	46.6658
4.44287	46.7072
4.43907	46.6996
4.43527	46.6754
4.43148	46.6761
4.4277	46.6569
4.42392	46.6379
4.42015	46.6771
4.41638	46.7213
4.41262	46.7401
4.40887	46.7564
4.40513	46.7468
4.40139	46.6268
4.39765	46.5953
4.39393	46.6033
4.39021	46.554
4.38649	46.5883
4.38278	46.6292
4.37908	46.5453
4.37539	46.4897
4.3717	46.4545
4.36801	46.3413
4.36434	46.2354
4.36067	46.1133
4.357	45.9478
4.35335	45.7269
4.34969	45.4405
4.34605	45.1866
4.34241	44.915
4.33877	44.5899
4.33514	44.1242
4.33152	43.4998
4.32791	42.8927
4.3243	42.3797
4.32069	41.8889
4.3171	41.5434
4.31351	41.4466
4.30992	41.6554
4.30634	42.1159
4.30277	42.6211
4.2992	43.1215
4.29564	43.6029
4.29208	44.0579
4.28853	44.3966
4.28499	44.711
4.28145	45.0047
4.27792	45.2858
4.27439	45.4513
4.27087	45.6249
4.26735	45.8318
4.26384	46.0654
4.26034	46.2401
4.25684	46.3429
4.25335	46.3789
4.24986	46.4313
4.24638	46.5096
4.24291	46.5265
4.23944	46.477
4.23598	46.5359
4.23252	46.6001
4.22906	46.6726
4.22562	46.7356
4.22218	46.7704
4.21874	46.8629
4.21531	46.944
4.21189	46.9548
4.20847	46.9811
4.20506	47.0773
4.20165	47.2042
4.19825	47.2483
4.19485	47.2366
4.19146	47.2254
4.18807	47.2517
4.18469	47.2576
4.18132	47.3198
4.17795	47.3757
4.17458	47.3207
4.17123	47.31
4.16787	47.3463
4.16453	47.3454
4.16118	47.3825
4.15785	47.4417
4.15451	47.4467
4.15119	47.3749
4.14787	47.3052
4.14455	47.3188
4.14124	47.3921
4.13794	47.5165
4.13464	47.4746
4.13134	47.4159
4.12805	47.4596
4.12477	47.466
4.12149	47.4898
4.11822	47.49
4.11495	47.4709
4.11168	47.4858
4.10843	47.5355
4.10517	47.5694
4.10192	47.604
4.09868	47.5881
4.09545	47.5417
4.09221	47.5482
4.08899	47.5381
4.08576	47.5418
4.08255	47.6422
4.07933	47.7289
4.07613	47.6811
4.07292	47.6497
4.06973	47.6215
4.06654	47.5532
4.06335	47.5194
4.06017	47.5313
4.05699	47.5724
4.05382	47.6305
4.05065	47.6047
4.04749	47.5597
4.04433	47.5596
4.04118	47.5229
4.03803	47.5285
4.03489	47.5933
4.03175	47.5333
4.02862	47.4695
4.02549	47.5257
4.02237	47.5423
4.01925	47.5734
4.01614	47.5634
4.01303	47.5468
4.00993	47.6158
4.00683	47.6681
4.00373	47.7066
4.00064	47.7213
3.99756	47.6953
3.99448	47.7303
3.9914	47.7464
3.98833	47.7806
3.98527	47.7699
3.98221	47.744
3.97915	47.7534
3.9761	47.821
3.97305	47.7961
3.97001	47.7011
3.96697	47.7555
3.96394	47.8462
3.96091	47.7762
3.95789	47.7235
3.95487	47.7292
3.95186	47.7823
3.94885	47.7962
3.94584	47.8101
3.94284	47.8266
3.93984	47.9
3.93685	47.9487
3.93386	47.9175
3.93088	47.8484
3.9279	47.8738
3.92493	47.8612
3.92196	47.8817
3.919	47.873
3.91604	47.9002
3.91308	47.9358
3.91013	47.8824
3.90718	47.8145
3.90424	47.8175
3.9013	47.8841
3.89837	47.8395
3.89544	47.7717
3.89252	47.8246
3.8896	47.868
3.88668	47.8846
3.88377	47.8432
3.88086	47.8347
3.87796	47.8243
3.87506	47.8348
3.87217	47.793
3.86928	47.6946
3.86639	47.69
3.86351	47.6882
3.86064	47.6367
3.85776	47.6632
3.8549	47.7031
3.85203	47.7377
3.84917	47.7888
3.84631	47.8338
3.84346	47.8437
3.84062	47.8518
3.83777	47.8497
3.83494	47.7625
3.8321	47.6905
3.82927	47.7427
3.82644	47.8117
3.82362	47.8498
3.82081	47.8885
3.81799	47.8992
3.81518	47.8962
3.81238	47.9142
3.80958	47.932
3.80678	47.9233
3.80399	47.8351
3.8012	47.8367
3.79841	47.8846
3.79563	47.8955
3.79286	47.8938
3.79008	47.9369
3.78731	47.9032
3.78455	47.8703
3.78179	47.8365
3.77903	47.8366
3.77628	47.843
3.77353	47.852
3.77079	47.9168
3.76805	47.9897
3.76531	47.971
3.76258	47.9421
3.75985	47.9477
3.75713	47.9996
3.7544	47.9807
3.75169	47.9338
3.74898	47.8537
3.74627	47.7952
3.74356	47.8199
3.74086	47.8951
3.73816	47.9167
3.73547	47.9399
3.73278	47.9367
3.7301	47.9019
3.72741	47.7876
3.72474	47.7632
3.72206	47.8831
3.71939	47.8815
3.71673	47.7985
3.71406	47.7749
3.71141	47.8089
3.70875	47.8305
3.7061	47.7903
3.70345	47.8436
3.70081	47.9497
3.69817	48.0028
3.69553	47.9528
3.6929	47.8356
3.69027	47.8131
3.68765	47.8076
3.68503	47.8327
3.68241	47.8176
3.6798	47.8241
3.67719	47.8544
3.67458	47.8194
3.67198	47.7978
3.66938	47.809
3.66678	47.7919
3.66419	47.7667
3.66161	47.7285
3.65902	47.6923
3.65644	47.7433
3.65387	47.7615
3.65129	47.7878
3.64872	47.769
3.64616	47.7413
3.64359	47.7101
3.64103	47.7239
3.63848	47.7138
3.63593	47.772
3.63338	47.8033
3.63084	47.7661
3.6283	47.6925
3.62576	47.6541
3.62322	47.6171
3.62069	47.6109
3.61817	47.6298
3.61564	47.5778
3.61312	47.5555
3.61061	47.6263
3.6081	47.6543
3.60559	47.6311
3.60308	47.6324
3.60058	47.6484
3.59808	47.6652
3.59558	47.6268
3.59309	47.5879
3.59061	47.5734
3.58812	47.4957
3.58564	47.4752
3.58316	47.4583
3.58069	47.4778
3.57822	47.5468
3.57575	47.5151
3.57328	47.4828
3.57082	47.4964
3.56836	47.4983
3.56591	47.4923
3.56346	47.4393
3.56101	47.3972
3.55857	47.4158
3.55613	47.4411
3.55369	47.4198
3.55126	47.3689
3.54883	47.3477
3.5464	47.3196
3.54397	47.3022
3.54155	47.3123
3.53914	47.3435
3.53672	47.3986
3.53431	47.3711
3.5319	47.323
3.5295	47.3228
3.5271	47.3531
3.5247	47.2912
3.52231	47.2639
3.51991	47.28
3.51753	47.2072
3.51514	47.1476
3.51276	47.1588
3.51038	47.1567
3.50801	47.1128
3.50563	47.0202
3.50327	47.0042
3.5009	47.0347
3.49854	46.9915
3.49618	47.0114
3.49382	47.0405
3.49147	47.0267
3.48912	47.0365
3.48677	47.0061
3.48443	46.9074
3.48209	46.8571
3.47975	46.8235
3.47742	46.8597
3.47509	46.9124
3.47276	46.8953
3.47044	46.8524
3.46812	46.7702
3.4658	46.7665
3.46348	46.8055
3.46117	46.7487
3.45886	46.6709
3.45656	46.6907
3.45425	46.7119
3.45195	46.7106
3.44966	46.7198
3.44736	46.7763
3.44507	46.8167
3.44279	46.7716
3.4405	46.6868
3.43822	46.5576
3.43594	46.5463
3.43367	46.5348
3.43139	46.4752
3.42912	46.5053
3.42686	46.4966
3.42459	46.4716
3.42233	46.3986
3.42007	46.3336
3.41782	46.2727
3.41557	46.2662
3.41332	46.2315
3.41108	46.1854
3.40883	46.1995
3.40659	46.2104
3.40435	46.1868
3.40212	46.2276
3.39989	46.2486
3.39766	46.2072
3.39544	46.1953
3.39322	46.2079
3.391	46.1632
3.38878	46.1683
3.38657	46.1192
3.38436	46.064
3.38215	46.0021
3.37994	46.0465
3.37774	46.0409
3.37554	45.9259
3.37335	45.9484
3.37115	45.9153
3.36896	45.87
3.36678	45.9289
3.36459	45.8998
3.36241	45.7639
3.36023	45.6882
3.35805	45.8744
3.35588	45.9599
3.35371	45.9241
3.35154	45.8234
3.34938	45.7573
3.34721	45.7257
3.34505	45.6814
3.3429	45.7365
3.34074	45.8284
3.33859	45.7126
3.33644	45.6047
3.3343	45.7085
3.33215	45.7006
3.33001	45.648
3.32788	45.691
3.32574	45.7077
3.32361	45.6273
3.32148	45.6162
3.31936	45.6066
3.31723	45.5424
3.31511	45.5502
3.31299	45.5626
3.31088	45.5023
3.30876	45.4444
3.30665	45.3874
3.30455	45.3264
3.30244	45.343
3.30034	45.3323
3.29824	45.2706
3.29614	45.2528
3.29405	45.2593
3.29196	45.2999
3.28987	45.2959
3.28778	45.283
3.2857	45.2063
3.28362	45.1383
3.28154	45.0507
3.27946	45.0308
3.27739	45.0898
3.27532	45.1391
3.27325	45.129
3.27119	45.0651
3.26913	44.9809
3.26707	44.93
3.26501	44.93
3.26295	44.9425
3.2609	44.9026
3.25885	44.8041
3.2568	44.744
3.25476	44.6623
3.25272	44.613
3.25068	44.5818
3.24864	44.6131
3.24661	44.6088
3.24458	44.6036
3.24255	44.6009
3.24052	44.5712
3.2385	44.485
3.23648	44.3755
3.23446	44.2355
3.23244	44.2452
3.23043	44.3421
3.22841	44.3687
3.2264	44.382
3.2244	44.3805
3.22239	44.324
3.22039	44.194
3.21839	44.1261
3.2164	44.0877
3.2144	44.0872
3.21241	44.0378
3.21042	43.927
3.20844	43.9648
3.20645	43.9948
3.20447	43.8973
3.20249	43.837
3.20051	43.837
3.19854	43.7725
3.19657	43.6993
3.1946	43.7296
3.19263	43.7583
3.19067	43.7784
3.1887	43.7189
3.18674	43.5955
3.18479	43.5792
3.18283	43.5094
3.18088	43.3692
3.17893	43.4446
3.17698	43.3931
3.17504	43.1757
3.17309	43.13
3.17115	43.1994
3.16921	43.1131
3.16728	43.05
3.16534	43.071
3.16341	43.04
3.16148	42.9644
3.15956	42.9558
3.15763	42.9145
3.15571	42.8399
3.15379	42.8509
3.15187	42.8273
3.14996	42.7668
3.14805	42.7638
3.14614	42.7028
3.14423	42.6275
3.14232	42.5722
3.14042	42.6148
3.13852	42.5223
3.13662	42.3661
3.13472	42.2914
3.13283	42.3218
3.13094	42.3634
3.12905	42.383
3.12716	42.2462
3.12528	42.1635
3.12339	42.1425
3.12151	42.074
3.11964	42.0425
3.11776	42.0572
3.11589	41.9548
3.11401	41.9084
3.11214	41.8836
3.11028	41.8475
3.10841	41.8345
3.10655	41.7029
3.10469	41.5285
3.10283	41.5197
3.10098	41.4848
3.09912	41.4111
3.09727	41.391
3.09542	41.3946
3.09358	41.2884
3.09173	41.1137
3.08989	41.0519
3.08805	41.1143
3.08621	41.0806
3.08437	41.0531
3.08254	41.1429
3.08071	41.0372
3.07888	40.8189
3.07705	40.7664
3.07523	40.6966
3.0734	40.6234
3.07158	40.6078
3.06977	40.5962
3.06795	40.5426
3.06613	40.4537
3.06432	40.3956
3.06251	40.3403
3.0607	40.2801
3.0589	40.2449
3.0571	40.2157
3.05529	40.2376
3.05349	40.1142
3.0517	40.0164
3.0499	40.0197
3.04811	39.9783
3.04632	39.848
3.04453	39.7599
3.04274	39.6291
3.04096	39.5994
3.03918	39.4973
3.0374	39.3461
3.03562	39.2956
3.03384	39.3084
3.03207	39.3457
3.03029	39.2787
3.02852	39.1879
3.02676	39.1582
3.02499	39.0519
3.02323	39.0113
3.02146	39.0486
3.0197	38.9061
3.01795	38.7907
3.01619	38.7873
3.01444	38.7022
3.01269	38.5721
3.01094	38.5301
3.00919	38.4627
3.00744	38.3472
3.0057	38.1848
3.00396	38.0907
3.00222	38.1954
3.00048	38.2261
2.99875	38.176
2.99701	38.1287
2.99528	38.0675
2.99355	38.0256
2.99183	37.8929
2.9901	37.7582
2.98838	37.7263
2.98666	37.6914
2.98494	37.7397
2.98322	37.699
2.9815	37.633
2.97979	37.6372
2.97808	37.5674
2.97637	37.5995
2.97466	37.6536
2.97295	37.6804
2.97125	37.6892
2.96955	37.6557
2.96785	37.554
2.96615	37.5199
2.96446	37.6725
2.96276	37.7196
2.96107	37.6423
2.95938	37.7778
2.95769	37.8877
2.95601	37.8892
2.95432	37.9211
2.95264	37.9922
2.95096	37.9651
2.94928	38.0293
2.9476	38.0637
2.94593	38.0506
2.94425	38.1054
2.94258	38.1708
2.94092	38.1315
2.93925	38.1426
2.93758	38.0961
2.93592	38.1562
2.93426	38.2153
2.9326	38.1932
2.93094	38.1734
2.92928	38.2278
2.92763	38.2903
2.92598	38.2926
2.92433	38.3248
2.92268	38.2312
2.92103	38.1191
2.91939	38.1265
2.91775	38.1308
2.9161	38.168
2.91447	38.2407
2.91283	37.9696
2.91119	37.8508
2.90956	37.9715
2.90793	37.8841
2.9063	37.8256
2.90467	37.898
2.90304	37.8863
2.90142	37.8088
2.89979	37.5941
2.89817	37.4482
2.89656	37.5149
2.89494	37.4969
2.89332	37.4485
2.89171	37.431
2.8901	37.5254
2.88849	37.6936
2.88688	37.7106
2.88527	37.6677
2.88367	37.517
2.88206	37.3847
2.88046	37.3474
2.87886	37.3027
2.87727	37.2279
2.87567	37.2138
2.87408	37.3387
2.87248	37.3477
2.87089	37.3107
2.8693	37.2866
2.86772	37.2747
2.86613	37.3724
2.86455	37.4062
2.86297	37.4156
2.86139	37.4849
2.85981	37.4112
2.85823	37.3274
2.85666	37.4544
2.85508	37.6081
2.85351	37.6545
2.85194	37.448
2.85038	37.3436
2.84881	37.3492
2.84724	37.4482
2.84568	37.4691
2.84412	37.3847
2.84256	37.4596
2.841	37.4999
2.83945	37.5052
2.83789	37.6386
2.83634	37.648
2.83479	37.5685
2.83324	37.5959
2.83169	37.5351
2.83015	37.4587
2.82861	37.4825
2.82706	37.4931
2.82552	37.6573
2.82398	37.7151
2.82245	37.7307
2.82091	37.8387
2.81938	37.888
2.81784	37.7686
2.81631	37.6774
2.81479	37.6924
2.81326	37.7302
2.81173	37.6681
2.81021	37.6383
2.80869	37.6531
2.80716	37.5342
2.80565	37.546
2.80413	37.8905
2.80261	37.8574
2.8011	37.4392
2.79959	37.2753
2.79808	37.2258
2.79657	37.1648
2.79506	37.0939
2.79355	36.8689
2.79205	36.5569
2.79055	36.4777
2.78904	36.7987
2.78754	37.0581
2.78605	36.7377
2.78455	36.3114
2.78306	36.1533
2.78156	36.0754
2.78007	35.8513
2.77858	35.8472
2.77709	35.8759
2.77561	35.4301
2.77412	35.0003
2.77264	35.0455
2.77116	35.3803
2.76968	35.1025
2.7682	34.4388
2.76672	33.7502
2.76524	33.1873
2.76377	32.8212
2.7623	32.0654
2.76083	30.7908
2.75936	29.4635
2.75789	27.9529
2.75642	26.1425
2.75496	22.9987
2.7535	18.8172
2.75203	15.4449
2.75057	13.0077
2.74912	11.2755
2.74766	9.88944
2.7462	8.78335
2.74475	7.57208
2.7433	6.40019
2.74185	5.29796
2.7404	4.69551
2.73895	4.84953
2.7375	6.0045
2.73606	8.71485
2.73462	13.1292
2.73318	18.2054
2.73174	22.9119
2.7303	26.6314
2.72886	29.4461
2.72742	31.7655
2.72599	33.8996
2.72456	35.8177
2.72313	36.6773
2.7217	37.8217
2.72027	39.1466
2.71884	39.0469
2.71742	39.4425
2.71599	40.0663
2.71457	40.6179
2.71315	41.2563
2.71173	42.6465
2.71032	43.3858
2.7089	43.2961
2.70748	43.3267
2.70607	43.5844
2.70466	43.9763
2.70325	44.5572
2.70184	45.2969
2.70043	45.6219
2.69903	45.7055
2.69762	46.1068
2.69622	46.856
2.69482	47.6153
2.69342	47.8565
2.69202	47.4335
2.69062	47.3516
2.68923	47.5221
2.68783	47.7874
2.68644	48.0481
2.68505	48.1645
2.68366	48.3499
2.68227	48.277
2.68089	48.3939
2.6795	49.2275
2.67812	49.5041
2.67673	49.7796
2.67535	49.3415
2.67397	48.8896
2.6726	49.0298
2.67122	50.6469
2.66984	50.873
2.66847	49.8202
2.6671	50.74
2.66572	50.9649
2.66435	50.1232
2.66299	49.1106
2.66162	49.1006
2.66025	49.2629
2.65889	49.2323
2.65753	48.8533
2.65616	48.9867
2.65481	49.1243
2.65345	49.388
2.65209	49.3817
2.65073	48.9475
2.64938	48.7489
2.64803	48.8384
2.64667	49.0278
2.64532	49.135
2.64397	48.9286
2.64263	49.0026
2.64128	48.857
2.63994	48.6828
2.63859	48.6155
2.63725	48.6368
2.63591	48.7061
2.63457	49.1227
2.63323	49.0858
2.6319	49.3045
2.63056	50.1923
2.62923	49.4581
2.62789	49.0719
2.62656	49.3708
2.62523	48.5865
2.6239	48.0876
2.62258	48.0384
2.62125	48.8284
2.61993	48.9784
2.6186	48.366
2.61728	49.0641
2.61596	48.8976
2.61464	48.1802
2.61332	48.2703
2.61201	48.148
2.61069	48.1929
2.60938	48.3847
2.60807	48.46
2.60675	48.9757
2.60544	49.5012
2.60414	48.7892
2.60283	48.2468
2.60152	48.1876
2.60022	48.0711
2.59891	47.9007
2.59761	48.2501
2.59631	49.5933
2.59501	51.2492
2.59371	50.1395
2.59242	48.581
2.59112	48.2997
2.58983	48.5161
2.58853	48.8635
2.58724	49.048
2.58595	48.7888
2.58466	49.3531
2.58338	49.5532
2.58209	48.9801
2.5808	48.8574
2.57952	48.4055
2.57824	48.4974
2.57695	48.7975
2.57567	48.392
2.5744	48.4424
2.57312	48.5746
2.57184	47.8688
2.57057	48.0507
2.56929	48.1507
2.56802	47.5758
2.56675	47.2933
2.56548	47.4776
2.56421	47.7077
2.56294	47.7884
2.56168	47.7898
2.56041	47.3404
2.55915	46.6423
2.55789	46.3176
2.55662	46.1187
2.55536	45.9905
2.5541	45.8923
2.55285	45.9515
2.55159	45.8447
2.55034	45.5918
2.54908	45.4559
2.54783	45.4241
2.54658	45.3244
2.54533	45.3484
2.54408	45.5633
2.54283	45.7147
2.54159	45.5971
2.54034	45.6392
2.5391	45.6209
2.53785	45.5073
2.53661	45.4811
2.53537	45.4858
2.53413	45.4359
2.53289	45.5625
2.53166	45.6341
2.53042	45.5455
2.52919	45.6425
2.52795	45.7629
2.52672	45.8035
2.52549	45.9103
2.52426	45.9724
2.52303	45.9837
2.52181	45.9658
2.52058	45.9667
2.51936	46.0023
2.51813	46.1744
2.51691	46.3498
2.51569	46.5568
2.51447	46.797
2.51325	47.0118
2.51203	47.136
2.51082	47.1375
2.5096	47.1664
2.50839	47.2265
2.50717	47.3457
2.50596	47.4185
2.50475	47.4082
2.50354	47.3534
2.50233	47.3065
2.50113	47.312
2.49992	47.3797
2.49872	47.517
2.49751	47.7253
2.49631	47.8915
2.49511	47.9926
2.49391	48.1217
2.49271	48.2758
2.49151	48.328
2.49031	48.3062
2.48912	48.2219
2.48792	48.2417
2.48673	48.3597
2.48554	48.4083
2.48435	48.4742
2.48316	48.6037
2.48197	48.6987
2.48078	48.6806
2.4796	48.697
2.47841	48.7489
2.47723	48.718
2.47604	48.679
2.47486	48.7658
2.47368	48.7754
2.4725	48.794
2.47132	48.7865
2.47014	48.7604
2.46897	48.7477
2.46779	48.8621
2.46662	48.9457
2.46545	48.9503
2.46427	48.9598
2.4631	48.9328
2.46193	49.0043
2.46077	49.1813
2.4596	49.0987
2.45843	49.079
2.45727	49.242
2.4561	49.4102
2.45494	49.3893
2.45378	49.2448
2.45262	49.3247
2.45146	49.4499
2.4503	49.4848
2.44914	49.4334
2.44799	49.4545
2.44683	49.4852
2.44568	49.428
2.44452	49.5997
2.44337	49.8273
2.44222	49.8405
2.44107	49.6461
2.43992	49.5521
2.43877	49.6415
2.43763	49.701
2.43648	49.7342
2.43534	49.6834
2.43419	49.4953
2.43305	49.4423
2.43191	49.4897
2.43077	49.5122
2.42963	49.4082
2.42849	49.4281
2.42736	49.542
2.42622	49.5711
2.42509	49.4755
2.42395	49.385
2.42282	49.4718
2.42169	49.5716
2.42056	49.639
2.41943	49.6443
2.4183	49.5745
2.41717	49.6216
2.41605	49.6649
2.41492	49.5826
2.4138	49.69
2.41267	49.7618
2.41155	49.7781
2.41043	49.8581
2.40931	49.8439
2.40819	49.8804
2.40707	49.9361
2.40595	49.8419
2.40484	49.7463
2.40372	49.7641
2.40261	49.7479
2.4015	49.821
2.40039	49.8952
2.39928	49.8641
2.39817	49.8002
2.39706	49.7525
2.39595	49.7956
2.39484	49.8916
2.39374	49.9004
2.39263	49.9509
2.39153	50.045
2.39043	50.0785
2.38932	50.1358
2.38822	50.0927
2.38712	49.9144
2.38603	49.842
2.38493	49.8441
2.38383	49.9555
2.38274	50.0187
2.38164	49.9553
2.38055	49.8789
2.37946	49.9091
2.37836	49.9664
2.37727	50.0201
2.37618	50.0213
2.3751	50.0509
2.37401	50.0722
2.37292	50.0097
2.37184	50.0389
2.37075	49.9332
2.36967	49.9581
2.36859	49.974
2.3675	49.9047
2.36642	49.9183
2.36534	49.9811
2.36427	50.0082
2.36319	49.9388
2.36211	50.037
2.36104	50.1865
2.35996	50.13
2.35889	50.1666
2.35781	50.1677
2.35674	50.1898
2.35567	50.2429
2.3546	50.2717
2.35353	50.189
2.35247	50.1182
2.3514	50.1693
2.35033	50.2021
2.34927	50.1161
2.3482	49.966
2.34714	49.9676
2.34608	49.9779
2.34502	49.915
2.34396	49.9297
2.3429	50.0719
2.34184	50.1672
2.34078	50.1042
2.33973	50.1652
2.33867	50.2251
2.33762	50.1037
2.33656	50.0662
2.33551	50.1576
2.33446	50.1414
2.33341	50.1516
2.33236	50.2136
2.33131	50.246
2.33026	50.1115
2.32922	49.9452
2.32817	49.9417
2.32712	50.1579
2.32608	50.3173
2.32504	50.3657
2.324	50.2625
2.32295	50.1338
2.32191	50.1447
2.32087	50.2088
2.31984	50.2804
2.3188	50.3228
2.31776	50.42
2.31673	50.4281
2.31569	50.316
2.31466	50.2136
2.31362	50.2066
2.31259	50.3296
2.31156	50.3646
2.31053	50.3091
2.3095	50.3183
2.30847	50.3494
2.30745	50.2925
2.30642	50.344
2.3054	50.4061
2.30437	50.4763
2.30335	50.5437
2.30232	50.5408
2.3013	50.4709
2.30028	50.3833
2.29926	50.4192
2.29824	50.4898
2.29722	50.3751
2.29621	50.4121
2.29519	50.4286
2.29417	50.393
2.29316	50.5045
2.29215	50.5124
2.29113	50.582
2.29012	50.6735
2.28911	50.7064
2.2881	50.6141
2.28709	50.4799
2.28608	50.4529
2.28507	50.6181
2.28407	50.7129
2.28306	50.6929
2.28206	50.5553
2.28105	50.5754
2.28005	50.5525
2.27905	50.5172
2.27805	50.5335
2.27705	50.4822
2.27605	50.4925
2.27505	50.613
2.27405	50.5626
2.27305	50.4726
2.27206	50.5998
2.27106	50.5366
2.27007	50.3789
2.26907	50.3518
2.26808	50.493
2.26709	50.6381
2.2661	50.6008
2.26511	50.5417
2.26412	50.3951
2.26313	50.3309
2.26214	50.3413
2.26116	50.3763
2.26017	50.4261
2.25919	50.5504
2.2582	50.5309
2.25722	50.4226
2.25624	50.3605
2.25526	50.4913
2.25428	50.5421
2.2533	50.6747
2.25232	50.7466
2.25134	50.6982
2.25036	50.6816
2.24939	50.6237
2.24841	50.566
2.24744	50.5985
2.24646	50.6095
2.24549	50.5298
2.24452	50.4589
2.24355	50.5505
2.24257	50.6124
2.24161	50.7271
2.24064	50.6239
2.23967	50.4433
2.2387	50.6323
2.23774	50.7362
2.23677	50.6478
2.23581	50.5146
2.23484	50.7011
2.23388	50.7787
2.23292	50.6165
2.23196	50.5776
2.231	50.5244
2.23004	50.5409
2.22908	50.7131
2.22812	50.724
2.22716	50.4918
2.22621	50.3535
2.22525	50.3143
2.2243	50.3458
2.22334	50.3605
2.22239	50.3817
2.22144	50.3401
2.22049	50.4516
2.21953	50.5138
2.21859	50.5343
2.21764	50.4841
2.21669	50.4096
2.21574	50.3484
2.21479	50.3151
2.21385	50.3208
2.2129	50.3187
2.21196	50.3733
2.21102	50.4279
2.21007	50.4
2.20913	50.4517
2.20819	50.3913
2.20725	50.3051
2.20631	50.3222
2.20537	50.3651
2.20444	50.4492
2.2035	50.4827
2.20256	50.4599
2.20163	50.3243
2.20069	50.4396
2.19976	50.4712
2.19883	50.3025
2.19789	50.3672
2.19696	50.4465
2.19603	50.4438
2.1951	50.3927
2.19417	50.3999
2.19325	50.4491
2.19232	50.5849
2.19139	50.483
2.19047	50.3934
2.18954	50.3743
2.18862	50.1721
2.18769	50.2198
2.18677	50.4543
2.18585	50.5709
2.18493	50.5664
2.18401	50.4981
2.18309	50.3659
2.18217	50.4169
2.18125	50.4837
2.18033	50.4903
2.17942	50.3824
2.1785	50.3355
2.17759	50.4564
2.17667	50.5559
2.17576	50.5634
2.17485	50.4599
2.17393	50.3489
2.17302	50.3998
2.17211	50.5736
2.1712	50.453
2.17029	50.2805
2.16939	50.2649
2.16848	50.1979
2.16757	50.3376
2.16667	50.4807
2.16576	50.4554
2.16486	50.3733
2.16395	50.3945
2.16305	50.3326
2.16215	50.2631
2.16125	50.3443
2.16035	50.4223
2.15945	50.4242
2.15855	50.2839
2.15765	50.2706
2.15675	50.2298
2.15586	50.1405
2.15496	50.146
2.15406	50.2157
2.15317	50.1678
2.15228	50.1068
2.15138	50.2488
2.15049	50.2531
2.1496	50.2646
2.14871	50.1818
2.14782	50.1279
2.14693	50.1879
2.14604	50.1882
2.14515	50.2362
2.14427	50.214
2.14338	50.3324
2.14249	50.4984
2.14161	50.4147
2.14072	50.3079
2.13984	50.1713
2.13896	50.1588
2.13808	50.3474
2.13719	50.4063
2.13631	50.3592
2.13543	50.4638
2.13455	50.6201
2.13368	50.6082
2.1328	50.4185
2.13192	50.5117
2.13105	50.6179
2.13017	50.7508
2.1293	50.6615
2.12842	50.6243
2.12755	50.7202
2.12668	50.6966
2.1258	50.5365
2.12493	50.4378
2.12406	50.39
2.12319	50.5245
2.12232	50.6422
2.12145	50.7517
2.12059	50.5088
2.11972	50.5505
2.11885	50.6015
2.11799	50.6857
2.11712	50.712
2.11626	50.5274
2.1154	50.5079
2.11453	50.6219
2.11367	50.7698
2.11281	50.5976
2.11195	50.5057
2.11109	50.6521
2.11023	50.7393
2.10937	50.7619
2.10851	50.7104
2.10766	50.624
2.1068	50.5156
2.10594	50.4726
2.10509	50.2985
2.10423	50.2481
2.10338	50.5588
2.10253	50.5222
2.10168	50.3022
2.10082	50.2861
2.09997	50.3081
2.09912	50.1471
2.09827	50.2251
2.09742	50.3098
2.09658	50.2204
2.09573	50.0465
2.09488	49.6979
2.09404	49.525
2.09319	49.4424
2.09235	49.1747
2.0915	48.7127
2.09066	48.3851
2.08982	47.8178
2.08897	47.2892
2.08813	46.6907
2.08729	46.0739
2.08645	45.3125
2.08561	44.1666
2.08477	43.031
2.08394	42.1591
2.0831	41.696
2.08226	41.6769
2.08143	42.4779
2.08059	43.712
2.07976	44.8474
2.07892	45.9432
2.07809	46.9908
2.07726	47.6815
2.07643	47.7726
2.07559	48.3428
2.07476	49.0218
2.07393	49.1349
2.0731	49.2921
2.07228	49.8791
2.07145	50.1705
2.07062	50.083
2.06979	50.3806
2.06897	50.7601
2.06814	50.9532
2.06732	50.7174
2.06649	50.4128
2.06567	50.3572
2.06485	50.1816
2.06403	50.1405
2.0632	50.5819
2.06238	50.8158
2.06156	50.6522
2.06074	50.3058
2.05993	50.4076
2.05911	50.7864
2.05829	50.7991
2.05747	50.6139
2.05666	50.695
2.05584	50.8128
2.05503	50.6872
2.05421	50.7146
2.0534	50.9211
2.05259	50.9304
2.05177	50.8349
2.05096	50.9682
2.05015	51.0109
2.04934	50.7867
2.04853	50.7104
2.04772	50.7301
2.04691	50.9257
2.04611	50.9383
2.0453	50.8294
2.04449	50.7367
2.04369	50.7326
2.04288	50.672
2.04208	50.7082
2.04127	50.8692
2.04047	50.6377
2.03967	50.6982
2.03886	50.8862
2.03806	50.6658
2.03726	50.4649
2.03646	50.7621
2.03566	50.9343
2.03486	50.9391
2.03407	50.9753
2.03327	50.8335
2.03247	50.8381
2.03167	50.9793
2.03088	50.9233
2.03008	50.8304
2.02929	50.9823
2.0285	50.9892
2.0277	51.2484
2.02691	51.206
2.02612	50.6851
2.02533	50.5252
2.02453	50.82
2.02374	50.8696
2.02295	50.7659
2.02217	50.8522
2.02138	50.9669
2.02059	50.8547
2.0198	50.806
2.01902	50.8596
2.01823	50.5776
2.01744	50.5484
2.01666	50.7261
2.01588	50.6341
2.01509	50.6999
2.01431	50.9916
2.01353	51.15
2.01275	50.8846
2.01196	50.6407
2.01118	50.9044
2.0104	50.9854
2.00963	50.858
2.00885	50.8002
2.00807	50.8709
2.00729	50.935
2.00651	50.8334
2.00574	50.5173
2.00496	50.7001
2.00419	50.7554
2.00341	50.4645
2.00264	50.6476
2.00187	50.8621
2.00109	50.6041
2.00032	50.5143
