4.0000000e-01 1.6140900e+03 0.0000000e+00 0.0000000e+00 0.0000000e+00 0.0000000e+00 0.0000000e+00 0.0000000e+00 0.0000000e+00 0.0000000e+00 0.0000000e+00
4.0250000e-01 1.6310900e+03 0.0000000e+00 0.0000000e+00 0.0000000e+00 0.0000000e+00 0.0000000e+00 0.0000000e+00 0.0000000e+00 0.0000000e+00 0.0000000e+00
4.0500000e-01 1.6480900e+03 0.0000000e+00 0.0000000e+00 0.0000000e+00 0.0000000e+00 0.0000000e+00 0.0000000e+00 0.0000000e+00 0.0000000e+00 0.0000000e+00
4.0750000e-01 1.6771899e+03 0.0000000e+00 0.0000000e+00 0.0000000e+00 0.0000000e+00 0.0000000e+00 0.0000000e+00 0.0000000e+00 0.0000000e+00 0.0000000e+00
4.1000000e-01 1.7062900e+03 0.0000000e+00 0.0000000e+00 0.0000000e+00 0.0000000e+00 0.0000000e+00 0.0000000e+00 0.0000000e+00 0.0000000e+00 0.0000000e+00
4.1250000e-01 1.7448900e+03 0.0000000e+00 0.0000000e+00 0.0000000e+00 0.0000000e+00 0.0000000e+00 0.0000000e+00 0.0000000e+00 0.0000000e+00 0.0000000e+00
4.1500000e-01 1.7834900e+03 3.3000000e-03 0.0000000e+00 0.0000000e+00 0.0000000e+00 0.0000000e+00 0.0000000e+00 0.0000000e+00 0.0000000e+00 0.0000000e+00
4.1750000e-01 1.7501899e+03 3.4000000e-03 0.0000000e+00 0.0000000e+00 0.0000000e+00 0.0000000e+00 0.0000000e+00 0.0000000e+00 0.0000000e+00 0.0000000e+00
4.2000000e-01 1.7168900e+03 5.5000000e-03 0.0000000e+00 0.0000000e+00 0.0000000e+00 0.0000000e+00 0.0000000e+00 0.0000000e+00 0.0000000e+00 0.0000000e+00
4.2250000e-01 1.7051899e+03 2.5000000e-03 0.0000000e+00 0.0000000e+00 0.0000000e+00 0.0000000e+00 0.0000000e+00 0.0000000e+00 0.0000000e+00 0.0000000e+00
4.2500000e-01 1.6934900e+03 2.8000000e-03 0.0000000e+00 0.0000000e+00 0.0000000e+00 0.0000000e+00 0.0000000e+00 0.0000000e+00 0.0000000e+00 0.0000000e+00
4.2750000e-01 1.5976899e+03 4.3000000e-03 0.0000000e+00 0.0000000e+00 0.0000000e+00 0.0000000e+00 0.0000000e+00 0.0000000e+00 0.0000000e+00 0.0000000e+00
4.3000000e-01 1.5018900e+03 9.6000000e-03 0.0000000e+00 0.0000000e+00 0.0000000e+00 0.0000000e+00 0.0000000e+00 0.0000000e+00 0.0000000e+00 0.0000000e+00
4.3250000e-01 1.6309900e+03 3.9000000e-02 0.0000000e+00 0.0000000e+00 0.0000000e+00 0.0000000e+00 0.0000000e+00 0.0000000e+00 0.0000000e+00 0.0000000e+00
4.3500000e-01 1.7600900e+03 2.0180000e-01 0.0000000e+00 0.0000000e+00 0.0000000e+00 0.0000000e+00 0.0000000e+00 0.0000000e+00 0.0000000e+00 0.0000000e+00
4.3750000e-01 1.7752400e+03 6.2000000e-01 0.0000000e+00 0.0000000e+00 0.0000000e+00 0.0000000e+00 0.0000000e+00 0.0000000e+00 0.0000000e+00 0.0000000e+00
4.4000000e-01 1.7903900e+03 7.9060000e-01 0.0000000e+00 0.0000000e+00 0.0000000e+00 0.0000000e+00 0.0000000e+00 0.0000000e+00 0.0000000e+00 0.0000000e+00
4.4250000e-01 1.8599399e+03 8.7680000e-01 0.0000000e+00 0.0000000e+00 0.0000000e+00 0.0000000e+00 0.0000000e+00 0.0000000e+00 0.0000000e+00 0.0000000e+00
4.4500000e-01 1.9294900e+03 9.7150000e-01 0.0000000e+00 0.0000000e+00 0.0000000e+00 0.0000000e+00 0.0000000e+00 0.0000000e+00 0.0000000e+00 0.0000000e+00
4.4750000e-01 1.9934399e+03 9.5770000e-01 0.0000000e+00 0.0000000e+00 0.0000000e+00 0.0000000e+00 0.0000000e+00 0.0000000e+00 0.0000000e+00 0.0000000e+00
4.5000000e-01 2.0573899e+03 5.3090000e-01 0.0000000e+00 0.0000000e+00 0.0000000e+00 0.0000000e+00 0.0000000e+00 0.0000000e+00 0.0000000e+00 0.0000000e+00
4.5250000e-01 2.0392300e+03 1.5480000e-01 0.0000000e+00 0.0000000e+00 0.0000000e+00 0.0000000e+00 0.0000000e+00 0.0000000e+00 0.0000000e+00 0.0000000e+00
4.5500000e-01 2.0210800e+03 4.2100000e-02 0.0000000e+00 0.0000000e+00 0.0000000e+00 0.0000000e+00 0.0000000e+00 0.0000000e+00 0.0000000e+00 0.0000000e+00
4.5750000e-01 2.0307300e+03 1.5000000e-02 0.0000000e+00 0.0000000e+00 0.0000000e+00 0.0000000e+00 0.0000000e+00 0.0000000e+00 0.0000000e+00 0.0000000e+00
4.6000000e-01 2.0403800e+03 6.9000000e-03 3.1000000e-03 0.0000000e+00 0.0000000e+00 0.0000000e+00 0.0000000e+00 0.0000000e+00 0.0000000e+00 0.0000000e+00
4.6250000e-01 2.0265300e+03 3.8000000e-03 5.4000000e-03 0.0000000e+00 0.0000000e+00 0.0000000e+00 0.0000000e+00 0.0000000e+00 0.0000000e+00 0.0000000e+00
4.6500000e-01 2.0126801e+03 2.5000000e-03 5.7000000e-03 0.0000000e+00 0.0000000e+00 0.0000000e+00 0.0000000e+00 0.0000000e+00 0.0000000e+00 0.0000000e+00
4.6750000e-01 1.9995300e+03 2.3000000e-03 4.4000000e-03 0.0000000e+00 0.0000000e+00 0.0000000e+00 0.0000000e+00 0.0000000e+00 0.0000000e+00 0.0000000e+00
4.7000000e-01 1.9863800e+03 2.1000000e-03 5.4000000e-03 0.0000000e+00 0.0000000e+00 0.0000000e+00 0.0000000e+00 0.0000000e+00 0.0000000e+00 0.0000000e+00
4.7250000e-01 2.0028800e+03 0.0000000e+00 5.4000000e-03 0.0000000e+00 0.0000000e+00 0.0000000e+00 0.0000000e+00 0.0000000e+00 0.0000000e+00 0.0000000e+00
4.7500000e-01 2.0193800e+03 0.0000000e+00 7.1000000e-03 0.0000000e+00 0.0000000e+00 0.0000000e+00 0.0000000e+00 0.0000000e+00 0.0000000e+00 0.0000000e+00
4.7750000e-01 2.0380900e+03 0.0000000e+00 1.8300000e-02 0.0000000e+00 0.0000000e+00 0.0000000e+00 0.0000000e+00 0.0000000e+00 0.0000000e+00 0.0000000e+00
4.8000000e-01 2.0567900e+03 0.0000000e+00 8.2500000e-02 0.0000000e+00 0.0000000e+00 0.0000000e+00 0.0000000e+00 0.0000000e+00 0.0000000e+00 0.0000000e+00
4.8250000e-01 1.9677400e+03 0.0000000e+00 4.6640000e-01 0.0000000e+00 0.0000000e+00 0.0000000e+00 0.0000000e+00 0.0000000e+00 0.0000000e+00 0.0000000e+00
4.8500000e-01 1.8786801e+03 0.0000000e+00 7.3930000e-01 0.0000000e+00 0.0000000e+00 0.0000000e+00 0.0000000e+00 0.0000000e+00 0.0000000e+00 0.0000000e+00
4.8750000e-01 1.9058300e+03 0.0000000e+00 8.1830000e-01 0.0000000e+00 0.0000000e+00 0.0000000e+00 0.0000000e+00 0.0000000e+00 0.0000000e+00 0.0000000e+00
4.9000000e-01 1.9329800e+03 0.0000000e+00 8.9570000e-01 0.0000000e+00 0.0000000e+00 0.0000000e+00 0.0000000e+00 0.0000000e+00 0.0000000e+00 0.0000000e+00
4.9250000e-01 1.9535800e+03 0.0000000e+00 9.5110000e-01 0.0000000e+00 0.0000000e+00 0.0000000e+00 0.0000000e+00 0.0000000e+00 0.0000000e+00 0.0000000e+00
4.9500000e-01 1.9741801e+03 0.0000000e+00 9.9730000e-01 0.0000000e+00 0.0000000e+00 0.0000000e+00 0.0000000e+00 0.0000000e+00 0.0000000e+00 0.0000000e+00
4.9750000e-01 1.9356801e+03 0.0000000e+00 7.6950000e-01 0.0000000e+00 0.0000000e+00 0.0000000e+00 0.0000000e+00 0.0000000e+00 0.0000000e+00 0.0000000e+00
5.0000000e-01 1.8971899e+03 0.0000000e+00 3.4630000e-01 0.0000000e+00 0.0000000e+00 0.0000000e+00 0.0000000e+00 0.0000000e+00 0.0000000e+00 0.0000000e+00
5.0250000e-01 1.9167800e+03 0.0000000e+00 1.5750000e-01 0.0000000e+00 0.0000000e+00 0.0000000e+00 0.0000000e+00 0.0000000e+00 0.0000000e+00 0.0000000e+00
5.0500000e-01 1.9363800e+03 0.0000000e+00 7.3100000e-02 0.0000000e+00 0.0000000e+00 0.0000000e+00 0.0000000e+00 0.0000000e+00 0.0000000e+00 0.0000000e+00
5.0750000e-01 1.9372300e+03 0.0000000e+00 2.4000000e-02 0.0000000e+00 0.0000000e+00 0.0000000e+00 0.0000000e+00 0.0000000e+00 0.0000000e+00 0.0000000e+00
5.1000000e-01 1.9380900e+03 0.0000000e+00 8.6000000e-03 0.0000000e+00 0.0000000e+00 0.0000000e+00 0.0000000e+00 0.0000000e+00 0.0000000e+00 0.0000000e+00
5.1250000e-01 1.8814399e+03 0.0000000e+00 4.7000000e-03 0.0000000e+00 0.0000000e+00 0.0000000e+00 0.0000000e+00 0.0000000e+00 0.0000000e+00 0.0000000e+00
5.1500000e-01 1.8247900e+03 0.0000000e+00 2.6000000e-03 0.0000000e+00 0.0000000e+00 0.0000000e+00 0.0000000e+00 0.0000000e+00 0.0000000e+00 0.0000000e+00
5.1750000e-01 1.8140900e+03 0.0000000e+00 2.0000000e-03 0.0000000e+00 0.0000000e+00 0.0000000e+00 0.0000000e+00 0.0000000e+00 0.0000000e+00 0.0000000e+00
5.2000000e-01 1.8033900e+03 0.0000000e+00 0.0000000e+00 0.0000000e+00 0.0000000e+00 0.0000000e+00 0.0000000e+00 0.0000000e+00 0.0000000e+00 0.0000000e+00
5.2250000e-01 1.8322400e+03 0.0000000e+00 0.0000000e+00 0.0000000e+00 0.0000000e+00 0.0000000e+00 0.0000000e+00 0.0000000e+00 0.0000000e+00 0.0000000e+00
5.2500000e-01 1.8610900e+03 0.0000000e+00 0.0000000e+00 0.0000000e+00 0.0000000e+00 0.0000000e+00 0.0000000e+00 0.0000000e+00 0.0000000e+00 0.0000000e+00
5.2750000e-01 1.8859301e+03 0.0000000e+00 0.0000000e+00 0.0000000e+00 0.0000000e+00 0.0000000e+00 0.0000000e+00 0.0000000e+00 0.0000000e+00 0.0000000e+00
5.3000000e-01 1.9107800e+03 0.0000000e+00 0.0000000e+00 0.0000000e+00 0.0000000e+00 0.0000000e+00 0.0000000e+00 0.0000000e+00 0.0000000e+00 0.0000000e+00
5.3250000e-01 1.9046801e+03 0.0000000e+00 0.0000000e+00 0.0000000e+00 0.0000000e+00 0.0000000e+00 0.0000000e+00 0.0000000e+00 0.0000000e+00 0.0000000e+00
5.3500000e-01 1.8985800e+03 0.0000000e+00 0.0000000e+00 1.3000000e-03 0.0000000e+00 0.0000000e+00 0.0000000e+00 0.0000000e+00 0.0000000e+00 0.0000000e+00
5.3750000e-01 1.8757300e+03 0.0000000e+00 0.0000000e+00 1.5000000e-03 0.0000000e+00 0.0000000e+00 0.0000000e+00 0.0000000e+00 0.0000000e+00 0.0000000e+00
5.4000000e-01 1.8528800e+03 0.0000000e+00 0.0000000e+00 1.2000000e-03 0.0000000e+00 0.0000000e+00 0.0000000e+00 0.0000000e+00 0.0000000e+00 0.0000000e+00
5.4250000e-01 1.8656400e+03 0.0000000e+00 0.0000000e+00 1.8000000e-03 0.0000000e+00 0.0000000e+00 0.0000000e+00 0.0000000e+00 0.0000000e+00 0.0000000e+00
5.4500000e-01 1.8783900e+03 0.0000000e+00 0.0000000e+00 2.6000000e-03 0.0000000e+00 0.0000000e+00 0.0000000e+00 0.0000000e+00 0.0000000e+00 0.0000000e+00
5.4750000e-01 1.8747400e+03 0.0000000e+00 0.0000000e+00 6.0000000e-03 0.0000000e+00 0.0000000e+00 0.0000000e+00 0.0000000e+00 0.0000000e+00 0.0000000e+00
5.5000000e-01 1.8710900e+03 0.0000000e+00 0.0000000e+00 1.6700000e-02 0.0000000e+00 0.0000000e+00 0.0000000e+00 0.0000000e+00 0.0000000e+00 0.0000000e+00
5.5250000e-01 1.8724399e+03 0.0000000e+00 0.0000000e+00 6.1700000e-02 0.0000000e+00 0.0000000e+00 0.0000000e+00 0.0000000e+00 0.0000000e+00 0.0000000e+00
5.5500000e-01 1.8737900e+03 0.0000000e+00 0.0000000e+00 2.6440000e-01 0.0000000e+00 0.0000000e+00 0.0000000e+00 0.0000000e+00 0.0000000e+00 0.0000000e+00
5.5750000e-01 1.8503900e+03 0.0000000e+00 0.0000000e+00 7.6210000e-01 0.0000000e+00 0.0000000e+00 0.0000000e+00 0.0000000e+00 0.0000000e+00 0.0000000e+00
5.6000000e-01 1.8269900e+03 0.0000000e+00 0.0000000e+00 9.9920000e-01 0.0000000e+00 0.0000000e+00 0.0000000e+00 0.0000000e+00 0.0000000e+00 0.0000000e+00
5.6250000e-01 1.8370400e+03 0.0000000e+00 0.0000000e+00 9.6060000e-01 0.0000000e+00 0.0000000e+00 0.0000000e+00 0.0000000e+00 0.0000000e+00 0.0000000e+00
5.6500000e-01 1.8470900e+03 0.0000000e+00 0.0000000e+00 9.2000000e-01 0.0000000e+00 0.0000000e+00 0.0000000e+00 0.0000000e+00 0.0000000e+00 0.0000000e+00
5.6750000e-01 1.8411801e+03 0.0000000e+00 0.0000000e+00 8.8490000e-01 0.0000000e+00 0.0000000e+00 0.0000000e+00 0.0000000e+00 0.0000000e+00 0.0000000e+00
5.7000000e-01 1.8352800e+03 0.0000000e+00 0.0000000e+00 7.3190000e-01 0.0000000e+00 0.0000000e+00 0.0000000e+00 0.0000000e+00 0.0000000e+00 0.0000000e+00
5.7250000e-01 1.8494800e+03 0.0000000e+00 0.0000000e+00 3.5860000e-01 0.0000000e+00 0.0000000e+00 0.0000000e+00 0.0000000e+00 0.0000000e+00 0.0000000e+00
5.7500000e-01 1.8636899e+03 0.0000000e+00 0.0000000e+00 9.8200000e-02 0.0000000e+00 0.0000000e+00 0.0000000e+00 0.0000000e+00 0.0000000e+00 0.0000000e+00
5.7750000e-01 1.8510300e+03 0.0000000e+00 0.0000000e+00 2.6500000e-02 0.0000000e+00 0.0000000e+00 0.0000000e+00 0.0000000e+00 0.0000000e+00 0.0000000e+00
5.8000000e-01 1.8383800e+03 0.0000000e+00 0.0000000e+00 9.0000000e-03 0.0000000e+00 0.0000000e+00 0.0000000e+00 0.0000000e+00 0.0000000e+00 0.0000000e+00
5.8250000e-01 1.8407300e+03 0.0000000e+00 0.0000000e+00 3.7000000e-03 0.0000000e+00 0.0000000e+00 0.0000000e+00 0.0000000e+00 0.0000000e+00 0.0000000e+00
5.8500000e-01 1.8430800e+03 0.0000000e+00 0.0000000e+00 2.3000000e-03 0.0000000e+00 0.0000000e+00 0.0000000e+00 0.0000000e+00 0.0000000e+00 0.0000000e+00
5.8750000e-01 1.8028300e+03 0.0000000e+00 0.0000000e+00 1.8000000e-03 0.0000000e+00 0.0000000e+00 0.0000000e+00 0.0000000e+00 0.0000000e+00 0.0000000e+00
5.9000000e-01 1.7625800e+03 0.0000000e+00 0.0000000e+00 9.0000000e-04 0.0000000e+00 0.0000000e+00 0.0000000e+00 0.0000000e+00 0.0000000e+00 0.0000000e+00
5.9250000e-01 1.7787800e+03 0.0000000e+00 0.0000000e+00 1.0000000e-03 0.0000000e+00 0.0000000e+00 0.0000000e+00 0.0000000e+00 0.0000000e+00 0.0000000e+00
5.9500000e-01 1.7949900e+03 0.0000000e+00 0.0000000e+00 0.0000000e+00 0.0000000e+00 0.0000000e+00 0.0000000e+00 0.0000000e+00 0.0000000e+00 0.0000000e+00
5.9750000e-01 1.7774800e+03 0.0000000e+00 0.0000000e+00 0.0000000e+00 0.0000000e+00 0.0000000e+00 0.0000000e+00 0.0000000e+00 0.0000000e+00 0.0000000e+00
6.0000000e-01 1.7599800e+03 0.0000000e+00 0.0000000e+00 0.0000000e+00 0.0000000e+00 0.0000000e+00 0.0000000e+00 0.0000000e+00 0.0000000e+00 0.0000000e+00
6.0250000e-01 1.7647300e+03 0.0000000e+00 0.0000000e+00 0.0000000e+00 0.0000000e+00 0.0000000e+00 0.0000000e+00 0.0000000e+00 0.0000000e+00 0.0000000e+00
6.0500000e-01 1.7694900e+03 0.0000000e+00 0.0000000e+00 0.0000000e+00 0.0000000e+00 0.0000000e+00 0.0000000e+00 0.0000000e+00 0.0000000e+00 0.0000000e+00
6.0750000e-01 1.7534800e+03 0.0000000e+00 0.0000000e+00 0.0000000e+00 0.0000000e+00 0.0000000e+00 0.0000000e+00 0.0000000e+00 0.0000000e+00 0.0000000e+00
6.1000000e-01 1.7374800e+03 0.0000000e+00 0.0000000e+00 0.0000000e+00 0.0000000e+00 0.0000000e+00 0.0000000e+00 0.0000000e+00 0.0000000e+00 0.0000000e+00
6.1250000e-01 1.7131400e+03 0.0000000e+00 0.0000000e+00 0.0000000e+00 0.0000000e+00 0.0000000e+00 0.0000000e+00 0.0000000e+00 0.0000000e+00 0.0000000e+00
6.1500000e-01 1.6888000e+03 0.0000000e+00 0.0000000e+00 0.0000000e+00 0.0000000e+00 0.0000000e+00 0.0000000e+00 0.0000000e+00 0.0000000e+00 0.0000000e+00
6.1750000e-01 1.7028800e+03 0.0000000e+00 0.0000000e+00 0.0000000e+00 0.0000000e+00 0.0000000e+00 0.0000000e+00 0.0000000e+00 0.0000000e+00 0.0000000e+00
6.2000000e-01 1.7169700e+03 0.0000000e+00 0.0000000e+00 0.0000000e+00 0.0000000e+00 0.0000000e+00 0.0000000e+00 0.0000000e+00 0.0000000e+00 0.0000000e+00
6.2250000e-01 1.6960699e+03 0.0000000e+00 0.0000000e+00 0.0000000e+00 0.0000000e+00 0.0000000e+00 0.0000000e+00 0.0000000e+00 0.0000000e+00 0.0000000e+00
6.2500000e-01 1.6751700e+03 0.0000000e+00 0.0000000e+00 0.0000000e+00 0.0000000e+00 0.0000000e+00 0.0000000e+00 0.0000000e+00 0.0000000e+00 0.0000000e+00
6.2750000e-01 1.6720300e+03 0.0000000e+00 0.0000000e+00 0.0000000e+00 0.0000000e+00 0.0000000e+00 0.0000000e+00 0.0000000e+00 0.0000000e+00 0.0000000e+00
6.3000000e-01 1.6688900e+03 0.0000000e+00 0.0000000e+00 0.0000000e+00 0.0000000e+00 0.0000000e+00 0.0000000e+00 0.0000000e+00 0.0000000e+00 0.0000000e+00
6.3250000e-01 1.6635601e+03 0.0000000e+00 0.0000000e+00 0.0000000e+00 0.0000000e+00 0.0000000e+00 0.0000000e+00 0.0000000e+00 0.0000000e+00 0.0000000e+00
6.3500000e-01 1.6582300e+03 0.0000000e+00 0.0000000e+00 0.0000000e+00 0.0000000e+00 0.0000000e+00 0.0000000e+00 0.0000000e+00 0.0000000e+00 0.0000000e+00
6.3750000e-01 1.6477500e+03 0.0000000e+00 0.0000000e+00 0.0000000e+00 0.0000000e+00 0.0000000e+00 0.0000000e+00 0.0000000e+00 0.0000000e+00 0.0000000e+00
6.4000000e-01 1.6372700e+03 0.0000000e+00 0.0000000e+00 0.0000000e+00 0.0000000e+00 0.0000000e+00 0.0000000e+00 0.0000000e+00 0.0000000e+00 0.0000000e+00
6.4250000e-01 1.6300200e+03 0.0000000e+00 0.0000000e+00 0.0000000e+00 3.6000000e-03 0.0000000e+00 0.0000000e+00 0.0000000e+00 0.0000000e+00 0.0000000e+00
6.4500000e-01 1.6227700e+03 0.0000000e+00 0.0000000e+00 0.0000000e+00 3.1000000e-03 0.0000000e+00 0.0000000e+00 0.0000000e+00 0.0000000e+00 0.0000000e+00
6.4750000e-01 1.6060601e+03 0.0000000e+00 0.0000000e+00 0.0000000e+00 4.0000000e-03 0.0000000e+00 0.0000000e+00 0.0000000e+00 0.0000000e+00 0.0000000e+00
6.5000000e-01 1.5893600e+03 0.0000000e+00 0.0000000e+00 0.0000000e+00 2.8000000e-03 0.0000000e+00 0.0000000e+00 0.0000000e+00 0.0000000e+00 0.0000000e+00
6.5250000e-01 1.5522900e+03 0.0000000e+00 0.0000000e+00 0.0000000e+00 5.2000000e-03 0.0000000e+00 0.0000000e+00 0.0000000e+00 0.0000000e+00 0.0000000e+00
6.5500000e-01 1.5152200e+03 0.0000000e+00 0.0000000e+00 0.0000000e+00 9.3000000e-03 0.0000000e+00 0.0000000e+00 0.0000000e+00 0.0000000e+00 0.0000000e+00
6.5750000e-01 1.5289100e+03 0.0000000e+00 0.0000000e+00 0.0000000e+00 2.9500000e-02 0.0000000e+00 0.0000000e+00 0.0000000e+00 0.0000000e+00 0.0000000e+00
6.6000000e-01 1.5426000e+03 0.0000000e+00 0.0000000e+00 0.0000000e+00 1.3290000e-01 0.0000000e+00 0.0000000e+00 0.0000000e+00 0.0000000e+00 0.0000000e+00
6.6250000e-01 1.5489000e+03 0.0000000e+00 0.0000000e+00 0.0000000e+00 5.1940000e-01 0.0000000e+00 0.0000000e+00 0.0000000e+00 0.0000000e+00 0.0000000e+00
6.6500000e-01 1.5552100e+03 0.0000000e+00 0.0000000e+00 0.0000000e+00 8.6750000e-01 0.0000000e+00 0.0000000e+00 0.0000000e+00 0.0000000e+00 0.0000000e+00
6.6750000e-01 1.5444100e+03 0.0000000e+00 0.0000000e+00 0.0000000e+00 9.2640000e-01 0.0000000e+00 0.0000000e+00 0.0000000e+00 0.0000000e+00 0.0000000e+00
6.7000000e-01 1.5336200e+03 0.0000000e+00 0.0000000e+00 0.0000000e+00 9.4370000e-01 0.0000000e+00 0.0000000e+00 0.0000000e+00 0.0000000e+00 0.0000000e+00
6.7250000e-01 1.5252400e+03 0.0000000e+00 0.0000000e+00 0.0000000e+00 9.7620000e-01 0.0000000e+00 0.0000000e+00 0.0000000e+00 0.0000000e+00 0.0000000e+00
6.7500000e-01 1.5168600e+03 0.0000000e+00 0.0000000e+00 0.0000000e+00 9.7150000e-01 0.0000000e+00 0.0000000e+00 0.0000000e+00 0.0000000e+00 0.0000000e+00
6.7750000e-01 1.5079200e+03 0.0000000e+00 0.0000000e+00 0.0000000e+00 4.8940000e-01 0.0000000e+00 0.0000000e+00 0.0000000e+00 0.0000000e+00 0.0000000e+00
6.8000000e-01 1.4989800e+03 0.0000000e+00 0.0000000e+00 0.0000000e+00 1.0140000e-01 0.0000000e+00 0.0000000e+00 0.0000000e+00 0.0000000e+00 0.0000000e+00
6.8250000e-01 1.4840699e+03 0.0000000e+00 0.0000000e+00 0.0000000e+00 2.4700000e-02 0.0000000e+00 0.0000000e+00 0.0000000e+00 0.0000000e+00 0.0000000e+00
6.8500000e-01 1.4691700e+03 0.0000000e+00 0.0000000e+00 0.0000000e+00 8.8000000e-03 0.0000000e+00 0.0000000e+00 0.0000000e+00 0.0000000e+00 0.0000000e+00
6.8750000e-01 1.4642800e+03 0.0000000e+00 0.0000000e+00 0.0000000e+00 4.8000000e-03 0.0000000e+00 0.0000000e+00 0.0000000e+00 0.0000000e+00 0.0000000e+00
6.9000000e-01 1.4593900e+03 0.0000000e+00 0.0000000e+00 0.0000000e+00 4.2000000e-03 0.0000000e+00 0.0000000e+00 0.0000000e+00 0.0000000e+00 0.0000000e+00
6.9250000e-01 1.4487300e+03 0.0000000e+00 0.0000000e+00 0.0000000e+00 3.9000000e-03 0.0000000e+00 0.0000000e+00 0.0000000e+00 0.0000000e+00 0.0000000e+00
6.9500000e-01 1.4380800e+03 0.0000000e+00 0.0000000e+00 0.0000000e+00 3.9000000e-03 0.0000000e+00 0.0000000e+00 0.0000000e+00 0.0000000e+00 0.0000000e+00
6.9750000e-01 1.4231600e+03 0.0000000e+00 0.0000000e+00 0.0000000e+00 3.3000000e-03 0.0000000e+00 0.0000000e+00 0.0000000e+00 0.0000000e+00 0.0000000e+00
7.0000000e-01 1.4082400e+03 0.0000000e+00 0.0000000e+00 0.0000000e+00 0.0000000e+00 0.0000000e+00 0.0000000e+00 0.0000000e+00 0.0000000e+00 0.0000000e+00
7.0250000e-01 1.4075300e+03 0.0000000e+00 0.0000000e+00 0.0000000e+00 0.0000000e+00 0.0000000e+00 0.0000000e+00 0.0000000e+00 0.0000000e+00 0.0000000e+00
7.0500000e-01 1.4068199e+03 0.0000000e+00 0.0000000e+00 0.0000000e+00 0.0000000e+00 0.0000000e+00 2.0000000e-03 0.0000000e+00 0.0000000e+00 0.0000000e+00
7.0750000e-01 1.3978199e+03 0.0000000e+00 0.0000000e+00 0.0000000e+00 0.0000000e+00 0.0000000e+00 1.9000000e-03 0.0000000e+00 0.0000000e+00 0.0000000e+00
7.1000000e-01 1.3888199e+03 0.0000000e+00 0.0000000e+00 0.0000000e+00 0.0000000e+00 0.0000000e+00 3.3000000e-03 0.0000000e+00 0.0000000e+00 0.0000000e+00
7.1250000e-01 1.3785100e+03 0.0000000e+00 0.0000000e+00 0.0000000e+00 0.0000000e+00 0.0000000e+00 3.2000000e-03 0.0000000e+00 0.0000000e+00 0.0000000e+00
7.1500000e-01 1.3682100e+03 0.0000000e+00 0.0000000e+00 0.0000000e+00 0.0000000e+00 0.0000000e+00 6.8000000e-03 0.0000000e+00 0.0000000e+00 0.0000000e+00
7.1750000e-01 1.3521300e+03 0.0000000e+00 0.0000000e+00 0.0000000e+00 0.0000000e+00 0.0000000e+00 7.5000000e-03 0.0000000e+00 0.0000000e+00 0.0000000e+00
7.2000000e-01 1.3360500e+03 0.0000000e+00 0.0000000e+00 0.0000000e+00 0.0000000e+00 0.0000000e+00 1.0000000e-02 0.0000000e+00 0.0000000e+00 0.0000000e+00
7.2250000e-01 1.3438800e+03 0.0000000e+00 0.0000000e+00 0.0000000e+00 0.0000000e+00 0.0000000e+00 1.6700000e-02 0.0000000e+00 0.0000000e+00 0.0000000e+00
7.2500000e-01 1.3517100e+03 0.0000000e+00 0.0000000e+00 0.0000000e+00 0.0000000e+00 0.0000000e+00 2.3000000e-02 0.0000000e+00 0.0000000e+00 0.0000000e+00
7.2750000e-01 1.3396000e+03 0.0000000e+00 0.0000000e+00 0.0000000e+00 0.0000000e+00 0.0000000e+00 3.3600000e-02 0.0000000e+00 0.0000000e+00 0.0000000e+00
7.3000000e-01 1.3275000e+03 0.0000000e+00 0.0000000e+00 0.0000000e+00 0.0000000e+00 0.0000000e+00 4.9900000e-02 0.0000000e+00 0.0000000e+00 0.0000000e+00
7.3250000e-01 1.3207200e+03 0.0000000e+00 0.0000000e+00 0.0000000e+00 0.0000000e+00 0.0000000e+00 7.5000000e-02 0.0000000e+00 0.0000000e+00 0.0000000e+00
7.3500000e-01 1.3139399e+03 0.0000000e+00 0.0000000e+00 0.0000000e+00 0.0000000e+00 0.0000000e+00 1.1770000e-01 0.0000000e+00 0.0000000e+00 0.0000000e+00
7.3750000e-01 1.2949399e+03 0.0000000e+00 0.0000000e+00 0.0000000e+00 0.0000000e+00 0.0000000e+00 1.8870000e-01 0.0000000e+00 0.0000000e+00 0.0000000e+00
7.4000000e-01 1.2759399e+03 0.0000000e+00 0.0000000e+00 0.0000000e+00 0.0000000e+00 0.0000000e+00 2.8520000e-01 0.0000000e+00 0.0000000e+00 0.0000000e+00
7.4250000e-01 1.2809200e+03 0.0000000e+00 0.0000000e+00 0.0000000e+00 0.0000000e+00 0.0000000e+00 4.3260000e-01 0.0000000e+00 0.0000000e+00 0.0000000e+00
7.4500000e-01 1.2859000e+03 0.0000000e+00 0.0000000e+00 0.0000000e+00 0.0000000e+00 0.0000000e+00 5.8300000e-01 0.0000000e+00 0.0000000e+00 0.0000000e+00
7.4750000e-01 1.2780400e+03 0.0000000e+00 0.0000000e+00 0.0000000e+00 0.0000000e+00 2.5000000e-03 7.0390000e-01 0.0000000e+00 0.0000000e+00 0.0000000e+00
7.5000000e-01 1.2701899e+03 0.0000000e+00 0.0000000e+00 0.0000000e+00 0.0000000e+00 3.3000000e-03 7.8080000e-01	0.0000000e+00 0.0000000e+00 0.0000000e+00
7.5250000e-01 1.2636801e+03 0.0000000e+00 0.0000000e+00 0.0000000e+00 0.0000000e+00 1.3300000e-02 8.1630000e-01	0.0000000e+00 0.0000000e+00 0.0000000e+00
7.5500000e-01 1.2571801e+03 0.0000000e+00 0.0000000e+00 0.0000000e+00 0.0000000e+00 1.0360000e-01 8.4680000e-01	0.0000000e+00 0.0000000e+00 0.0000000e+00
7.5750000e-01 1.2498000e+03 0.0000000e+00 0.0000000e+00 0.0000000e+00 0.0000000e+00 5.0590000e-01 8.3870000e-01	0.0000000e+00 0.0000000e+00 0.0000000e+00
7.6000000e-01 1.2424100e+03 0.0000000e+00 0.0000000e+00 0.0000000e+00 0.0000000e+00 8.9380000e-01 8.6470000e-01	0.0000000e+00 0.0000000e+00 0.0000000e+00
7.6250000e-01 1.2313000e+03 0.0000000e+00 0.0000000e+00 0.0000000e+00 0.0000000e+00 9.9700000e-01 8.6870000e-01	0.0000000e+00 0.0000000e+00 0.0000000e+00
7.6500000e-01 1.2201899e+03 0.0000000e+00 0.0000000e+00 0.0000000e+00 0.0000000e+00 9.7130000e-01 8.8310000e-01	0.0000000e+00 0.0000000e+00 0.0000000e+00
7.6750000e-01 1.2121400e+03 0.0000000e+00 0.0000000e+00 0.0000000e+00 0.0000000e+00 7.0020000e-01 9.2630000e-01	0.0000000e+00 0.0000000e+00 0.0000000e+00
7.7000000e-01 1.2041000e+03 0.0000000e+00 0.0000000e+00 0.0000000e+00 0.0000000e+00 1.6440000e-01 9.6780000e-01	0.0000000e+00 0.0000000e+00 0.0000000e+00
7.7250000e-01 1.2016899e+03 0.0000000e+00 0.0000000e+00 0.0000000e+00 0.0000000e+00 1.8100000e-02 9.9960000e-01	0.0000000e+00 0.0000000e+00 0.0000000e+00
7.7500000e-01 1.1992900e+03 0.0000000e+00 0.0000000e+00 0.0000000e+00 0.0000000e+00 6.3000000e-03 9.9090000e-01	0.0000000e+00 0.0000000e+00 0.0000000e+00
7.7750000e-01 1.1947800e+03 0.0000000e+00 0.0000000e+00 0.0000000e+00 0.0000000e+00 0.0000000e+00 8.6580000e-01	0.0000000e+00 0.0000000e+00 0.0000000e+00
7.8000000e-01 1.1902700e+03 0.0000000e+00 0.0000000e+00 0.0000000e+00 0.0000000e+00 0.0000000e+00 6.4820000e-01	0.0000000e+00 0.0000000e+00 0.0000000e+00
7.8250000e-01 1.1854700e+03 0.0000000e+00 0.0000000e+00 0.0000000e+00 0.0000000e+00 0.0000000e+00 4.3580000e-01	0.0000000e+00 0.0000000e+00 0.0000000e+00
7.8500000e-01 1.1806801e+03 0.0000000e+00 0.0000000e+00 0.0000000e+00 0.0000000e+00 0.0000000e+00 2.6700000e-01	0.0000000e+00 0.0000000e+00 0.0000000e+00
7.8750000e-01 1.1743800e+03 0.0000000e+00 0.0000000e+00 0.0000000e+00 0.0000000e+00 0.0000000e+00 1.6150000e-01	0.0000000e+00 0.0000000e+00 0.0000000e+00
7.9000000e-01 1.1680900e+03 0.0000000e+00 0.0000000e+00 0.0000000e+00 0.0000000e+00 0.0000000e+00 9.5500000e-02 0.0000000e+00 0.0000000e+00 0.0000000e+00
7.9250000e-01 1.1561700e+03 0.0000000e+00 0.0000000e+00 0.0000000e+00 0.0000000e+00 0.0000000e+00 5.7000000e-02 0.0000000e+00 0.0000000e+00 0.0000000e+00
7.9500000e-01 1.1442600e+03 0.0000000e+00 0.0000000e+00 0.0000000e+00 0.0000000e+00 0.0000000e+00 3.5700000e-02 0.0000000e+00 0.0000000e+00 0.0000000e+00
7.9750000e-01 1.1434600e+03 0.0000000e+00 0.0000000e+00 0.0000000e+00 0.0000000e+00 0.0000000e+00 2.3000000e-02 0.0000000e+00 0.0000000e+00 0.0000000e+00
8.0000000e-01 1.1426700e+03 0.0000000e+00 0.0000000e+00 0.0000000e+00 0.0000000e+00 0.0000000e+00 1.4900000e-02 0.0000000e+00 0.0000000e+00 0.0000000e+00
8.0250000e-01 1.1329500e+03 0.0000000e+00 0.0000000e+00 0.0000000e+00 0.0000000e+00 0.0000000e+00 1.0400000e-02 0.0000000e+00 0.0000000e+00 0.0000000e+00
8.0500000e-01 1.1232300e+03 0.0000000e+00 0.0000000e+00 0.0000000e+00 0.0000000e+00 0.0000000e+00 7.7000000e-03 3.1000000e-03 0.0000000e+00 0.0000000e+00
8.0750000e-01 1.1167100e+03 0.0000000e+00 0.0000000e+00 0.0000000e+00 0.0000000e+00 0.0000000e+00 5.9000000e-03 2.9000000e-03 0.0000000e+00 0.0000000e+00
8.1000000e-01 1.1101899e+03 0.0000000e+00 0.0000000e+00 0.0000000e+00 0.0000000e+00 0.0000000e+00 5.0000000e-03 3.1000000e-03 0.0000000e+00 0.0000000e+00
8.1250000e-01 1.1108900e+03 0.0000000e+00 0.0000000e+00 0.0000000e+00 0.0000000e+00 0.0000000e+00 4.0000000e-03 5.4000000e-03 0.0000000e+00 0.0000000e+00
8.1500000e-01 1.1115900e+03 0.0000000e+00 0.0000000e+00 0.0000000e+00 0.0000000e+00 0.0000000e+00 3.8000000e-03 3.5000000e-03 0.0000000e+00 0.0000000e+00
8.1750000e-01 1.0948000e+03 0.0000000e+00 0.0000000e+00 0.0000000e+00 0.0000000e+00 0.0000000e+00 3.6000000e-03 4.3000000e-03 0.0000000e+00 0.0000000e+00
8.2000000e-01 1.0780100e+03 0.0000000e+00 0.0000000e+00 0.0000000e+00 0.0000000e+00 0.0000000e+00 2.3000000e-03 4.6000000e-03 0.0000000e+00 0.0000000e+00
8.2250000e-01 1.0777500e+03 0.0000000e+00 0.0000000e+00 0.0000000e+00 0.0000000e+00 0.0000000e+00 2.4000000e-03 4.7000000e-03 0.0000000e+00 0.0000000e+00
8.2500000e-01 1.0774900e+03 0.0000000e+00 0.0000000e+00 0.0000000e+00 0.0000000e+00 0.0000000e+00 0.0000000e+00 6.8000000e-03 0.0000000e+00 0.0000000e+00
8.2750000e-01 1.0738900e+03 0.0000000e+00 0.0000000e+00 0.0000000e+00 0.0000000e+00 0.0000000e+00 0.0000000e+00 9.6000000e-03 0.0000000e+00 0.0000000e+00
8.3000000e-01 1.0702900e+03 0.0000000e+00 0.0000000e+00 0.0000000e+00 0.0000000e+00 0.0000000e+00 0.0000000e+00 1.1800000e-02 0.0000000e+00 0.0000000e+00
8.3250000e-01 1.0587100e+03 0.0000000e+00 0.0000000e+00 0.0000000e+00 0.0000000e+00 0.0000000e+00 0.0000000e+00 1.6700000e-02 0.0000000e+00 0.0000000e+00
8.3500000e-01 1.0471300e+03 0.0000000e+00 0.0000000e+00 0.0000000e+00 0.0000000e+00 0.0000000e+00 0.0000000e+00 2.8300000e-02 0.0000000e+00 0.0000000e+00
8.3750000e-01 1.0456600e+03 0.0000000e+00 0.0000000e+00 0.0000000e+00 0.0000000e+00 0.0000000e+00 0.0000000e+00 5.0300000e-02 0.0000000e+00 0.0000000e+00
8.4000000e-01 1.0442000e+03 0.0000000e+00 0.0000000e+00 0.0000000e+00 0.0000000e+00 0.0000000e+00 0.0000000e+00 9.4800000e-02 0.0000000e+00 0.0000000e+00
8.4250000e-01 1.0370300e+03 0.0000000e+00 0.0000000e+00 0.0000000e+00 0.0000000e+00 0.0000000e+00 0.0000000e+00 1.7970000e-01 0.0000000e+00 0.0000000e+00
8.4500000e-01 1.0298600e+03 0.0000000e+00 0.0000000e+00 0.0000000e+00 0.0000000e+00 0.0000000e+00 0.0000000e+00 3.3610000e-01 0.0000000e+00 0.0000000e+00
8.4750000e-01 1.0104000e+03 0.0000000e+00 0.0000000e+00 0.0000000e+00 0.0000000e+00 0.0000000e+00 0.0000000e+00 5.6460000e-01 0.0000000e+00 0.0000000e+00
8.5000000e-01 9.9094000e+02 0.0000000e+00 0.0000000e+00 0.0000000e+00 0.0000000e+00 0.0000000e+00 0.0000000e+00 8.0250000e-01 0.0000000e+00 0.0000000e+00
8.5250000e-01 9.6690997e+02 0.0000000e+00 0.0000000e+00 0.0000000e+00 0.0000000e+00 0.0000000e+00 0.0000000e+00 9.5110000e-01 0.0000000e+00 0.0000000e+00
8.5500000e-01 9.4289001e+02 0.0000000e+00 0.0000000e+00 0.0000000e+00 0.0000000e+00 0.0000000e+00 0.0000000e+00 9.9660000e-01 0.0000000e+00 0.0000000e+00
8.5750000e-01 9.7287000e+02 0.0000000e+00 0.0000000e+00 0.0000000e+00 0.0000000e+00 0.0000000e+00 0.0000000e+00 9.9130000e-01 0.0000000e+00 0.0000000e+00
8.6000000e-01 1.0028600e+03 0.0000000e+00 0.0000000e+00 0.0000000e+00 0.0000000e+00 0.0000000e+00 0.0000000e+00 9.7800000e-01 0.0000000e+00 0.0000000e+00
8.6250000e-01 9.7892999e+02 0.0000000e+00 0.0000000e+00 0.0000000e+00 0.0000000e+00 0.0000000e+00 0.0000000e+00 9.6530000e-01 0.0000000e+00 0.0000000e+00
8.6500000e-01 9.5500000e+02 0.0000000e+00 0.0000000e+00 0.0000000e+00 0.0000000e+00 0.0000000e+00 0.0000000e+00 9.5240000e-01 0.0000000e+00 0.0000000e+00
8.6750000e-01 9.6095001e+02 0.0000000e+00 0.0000000e+00 0.0000000e+00 0.0000000e+00 0.0000000e+00 0.0000000e+00 9.3820000e-01 0.0000000e+00 0.0000000e+00
8.7000000e-01 9.6690997e+02 0.0000000e+00 0.0000000e+00 0.0000000e+00 0.0000000e+00 0.0000000e+00 0.0000000e+00 9.1790000e-01 0.0000000e+00 0.0000000e+00
8.7250000e-01 9.8331000e+02 0.0000000e+00 0.0000000e+00 0.0000000e+00 0.0000000e+00 0.0000000e+00 0.0000000e+00 8.8320000e-01 0.0000000e+00 0.0000000e+00
8.7500000e-01 9.9971002e+02 0.0000000e+00 0.0000000e+00 0.0000000e+00 0.0000000e+00 0.0000000e+00 0.0000000e+00 8.2610000e-01 0.0000000e+00 0.0000000e+00
8.7750000e-01 9.9190997e+02 0.0000000e+00 0.0000000e+00 0.0000000e+00 0.0000000e+00 0.0000000e+00 0.0000000e+00 7.1630000e-01 0.0000000e+00 0.0000000e+00
8.8000000e-01 9.8410999e+02 0.0000000e+00 0.0000000e+00 0.0000000e+00 0.0000000e+00 0.0000000e+00 0.0000000e+00 5.3980000e-01 2.9000000e-03 0.0000000e+00
8.8250000e-01 9.7904999e+02 0.0000000e+00 0.0000000e+00 0.0000000e+00 0.0000000e+00 0.0000000e+00 0.0000000e+00 3.5290000e-01 4.5000000e-03 0.0000000e+00
8.8500000e-01 9.7398999e+02 0.0000000e+00 0.0000000e+00 0.0000000e+00 0.0000000e+00 0.0000000e+00 0.0000000e+00 2.0860000e-01 8.4000000e-03 0.0000000e+00
8.8750000e-01 9.6878998e+02 0.0000000e+00 0.0000000e+00 0.0000000e+00 0.0000000e+00 0.0000000e+00 0.0000000e+00 1.1510000e-01 2.0000000e-02 0.0000000e+00
8.9000000e-01 9.6359998e+02 0.0000000e+00 0.0000000e+00 0.0000000e+00 0.0000000e+00 0.0000000e+00 0.0000000e+00 6.5500000e-02 4.1900000e-02 0.0000000e+00
8.9250000e-01 9.5822998e+02 0.0000000e+00 0.0000000e+00 0.0000000e+00 0.0000000e+00 0.0000000e+00 0.0000000e+00 3.6300000e-02 1.1440000e-01 0.0000000e+00
8.9500000e-01 9.5287000e+02 0.0000000e+00 0.0000000e+00 0.0000000e+00 0.0000000e+00 0.0000000e+00 0.0000000e+00 2.2400000e-02 2.9780000e-01 0.0000000e+00
8.9750000e-01 9.4792999e+02 0.0000000e+00 0.0000000e+00 0.0000000e+00 0.0000000e+00 0.0000000e+00 0.0000000e+00 1.2600000e-02 6.4250000e-01 0.0000000e+00
9.0000000e-01 9.4298999e+02 0.0000000e+00 0.0000000e+00 0.0000000e+00 0.0000000e+00 0.0000000e+00 0.0000000e+00 1.0100000e-02 9.2920000e-01 0.0000000e+00
9.0250000e-01 9.3798999e+02 0.0000000e+00 0.0000000e+00 0.0000000e+00 0.0000000e+00 0.0000000e+00 0.0000000e+00 6.2000000e-03 1.0000000e+00 0.0000000e+00
9.0500000e-01 9.3300000e+02 0.0000000e+00 0.0000000e+00 0.0000000e+00 0.0000000e+00 0.0000000e+00 0.0000000e+00 4.8000000e-03 9.8220000e-01 0.0000000e+00
9.0750000e-01 9.2800000e+02 0.0000000e+00 0.0000000e+00 0.0000000e+00 0.0000000e+00 0.0000000e+00 0.0000000e+00 3.5000000e-03 9.5230000e-01 0.0000000e+00
9.1000000e-01 9.2300000e+02 0.0000000e+00 0.0000000e+00 0.0000000e+00 0.0000000e+00 0.0000000e+00 0.0000000e+00 3.3000000e-03 9.5320000e-01 0.0000000e+00
9.1250000e-01 9.1817999e+02 0.0000000e+00 0.0000000e+00 0.0000000e+00 0.0000000e+00 0.0000000e+00 0.0000000e+00 3.6000000e-03 9.4580000e-01 0.0000000e+00
9.1500000e-01 9.1337000e+02 0.0000000e+00 0.0000000e+00 0.0000000e+00 0.0000000e+00 0.0000000e+00 0.0000000e+00 2.2000000e-03 8.3920000e-01 0.0000000e+00
9.1750000e-01 9.0873999e+02 0.0000000e+00 0.0000000e+00 0.0000000e+00 0.0000000e+00 0.0000000e+00 0.0000000e+00 2.0000000e-03 5.1300000e-01 0.0000000e+00
9.2000000e-01 9.0410999e+02 0.0000000e+00 0.0000000e+00 0.0000000e+00 0.0000000e+00 0.0000000e+00 0.0000000e+00 2.8000000e-03 2.1580000e-01 0.0000000e+00
9.2250000e-01 8.9904999e+02 0.0000000e+00 0.0000000e+00 0.0000000e+00 0.0000000e+00 0.0000000e+00 0.0000000e+00 1.9000000e-03 8.2400000e-02 0.0000000e+00
9.2500000e-01 8.9398999e+02 0.0000000e+00 0.0000000e+00 0.0000000e+00 0.0000000e+00 0.0000000e+00 0.0000000e+00 1.2000000e-03 3.4300000e-02 0.0000000e+00
9.2750000e-01 8.8917999e+02 0.0000000e+00 0.0000000e+00 0.0000000e+00 0.0000000e+00 0.0000000e+00 0.0000000e+00 0.0000000e+00 1.6600000e-02 0.0000000e+00
9.3000000e-01 8.8437000e+02 0.0000000e+00 0.0000000e+00 0.0000000e+00 0.0000000e+00 0.0000000e+00 0.0000000e+00 0.0000000e+00 9.5000000e-03 0.0000000e+00
9.3250000e-01 8.7973999e+02 0.0000000e+00 0.0000000e+00 0.0000000e+00 0.0000000e+00 0.0000000e+00 0.0000000e+00 0.0000000e+00 5.3000000e-03 0.0000000e+00
9.3500000e-01 8.7512000e+02 0.0000000e+00 0.0000000e+00 0.0000000e+00 0.0000000e+00 0.0000000e+00 0.0000000e+00 0.0000000e+00 3.8000000e-03 0.0000000e+00
9.3750000e-01 8.7023999e+02 0.0000000e+00 0.0000000e+00 0.0000000e+00 0.0000000e+00 0.0000000e+00 0.0000000e+00 0.0000000e+00 3.3000000e-03 0.0000000e+00
9.4000000e-01 8.6535999e+02 0.0000000e+00 0.0000000e+00 0.0000000e+00 0.0000000e+00 0.0000000e+00 0.0000000e+00 0.0000000e+00 0.0000000e+00 0.0000000e+00
9.4250000e-01 8.6094000e+02 0.0000000e+00 0.0000000e+00 0.0000000e+00 0.0000000e+00 0.0000000e+00 0.0000000e+00 0.0000000e+00 0.0000000e+00 0.0000000e+00
9.4500000e-01 8.5653003e+02 0.0000000e+00 0.0000000e+00 0.0000000e+00 0.0000000e+00 0.0000000e+00 0.0000000e+00 0.0000000e+00 0.0000000e+00 0.0000000e+00
9.4750000e-01 8.5202002e+02 0.0000000e+00 0.0000000e+00 0.0000000e+00 0.0000000e+00 0.0000000e+00 0.0000000e+00 0.0000000e+00 0.0000000e+00 0.0000000e+00
9.5000000e-01 8.4750000e+02 0.0000000e+00 0.0000000e+00 0.0000000e+00 0.0000000e+00 0.0000000e+00 0.0000000e+00 0.0000000e+00 0.0000000e+00 0.0000000e+00
9.5250000e-01 8.4300000e+02 0.0000000e+00 0.0000000e+00 0.0000000e+00 0.0000000e+00 0.0000000e+00 0.0000000e+00 0.0000000e+00 0.0000000e+00 0.0000000e+00
9.5500000e-01 8.3850000e+02 0.0000000e+00 0.0000000e+00 0.0000000e+00 0.0000000e+00 0.0000000e+00 0.0000000e+00 0.0000000e+00 0.0000000e+00 0.0000000e+00
9.5750000e-01 8.3398999e+02 0.0000000e+00 0.0000000e+00 0.0000000e+00 0.0000000e+00 0.0000000e+00 0.0000000e+00 0.0000000e+00 0.0000000e+00 0.0000000e+00
9.6000000e-01 8.2948999e+02 0.0000000e+00 0.0000000e+00 0.0000000e+00 0.0000000e+00 0.0000000e+00 0.0000000e+00 0.0000000e+00 0.0000000e+00 0.0000000e+00
9.6250000e-01 8.2497998e+02 0.0000000e+00 0.0000000e+00 0.0000000e+00 0.0000000e+00 0.0000000e+00 0.0000000e+00 0.0000000e+00 0.0000000e+00 0.0000000e+00
9.6500000e-01 8.2047998e+02 0.0000000e+00 0.0000000e+00 0.0000000e+00 0.0000000e+00 0.0000000e+00 0.0000000e+00 0.0000000e+00 0.0000000e+00 0.0000000e+00
9.6750000e-01 8.1598999e+02 0.0000000e+00 0.0000000e+00 0.0000000e+00 0.0000000e+00 0.0000000e+00 0.0000000e+00 0.0000000e+00 0.0000000e+00 0.0000000e+00
9.7000000e-01 8.1150000e+02 0.0000000e+00 0.0000000e+00 0.0000000e+00 0.0000000e+00 0.0000000e+00 0.0000000e+00 0.0000000e+00 0.0000000e+00 0.0000000e+00
9.7250000e-01 8.0698999e+02 0.0000000e+00 0.0000000e+00 0.0000000e+00 0.0000000e+00 0.0000000e+00 0.0000000e+00 0.0000000e+00 0.0000000e+00 0.0000000e+00
9.7500000e-01 8.0248999e+02 0.0000000e+00 0.0000000e+00 0.0000000e+00 0.0000000e+00 0.0000000e+00 0.0000000e+00 0.0000000e+00 0.0000000e+00 0.0000000e+00
9.7750000e-01 7.9816998e+02 0.0000000e+00 0.0000000e+00 0.0000000e+00 0.0000000e+00 0.0000000e+00 0.0000000e+00 0.0000000e+00 0.0000000e+00 0.0000000e+00
9.8000000e-01 7.9385999e+02 0.0000000e+00 0.0000000e+00 0.0000000e+00 0.0000000e+00 0.0000000e+00 0.0000000e+00 0.0000000e+00 0.0000000e+00 0.0000000e+00
9.8250000e-01 7.8973999e+02 0.0000000e+00 0.0000000e+00 0.0000000e+00 0.0000000e+00 0.0000000e+00 0.0000000e+00 0.0000000e+00 0.0000000e+00 0.0000000e+00
9.8500000e-01 7.8563000e+02 0.0000000e+00 0.0000000e+00 0.0000000e+00 0.0000000e+00 0.0000000e+00 0.0000000e+00 0.0000000e+00 0.0000000e+00 0.0000000e+00
9.8750000e-01 7.8125000e+02 0.0000000e+00 0.0000000e+00 0.0000000e+00 0.0000000e+00 0.0000000e+00 0.0000000e+00 0.0000000e+00 0.0000000e+00 0.0000000e+00
9.9000000e-01 7.7687000e+02 0.0000000e+00 0.0000000e+00 0.0000000e+00 0.0000000e+00 0.0000000e+00 0.0000000e+00 0.0000000e+00 0.0000000e+00 2.4000000e-03
9.9250000e-01 7.7291998e+02 0.0000000e+00 0.0000000e+00 0.0000000e+00 0.0000000e+00 0.0000000e+00 0.0000000e+00 0.0000000e+00 0.0000000e+00 2.4000000e-03
9.9500000e-01 7.6897998e+02 0.0000000e+00 0.0000000e+00 0.0000000e+00 0.0000000e+00 0.0000000e+00 0.0000000e+00 0.0000000e+00 0.0000000e+00 2.7000000e-03
9.9750000e-01 7.6479999e+02 0.0000000e+00 0.0000000e+00 0.0000000e+00 0.0000000e+00 0.0000000e+00 0.0000000e+00 0.0000000e+00 0.0000000e+00 4.2000000e-03
1.0000000e+00 7.6063000e+02 0.0000000e+00 0.0000000e+00 0.0000000e+00 0.0000000e+00 0.0000000e+00 0.0000000e+00 0.0000000e+00 0.0000000e+00 6.4000000e-03
1.0025000e+00 7.5606000e+02 0.0000000e+00 0.0000000e+00 0.0000000e+00 0.0000000e+00 0.0000000e+00 0.0000000e+00 0.0000000e+00 0.0000000e+00 1.4800000e-02
1.0050000e+00 7.5148999e+02 0.0000000e+00 0.0000000e+00 0.0000000e+00 0.0000000e+00 0.0000000e+00 0.0000000e+00 0.0000000e+00 0.0000000e+00 3.6000000e-02
1.0075000e+00 7.4698999e+02 0.0000000e+00 0.0000000e+00 0.0000000e+00 0.0000000e+00 0.0000000e+00 0.0000000e+00 0.0000000e+00 0.0000000e+00 1.0190000e-01
1.0100000e+00 7.4248999e+02 0.0000000e+00 0.0000000e+00 0.0000000e+00 0.0000000e+00 0.0000000e+00 0.0000000e+00 0.0000000e+00 0.0000000e+00 3.0600000e-01
1.0125000e+00 7.3817999e+02 0.0000000e+00 0.0000000e+00 0.0000000e+00 0.0000000e+00 0.0000000e+00 0.0000000e+00 0.0000000e+00 0.0000000e+00 7.6070000e-01
1.0150000e+00 7.3388000e+02 0.0000000e+00 0.0000000e+00 0.0000000e+00 0.0000000e+00 0.0000000e+00 0.0000000e+00 0.0000000e+00 0.0000000e+00 9.9440000e-01
1.0175000e+00 7.2976001e+02 0.0000000e+00 0.0000000e+00 0.0000000e+00 0.0000000e+00 0.0000000e+00 0.0000000e+00 0.0000000e+00 0.0000000e+00 9.6340000e-01
1.0200000e+00 7.2563000e+02 0.0000000e+00 0.0000000e+00 0.0000000e+00 0.0000000e+00 0.0000000e+00 0.0000000e+00 0.0000000e+00 0.0000000e+00 9.1480000e-01
1.0225000e+00 7.2123999e+02 0.0000000e+00 0.0000000e+00 0.0000000e+00 0.0000000e+00 0.0000000e+00 0.0000000e+00 0.0000000e+00 0.0000000e+00 8.5760000e-01
1.0250000e+00 7.1685999e+02 0.0000000e+00 0.0000000e+00 0.0000000e+00 0.0000000e+00 0.0000000e+00 0.0000000e+00 0.0000000e+00 0.0000000e+00 7.7690000e-01
1.0275000e+00 7.1291998e+02 0.0000000e+00 0.0000000e+00 0.0000000e+00 0.0000000e+00 0.0000000e+00 0.0000000e+00 0.0000000e+00 0.0000000e+00 5.9270000e-01
1.0300000e+00 7.0898999e+02 0.0000000e+00 0.0000000e+00 0.0000000e+00 0.0000000e+00 0.0000000e+00 0.0000000e+00 0.0000000e+00 0.0000000e+00 3.0030000e-01
1.0325000e+00 7.0481000e+02 0.0000000e+00 0.0000000e+00 0.0000000e+00 0.0000000e+00 0.0000000e+00 0.0000000e+00 0.0000000e+00 0.0000000e+00 9.0500000e-02
1.0350000e+00 7.0063000e+02 0.0000000e+00 0.0000000e+00 0.0000000e+00 0.0000000e+00 0.0000000e+00 0.0000000e+00 0.0000000e+00 0.0000000e+00 2.5900000e-02
1.0375000e+00 6.9625000e+02 0.0000000e+00 0.0000000e+00 0.0000000e+00 0.0000000e+00 0.0000000e+00 0.0000000e+00 0.0000000e+00 0.0000000e+00 9.2000000e-03
1.0400000e+00 6.9187000e+02 0.0000000e+00 0.0000000e+00 0.0000000e+00 0.0000000e+00 0.0000000e+00 0.0000000e+00 0.0000000e+00 0.0000000e+00 5.1000000e-03
1.0425000e+00 6.8794000e+02 0.0000000e+00 0.0000000e+00 0.0000000e+00 0.0000000e+00 0.0000000e+00 0.0000000e+00 0.0000000e+00 0.0000000e+00 2.1000000e-03
1.0450000e+00 6.8401001e+02 0.0000000e+00 0.0000000e+00 0.0000000e+00 0.0000000e+00 0.0000000e+00 0.0000000e+00 0.0000000e+00 0.0000000e+00 2.4000000e-03
1.0475000e+00 6.8001001e+02 0.0000000e+00 0.0000000e+00 0.0000000e+00 0.0000000e+00 0.0000000e+00 0.0000000e+00 0.0000000e+00 0.0000000e+00 2.0000000e-03
