Name: Illite (K,H3O)(Al,Mg,Fe)2(Si,Al)4O10[(OH)2,H2O] 
Type:  Mineral
Class:   Silicates
Subclass:   Phyllosilicates (Sheet Silicates); (MicaGroup)
Particle Size:  0-2 micrometers.  (Packed powder simulates coarse.)
Sample No.:  illite.1
Owner:  JHU
Wavelength Range:  IR
Origin:  Silver Hill, Montana via Clay Mineral Society, Source Clay 
Mineral Repository #IMT-1.
Description: The sample was a greenish, earthy clay.  The bulk 
sample contained quartz and illite/smectite, but the 2 micrometers 
particle-size separate is pure illite/smectite, with 95% illite layers.



Measurement:  Bidirectional reflectance 
First Column:  X
Second Column:  Y  
X Units:  Wavelength (micrometers)
Y Units:  Reflectance (percent)
First X Value:  25.0442
Last X Value:  2.079
Number of X Values:  2287
Additional Information:  none

25.04420302	7.5586
24.9237955	7.4472
24.80454022	7.4961
24.68642074	7.5832
24.5694209	7.6802
24.45358465	7.5937
24.3387763	7.4736
24.22504094	7.552
24.11236361	7.6709
24.00072962	7.8017
23.89012454	7.8286
23.78053421	7.8105
23.67194472	7.893
23.56434244	7.9887
23.45771395	7.949
23.35204611	7.8977
23.24732598	7.8608
23.14354087	7.7978
23.04067832	7.7412
22.93872607	7.707
22.83767211	7.667
22.7375046	7.6787
22.63821194	7.6728
22.53978272	7.5845
22.44220571	7.5107
22.3454699	7.5532
22.24956446	7.5898
22.15447875	7.5813
22.06020229	7.7231
21.96677306	7.7846
21.87408402	7.7939
21.7821739	7.9179
21.69103293	8.1113
21.60065148	8.2702
21.5110201	8.4328
21.42212949	8.6413
21.33397051	8.8449
21.24653416	9.0622
21.15981159	9.1826
21.0737941	9.2588
20.98847313	9.3652
20.90384024	9.4419
20.81988716	9.4531
20.73660571	9.3552
20.65398787	9.2468
20.57202575	9.1203
20.49071156	8.896
20.41003766	8.7241
20.3299965	8.6294
20.25058069	8.4595
20.1717829	8.3564
20.09359597	8.2803
20.01601281	8.1687
19.93906621	8.1054
19.8626695	8.1404
19.78685599	8.1553
19.71161901	8.084
19.63695203	8.05
19.56284859	8.1484
19.48930232	8.2546
19.41630698	8.3325
19.34385639	8.4541
19.27194448	8.5637
19.20056526	8.6767
19.12971284	8.8281
19.05938141	8.968
18.98956523	9.0815
18.92025868	9.2441
18.85145618	9.3838
18.78315226	9.5
18.71534153	9.6999
18.64801865	9.9153
18.58117838	10.053
18.51481556	10.1528
18.44892507	10.2807
18.38350191	10.4206
18.31854111	10.4765
18.25407111	10.5378
18.19002023	10.5852
18.12641726	10.5898
18.06325753	10.6198
18.00053642	10.6613
17.93824937	10.6562
17.8763919	10.6833
17.81495958	10.7275
17.75394803	10.7136
17.69335296	10.6621
17.63317011	10.6325
17.57339529	10.5632
17.51402436	10.4287
17.45505324	10.3142
17.39647791	10.1938
17.3382944	9.9988
17.28049878	9.8044
17.2230872	9.614
17.16605584	9.3977
17.10940093	9.1589
17.05311876	8.8681
16.99720566	8.5439
16.94165801	8.237
16.88647225	7.905
16.83167317	7.5005
16.77720046	7.0867
16.72307919	6.7077
16.66930597	6.3337
16.61587747	5.9753
16.56279037	5.6277
16.51004141	5.2695
16.45762737	4.916
16.40554507	4.6526
16.35379138	4.4429
16.30236319	4.1924
16.25125744	3.978
16.20047111	3.81
16.15000121	3.6448
16.0998448	3.5142
16.04999896	3.4114
16.00048641	3.2988
15.95125297	3.2002
15.90232158	3.1138
15.85368947	3.0359
15.80535391	2.9614
15.75731218	2.894
15.70956162	2.8315
15.6620996	2.7966
15.61492349	2.7527
15.56803074	2.7095
15.52141878	2.6999
15.47508511	2.6833
15.42902725	2.6992
15.38324273	2.7012
15.33772913	2.6921
15.29248405	2.7195
15.24750513	2.7454
15.20279002	2.7654
15.1583364	2.7642
15.114142	2.7729
15.07020455	2.7966
15.02652181	2.8245
14.98309158	2.8567
14.93991168	2.8711
14.89700213	2.8906
14.85431629	2.9163
14.81187438	2.9382
14.76967431	2.957
14.72771402	2.9531
14.68599147	2.9412
14.64450465	2.9582
14.60325156	2.9622
14.56223023	2.9502
14.52143873	2.9602
14.48087511	2.977
14.44053748	2.9839
14.40042395	2.9795
14.36053266	2.9768
14.32086177	3.0034
14.28140946	3.0107
14.24217393	2.9919
14.20315338	3.0259
14.16434607	3.0698
14.12575025	3.0552
14.0873642	3.0408
14.0491862	3.0535
14.01121458	3.0749
13.97344765	3.0984
13.93590321	3.1221
13.89854065	3.1501
13.8613779	3.1833
13.82441336	3.2095
13.78764544	3.2441
13.75107258	3.2642
13.71469324	3.2727
13.67850587	3.3013
13.64250897	3.3342
13.60670103	3.3369
13.57108057	3.3218
13.53564612	3.333
13.50039624	3.3557
13.46532947	3.3555
13.4304444	3.3491
13.39573962	3.3694
13.36121373	3.3813
13.32686536	3.3782
13.29269314	3.3662
13.25869572	3.3747
13.22487175	3.3716
13.19121992	3.3535
13.15773892	3.3567
13.12442745	3.3935
13.09130135	3.4038
13.05832501	3.4172
13.02551438	3.4216
12.99286821	3.4233
12.96038529	3.4487
12.92806437	3.4602
12.89590426	3.4936
12.86390376	3.5168
12.83206168	3.5273
12.80037684	3.5557
12.7688481	3.5793
12.73747429	3.5886
12.70625427	3.605
12.67518693	3.605
12.64427113	3.6145
12.61350579	3.6374
12.58290562	3.6545
12.55243781	3.6499
12.52211719	3.6389
12.4919427	3.666
12.46191328	3.6726
12.43202789	3.6555
12.40228549	3.6538
12.37268507	3.6677
12.34322561	3.6702
12.31390609	3.6623
12.28472554	3.6594
12.25568296	3.666
12.22677738	3.6594
12.19800782	3.6433
12.16937334	3.6487
12.14087298	3.6479
12.1125058	3.6438
12.08427087	3.6345
12.05616727	3.6111
12.02819409	3.5984
12.00035041	3.6018
11.97263534	3.6023
11.945048	3.6147
11.9175875	3.637
11.8902671	3.6328
11.86305761	3.6362
11.83597236	3.6738
11.80901051	3.7236
11.78217122	3.748
11.75545365	3.7646
11.72885698	3.7866
11.70238038	3.8005
11.67602305	3.8144
11.64978419	3.832
11.62366299	3.8423
11.59765866	3.8454
11.57177043	3.843
11.54599752	3.8418
11.52033916	3.8435
11.49479458	3.852
11.46936304	3.8547
11.44404378	3.8413
11.41883606	3.8474
11.39373914	3.8547
11.3687523	3.8537
11.34387482	3.853
11.31910597	3.8623
11.29444505	3.8655
11.26990406	3.8664
11.24545684	3.8804
11.22111545	3.8865
11.19687921	3.887
11.17274743	3.894
11.14871946	3.895
11.12479461	3.8965
11.10097222	3.8926
11.07725165	3.8994
11.05363222	3.8992
11.03011331	3.8911
11.00669427	3.8923
10.98337447	3.8816
10.96015327	3.8513
10.93703005	3.8425
10.9140042	3.8428
10.89107509	3.8262
10.86824213	3.8044
10.8455047	3.8066
10.82286221	3.8083
10.80031407	3.8008
10.77785969	3.8025
10.75549848	3.8039
10.73322986	3.8039
10.71106474	3.8254
10.68897956	3.8359
10.66698525	3.8367
10.64508128	3.8486
10.62326708	3.8672
10.6015421	3.8701
10.5799058	3.8826
10.55835763	3.9119
10.53689705	3.935
10.51552354	3.9448
10.49423657	3.9592
10.4730356	3.9817
10.45192012	3.9985
10.43088962	4.0227
10.40994358	4.0569
10.38908149	4.0708
10.36830285	4.0906
10.34760717	4.1318
10.32699394	4.1775
10.30646267	4.2102
10.28601287	4.2529
10.26564407	4.2922
10.24535578	4.3154
10.22514752	4.3503
10.20502924	4.4028
10.1849796	4.4526
10.16500858	4.4961
10.14511574	4.5588
10.12530059	4.6142
10.10556271	4.6599
10.08590162	4.7168
10.0663169	4.7717
10.04680808	4.8208
10.02737473	4.8816
10.00801642	4.9568
9.98873271	5.0134
9.969523168	5.0637
9.950387369	5.1399
9.931324888	5.2146
9.912335307	5.2834
9.893427994	5.3616
9.874582922	5.439
9.855809507	5.5078
9.83710734	5.5906
9.818476015	5.6821
9.799915133	5.76
9.781424293	5.8452
9.7630031	5.9573
9.744651161	6.074
9.726368087	6.1938
9.70815349	6.3481
9.690006986	6.5168
9.671928196	6.6804
9.653916739	6.8569
9.635972241	7.0527
9.618094328	7.2385
9.600282632	7.4162
9.582536785	7.6018
9.564856422	7.79
9.547241181	7.9624
9.529690704	8.1201
9.512204634	8.2741
9.494782617	8.4033
9.477424301	8.5068
9.460138288	8.5801
9.4429063	8.6235
9.425736975	8.6577
9.408629972	8.6636
9.391584952	8.6404
9.374601579	8.6057
9.35767952	8.5671
9.340818443	8.5097
9.324018018	8.4363
9.307277919	8.3762
9.290597822	8.3308
9.273977405	8.2937
9.257416348	8.2734
9.240914333	8.2898
9.224471046	8.3169
9.208086173	8.3613
9.191759404	8.438
9.17549043	8.5361
9.159278945	8.6365
9.143124645	8.7458
9.127027227	8.8701
9.110986392	8.9765
9.095001842	9.0808
9.079073281	9.1892
9.06320863	9.2766
9.04739114	9.3459
9.031628764	9.4157
9.015921215	9.48
9.000268208	9.5281
8.984669459	9.5908
8.969124685	9.6892
8.953633608	9.8178
8.93819595	9.9616
8.922811435	10.0971
8.907479789	10.2051
8.89220074	10.2922
8.876974017	10.3669
8.861799353	10.4253
8.846676481	10.4726
8.831605135	10.5273
8.816585054	10.5735
8.801615977	10.5866
8.786697643	10.5796
8.771829795	10.563
8.757012178	10.4929
8.742244536	10.3808
8.727526619	10.2568
8.712858175	10.094
8.69824652	9.8889
8.683676252	9.6906
8.669154714	9.4846
8.654681663	9.26
8.640256858	9.0417
8.625880055	8.8193
8.611551018	8.551
8.597269507	8.28
8.583035287	8.032
8.568848124	7.7732
8.554707784	7.487
8.540614036	7.1821
8.52656665	6.8435
8.512565398	6.4695
8.498610052	6.0893
8.484700388	5.709
8.470836182	5.2932
8.45701721	4.8694
8.443243252	4.456
8.429514089	4.0388
8.415829502	3.6162
8.402189274	3.206
8.388593191	2.8159
8.375041038	2.4358
8.361539594	2.0791
8.348074642	1.7568
8.334652987	1.4695
8.32127442	1.2273
8.307938734	1.0303
8.294645723	0.8684
8.281395183	0.7529
8.268186911	0.6768
8.255020704	0.6277
8.241896361	0.6055
8.228813685	0.6025
8.215772476	0.6116
8.202772537	0.6282
8.189813674	0.6548
8.176895691	0.6865
8.164018395	0.7148
8.151188239	0.7461
8.138391724	0.7812
8.125635323	0.8142
8.11291885	0.8516
8.100242116	0.8896
8.087604937	0.9258
8.075007126	0.96
8.062448501	0.9936
8.049928879	1.0317
8.037448078	1.0674
8.025005918	1.0986
8.012602221	1.1333
8.000236807	1.1707
7.9879095	1.2173
7.975620124	1.2595
7.963368505	1.2932
7.951154468	1.3196
7.938977841	1.3523
7.926838452	1.3955
7.914736131	1.4316
7.902670708	1.4575
7.890642014	1.4978
7.878649883	1.543
7.866694148	1.5781
7.854780812	1.6179
7.842897355	1.6501
7.831049799	1.6841
7.819237984	1.7258
7.807461747	1.7602
7.795720929	1.7895
7.784015369	1.8269
7.772344909	1.863
7.760709391	1.8962
7.749108659	1.9287
7.737542556	1.9634
7.726010929	1.9968
7.714513623	2.0269
7.703050485	2.0583
7.691621363	2.0915
7.680226106	2.1206
7.668864563	2.1504
7.657536586	2.1892
7.646242025	2.2212
7.634980733	2.2429
7.623752563	2.2744
7.61255737	2.3061
7.601395008	2.3345
7.590265333	2.3645
7.579173946	2.3997
7.568109199	2.4238
7.557076711	2.4365
7.546076342	2.4634
7.535107952	2.4988
7.524171401	2.5303
7.51326655	2.5566
7.502393263	2.5823
7.491551403	2.6035
7.480740833	2.626
7.469961418	2.6521
7.459213023	2.6721
7.448495516	2.6926
7.437808762	2.717
7.42715263	2.7375
7.416526989	2.7507
7.405931707	2.7732
7.395366655	2.7993
7.384831703	2.8198
7.374326724	2.8396
7.363851589	2.8611
7.353406171	2.8801
7.342990345	2.896
7.332603984	2.9206
7.322252325	2.9355
7.311924506	2.9443
7.30162578	2.968
7.291356025	2.99
7.281115117	3.0046
7.270902937	3.0212
7.260719363	3.0437
7.250564275	3.0586
7.240437554	3.0698
7.230339081	3.0854
7.220268738	3.1033
7.210226408	3.1191
7.200211974	3.1316
7.19022532	3.1309
7.18026633	3.1262
7.17033489	3.1272
7.160436013	3.1272
7.150559317	3.1157
7.140709829	3.1016
7.130887439	3.095
7.121092034	3.0837
7.111323503	3.064
7.101581735	3.0527
7.091866622	3.0505
7.082178053	3.0508
7.07251592	3.0515
7.062880115	3.0461
7.053270531	3.0454
7.04368706	3.0652
7.034129597	3.0806
7.024598035	3.0832
7.01509227	3.0925
7.005612196	3.1125
6.99615771	3.1348
6.986728709	3.1553
6.977325089	3.176
6.967946748	3.1997
6.958593585	3.2353
6.949265497	3.2705
6.939962385	3.3076
6.930688952	3.3357
6.921435478	3.365
6.912206681	3.4062
6.903002461	3.4438
6.893822721	3.4739
6.884667364	3.5002
6.875536292	3.5325
6.866429409	3.561
6.857346618	3.5981
6.848287825	3.6294
6.839252935	3.6523
6.830241852	3.6792
6.821254483	3.7097
6.812290735	3.7288
6.803350514	3.74
6.794433728	3.762
6.785540285	3.8003
6.776670093	3.8325
6.767823062	3.8547
6.7589991	3.8769
6.750198118	3.9065
6.741420026	3.9385
6.732664735	3.9758
6.723932156	4.0144
6.715226709	4.0408
6.706539278	4.071
6.697874296	4.1079
6.689231675	4.135
6.680611329	4.1614
6.672013173	4.189
6.663437121	4.2151
6.654883087	4.2349
6.646350987	4.2558
6.637840737	4.2839
6.629352253	4.3118
6.620885451	4.331
6.612440248	4.3537
6.604016563	4.3721
6.595614312	4.385
6.587233415	4.4077
6.578873789	4.4214
6.570535354	4.4431
6.56221803	4.4668
6.553921736	4.4729
6.545646392	4.4809
6.537391921	4.4973
6.529158241	4.5127
6.520945276	4.5261
6.512757189	4.5383
6.504585407	4.5471
6.496434107	4.5574
6.488303211	4.5713
6.480192643	4.5823
6.472102327	4.5854
6.464032186	4.5847
6.455982145	4.5845
6.44795213	4.5964
6.439942066	4.6047
6.431951879	4.6094
6.423981494	4.6025
6.416030838	4.5996
6.408099838	4.6047
6.400188422	4.5908
6.392296516	4.5796
6.384424048	4.5705
6.376570948	4.5608
6.368737143	4.5547
6.360922563	4.5361
6.353127136	4.5141
6.345350793	4.5012
6.337593464	4.4802
6.329855078	4.4477
6.322139564	4.4192
6.314438848	4.3872
6.30675687	4.3476
6.29909356	4.3098
6.291448851	4.2778
6.283822676	4.2353
6.276214965	4.187
6.268625654	4.1438
6.261054675	4.092
6.253501961	4.0347
6.245967447	3.9831
6.238451067	3.937
6.230952756	3.8772
6.223472449	3.8166
6.21601008	3.7595
6.208565585	3.7024
6.201142747	3.6448
6.1937338	3.5869
6.186342535	3.5205
6.178968891	3.4512
6.171612803	3.3835
6.164274209	3.3186
6.156953047	3.2598
6.149649255	3.2075
6.14236277	3.1709
6.135093533	3.1518
6.12784148	3.1311
6.120606552	3.1216
6.113388688	3.1269
6.106187828	3.1294
6.099003911	3.1338
6.091836878	3.1465
6.084686669	3.1592
6.077553226	3.1721
6.070436489	3.1897
6.063336399	3.2056
6.056252899	3.2117
6.049185931	3.2319
6.042135436	3.2576
6.035101357	3.262
6.02808727	3.271
6.021085843	3.2844
6.01410066	3.2966
6.007131667	3.3144
6.000178805	3.331
5.99324202	3.3523
5.986321256	3.3877
5.979416457	3.4189
5.972527568	3.447
5.965654534	3.4873
5.9587973	3.5361
5.951955813	3.5801
5.945130017	3.6189
5.938319859	3.6748
5.931525286	3.74
5.924746243	3.7812
5.917982678	3.8203
5.911234538	3.8677
5.904501769	3.9067
5.89778432	3.9495
5.891082139	4.0017
5.884395172	4.0422
5.87772337	4.0937
5.871066679	4.1396
5.864428488	4.1755
5.85780186	4.2202
5.851190191	4.2602
5.84459343	4.2961
5.838011527	4.3291
5.831444431	4.3625
5.824892094	4.3984
5.818354465	4.4243
5.811831494	4.4348
5.805323133	4.4538
5.798829332	4.4763
5.792350043	4.4922
5.785885217	4.5066
5.779434806	4.5244
5.772998761	4.5415
5.766577035	4.5571
5.760169579	4.5754
5.753776347	4.5798
5.747397291	4.5854
5.741032364	4.5981
5.734681519	4.6047
5.728344709	4.6072
5.722021888	4.6223
5.715713009	4.6355
5.709421287	4.6474
5.703140149	4.6543
5.696872816	4.6565
5.690619242	4.6614
5.684379382	4.6621
5.678153192	4.665
5.671940626	4.6753
5.66574164	4.6789
5.659556189	4.6794
5.653384229	4.6872
5.647225716	4.6885
5.641080605	4.6858
5.634948854	4.6892
5.628830419	4.6887
5.622725256	4.6868
5.616633323	4.6846
5.610557723	4.6914
5.604492113	4.6887
5.598439603	4.6807
5.592400152	4.6782
5.586373717	4.6721
5.580360257	4.6726
5.574359729	4.6789
5.568372092	4.677
5.562397304	4.6736
5.556435324	4.6777
5.550486112	4.677
5.544549625	4.6763
5.538625823	4.6738
5.532714665	4.6726
5.526816112	4.6826
5.520930122	4.6882
5.515056656	4.6912
5.509195674	4.6919
5.503347136	4.6912
5.497511002	4.6977
5.491687233	4.7112
5.48587579	4.719
5.480076633	4.7219
5.474289725	4.7334
5.468518015	4.7507
5.462755479	4.7705
5.457005076	4.7842
5.451266765	4.792
5.445540511	4.8057
5.439826274	4.8262
5.434124016	4.8503
5.428433701	4.8738
5.422755291	4.8857
5.417088748	4.9072
5.411434035	4.9241
5.405791116	4.9368
5.400159953	4.9578
5.394540509	4.9807
5.388932749	4.9939
5.383336635	5.0046
5.377752132	5.0239
5.372179203	5.0439
5.366617813	5.0669
5.361067925	5.0879
5.355529504	5.1084
5.350002515	5.1233
5.344486921	5.1438
5.338982689	5.1711
5.333492627	5.1946
5.328011006	5.2146
5.32254064	5.2353
5.317081497	5.2561
5.31163354	5.2766
5.306196736	5.2978
5.30077105	5.3213
5.295356449	5.3442
5.289952898	5.3591
5.284560364	5.3816
5.279178813	5.4155
5.273808212	5.4402
5.268448526	5.4614
5.263099724	5.4792
5.257761771	5.5058
5.252434635	5.5329
5.247118283	5.5537
5.241812682	5.5776
5.236517799	5.605
5.231233603	5.633
5.225960061	5.6543
5.220697141	5.6733
5.21544481	5.7056
5.210203036	5.7358
5.204974498	5.7644
5.19975374	5.79
5.194543444	5.8171
5.189343579	5.844
5.184154115	5.8664
5.178975019	5.8943
5.173806261	5.9277
5.168647809	5.9551
5.163499634	5.9812
5.158361704	6.0027
5.153233989	6.0305
5.148116459	6.0605
5.143009082	6.0847
5.137911829	6.1089
5.13282467	6.1328
5.127747575	6.1614
5.122680514	6.1872
5.117623458	6.2063
5.112576376	6.2322
5.107539239	6.2512
5.102512018	6.2746
5.097494683	6.2991
5.092487206	6.3193
5.087489558	6.3389
5.082504292	6.3652
5.077526209	6.3804
5.072557868	6.3965
5.06759924	6.4197
5.062650297	6.4387
5.057711011	6.4536
5.052781354	6.4714
5.047861297	6.4892
5.042950812	6.501
5.038049872	6.5215
5.033158448	6.5488
5.028276513	6.5627
5.023404039	6.5722
5.018541	6.583
5.013687367	6.5986
5.008843113	6.6162
5.004010715	6.6308
4.999185133	6.6443
4.994368849	6.654
4.989561837	6.6645
4.984764069	6.6763
4.979975518	6.687
4.97519616	6.7009
4.970425966	6.7104
4.96566491	6.7195
4.960912967	6.7278
4.95617011	6.7417
4.951436313	6.7536
4.94671155	6.7602
4.941995795	6.7685
4.937289023	6.7744
4.932591209	6.7807
4.927902325	6.7951
4.923222347	6.8049
4.918551251	6.8098
4.913889009	6.8186
4.909235598	6.8264
4.904590991	6.8281
4.899955165	6.8415
4.895328095	6.8567
4.890712146	6.8655
4.886102507	6.873
4.88150155	6.8794
4.876909249	6.8896
4.87232558	6.9048
4.86775052	6.9099
4.863184043	6.9145
4.858626126	6.9309
4.854076745	6.9389
4.849535875	6.9382
4.845003493	6.9443
4.840479575	6.9531
4.835964098	6.9636
4.831457037	6.9717
4.826958369	6.9763
4.822468072	6.9841
4.81798612	6.9922
4.813512492	7.0017
4.809047164	7.0066
4.804590113	7.0083
4.800141316	7.0176
4.79570075	7.0244
4.791268392	7.0317
4.78684422	7.0427
4.782430498	7.0532
4.778022625	7.0576
4.773622869	7.0659
4.769231209	7.0793
4.764847623	7.0864
4.760472086	7.0871
4.756104579	7.0967
4.751745078	7.1084
4.747393562	7.1167
4.743050009	7.126
4.738714396	7.1379
4.734386703	7.1479
4.730066907	7.1575
4.725754987	7.167
4.721450921	7.1736
4.717154688	7.1841
4.712866266	7.1953
4.708585635	7.2036
4.704312773	7.2121
4.700047658	7.2165
4.695790271	7.2348
4.691540589	7.2497
4.687298593	7.2536
4.68306426	7.2624
4.67883976	7.2737
4.67462069	7.2788
4.670409221	7.2932
4.666205334	7.3064
4.662009009	7.3174
4.657820224	7.3315
4.65363896	7.3479
4.649465195	7.3567
4.645298911	7.3691
4.641140087	7.3789
4.636988702	7.3808
4.632844738	7.3894
4.628708174	7.4033
4.62457899	7.4158
4.620457167	7.4211
4.616342684	7.435
4.612235523	7.4504
4.608135664	7.4531
4.604043086	7.4638
4.599957772	7.4707
4.595879702	7.4758
4.591808856	7.4907
4.587745215	7.5073
4.58368876	7.5134
4.57964157	7.519
4.575599426	7.5249
4.571564412	7.5322
4.567536508	7.5361
4.563515696	7.5415
4.559501956	7.5444
4.555495271	7.5498
4.551495621	7.5603
4.547502989	7.5691
4.543517355	7.5722
4.539538701	7.581
4.535567009	7.591
4.531602261	7.5947
4.527644439	7.5954
4.523693523	7.604
4.519749497	7.6125
4.515814382	7.6167
4.511884077	7.6257
4.507960608	7.6418
4.504043956	7.643
4.500134104	7.6389
4.496231034	7.6438
4.492334729	7.6579
4.488445171	7.6592
4.484562343	7.666
4.480686226	7.6799
4.476816804	7.6814
4.47295406	7.6831
4.469097975	7.6897
4.465248534	7.6987
4.461405718	7.7073
4.45756951	7.7121
4.453739894	7.7158
4.449916853	7.7229
4.44610037	7.738
4.442290427	7.7429
4.438487009	7.7475
4.434690097	7.7578
4.430899676	7.7663
4.42711573	7.7695
4.423340197	7.7724
4.419569145	7.7812
4.415804518	7.7871
4.412046298	7.7912
4.408294471	7.7978
4.404549018	7.7978
4.400809925	7.801
4.397077175	7.8044
4.393350752	7.8074
4.389630639	7.8098
4.385916821	7.8127
4.382209282	7.8166
4.378508006	7.8193
4.374812977	7.8213
4.371124179	7.8247
4.367441596	7.8247
4.363765214	7.8252
4.360095015	7.8279
4.356430985	7.8354
4.352773108	7.8308
4.349121369	7.832
4.345475751	7.8374
4.341836241	7.8364
4.338202821	7.8308
4.334577357	7.833
4.330956072	7.8415
4.327340832	7.8386
4.323731623	7.8345
4.320128429	7.8376
4.316531235	7.8386
4.312940028	7.8408
4.30935479	7.8428
4.305775509	7.843
4.302202168	7.8413
4.298634754	7.8413
4.29507325	7.8442
4.291517644	7.8462
4.287967919	7.8376
4.284424062	7.832
4.280886058	7.8342
4.277353892	7.8269
4.27382755	7.8127
4.270307018	7.8054
4.266792281	7.802
4.263283325	7.8032
4.259780136	7.8149
4.256282699	7.8218
4.252791	7.8286
4.249306832	7.8393
4.245826565	7.8528
4.242351994	7.8691
4.238883105	7.8769
4.235419885	7.8828
4.231962319	7.8948
4.228510393	7.895
4.225064094	7.8987
4.221623408	7.9148
4.218188322	7.9189
4.214758821	7.9153
4.211334892	7.9184
4.207916522	7.928
4.204503696	7.9294
4.201096402	7.9294
4.197694626	7.9253
4.194300114	7.925
4.190909331	7.9297
4.187524026	7.9331
4.184144186	7.9326
4.180769797	7.9289
4.177400846	7.9299
4.174037321	7.9353
4.170679208	7.9365
4.167326493	7.9358
4.163979165	7.9367
4.16063721	7.945
4.157300615	7.9514
4.153969367	7.9509
4.150643454	7.9519
4.147322862	7.9563
4.144007579	7.9634
4.140697592	7.9692
4.137392888	7.968
4.134093455	7.9695
4.130799281	7.9692
4.127510352	7.9663
4.124226656	7.9739
4.120948181	7.9785
4.117674914	7.9795
4.114408535	7.9878
4.111145645	7.9961
4.107887925	7.9929
4.104635365	7.989
4.101387951	8.0041
4.098145671	8.0095
4.094908514	8
4.091676466	7.998
4.088449517	8.0039
4.085227653	8.0124
4.082010864	8.0198
4.078799136	8.0205
4.075592459	8.0246
4.072390819	8.0256
4.069194206	8.029
4.066002607	8.0305
4.062816011	8.0251
4.059634406	8.0251
4.056457779	8.0354
4.053286121	8.0427
4.050119418	8.0486
4.046957659	8.0544
4.043800833	8.0517
4.040648928	8.0525
4.037503563	8.053
4.034361463	8.0481
4.031224251	8.0512
4.028091913	8.0554
4.024964439	8.0547
4.021841819	8.052
4.018724039	8.0569
4.01561109	8.0571
4.012502959	8.0539
4.009399637	8.0566
4.00630111	8.0583
4.00320737	8.0544
4.000118404	8.0593
3.997034201	8.0647
3.99395475	8.0613
3.990880041	8.0512
3.987810062	8.0464
3.984744803	8.0456
3.981684252	8.0466
3.9786284	8.0517
3.975577234	8.0503
3.972530744	8.0478
3.96948892	8.0437
3.966451751	8.0415
3.963420797	8.0454
3.960392903	8.0439
3.957369631	8.0442
3.954350972	8.0483
3.951336915	8.051
3.948327449	8.0422
3.945322564	8.0388
3.942322249	8.0412
3.939326493	8.0393
3.936335288	8.0364
3.933348621	8.0334
3.930366483	8.0381
3.927388864	8.0388
3.924415753	8.0368
3.921447139	8.0398
3.918483014	8.0398
3.915523366	8.0351
3.912568186	8.0339
3.909617463	8.0266
3.906671188	8.0239
3.90372935	8.0239
3.900791939	8.0217
3.897858945	8.02
3.894930359	8.0105
3.892007684	8.0041
3.889087881	8.0029
3.886172454	7.9995
3.883261396	7.9927
3.880354695	7.9856
3.877452343	7.9797
3.874554329	7.9717
3.871660644	7.9631
3.868771278	7.9599
3.865886222	7.9568
3.863005465	7.9485
3.860128998	7.9389
3.857256812	7.9309
3.854388896	7.9265
3.851525243	7.9219
3.848665841	7.9155
3.845812161	7.9116
3.842961232	7.9057
3.840114528	7.8994
3.837272037	7.9006
3.834433752	7.8911
3.831599662	7.8782
3.828769759	7.8735
3.825944033	7.875
3.823122474	7.8662
3.820305074	7.8564
3.817491824	7.8474
3.814682714	7.8388
3.811877735	7.832
3.809076878	7.8235
3.806280134	7.8225
3.803487494	7.812
3.800698949	7.8056
3.797914489	7.7995
3.795134107	7.7827
3.792357792	7.7812
3.789585537	7.7807
3.786817332	7.7685
3.784053167	7.7578
3.781293036	7.7517
3.778538356	7.751
3.77578626	7.7419
3.773038171	7.7236
3.770294079	7.7124
3.767553976	7.7046
3.764817852	7.6933
3.7620857	7.6777
3.759357511	7.667
3.756633275	7.6548
3.753912985	7.6504
3.751196632	7.6404
3.748484207	7.6269
3.745775701	7.615
3.743071107	7.6062
3.740370416	7.5896
3.73767362	7.5776
3.734980709	7.5661
3.732291676	7.5515
3.729606512	7.5503
3.726925208	7.5429
3.724247758	7.5283
3.721574151	7.5156
3.718904381	7.5051
3.716238438	7.4961
3.713577694	7.4802
3.71091938	7.4609
3.708264869	7.4534
3.705614154	7.446
3.702967225	7.4409
3.700324074	7.4263
3.697684695	7.404
3.695049078	7.3933
3.692417215	7.3896
3.689789099	7.376
3.687164722	7.3598
3.684544075	7.3491
3.68192715	7.3432
3.67931394	7.3347
3.676704437	7.3252
3.674098633	7.3215
3.67149652	7.3076
3.66889809	7.293
3.666303336	7.2851
3.663712249	7.2702
3.661124822	7.2622
3.658541047	7.2573
3.655960916	7.2424
3.653384422	7.2329
3.65081289	7.2239
3.648243644	7.2107
3.645678012	7.1999
3.643115986	7.186
3.640557559	7.1745
3.638002722	7.1665
3.635451469	7.155
3.632903791	7.1455
3.630359682	7.1428
3.627819133	7.1257
3.625282138	7.1084
3.622748688	7.0954
3.620218777	7.0847
3.617692397	7.0671
3.615169541	7.0627
3.6126502	7.0534
3.610135673	7.0349
3.607623341	7.0132
3.605114504	6.9975
3.602609154	6.9892
3.600107283	6.9797
3.597608885	6.9678
3.595113953	6.9514
3.592622478	6.9402
3.590134454	6.9243
3.587649874	6.9023
3.585168731	6.8926
3.582691017	6.8794
3.580216725	6.8542
3.577745848	6.8359
3.57527838	6.8264
3.572814313	6.8188
3.57035364	6.8061
3.567896354	6.7839
3.565442448	6.7651
3.562991916	6.7497
3.560544749	6.7265
3.558100942	6.7102
3.555660487	6.7016
3.553223378	6.6904
3.550790868	6.6731
3.548360427	6.654
3.545933311	6.6357
3.543509513	6.6277
3.541089027	6.6116
3.538671844	6.5884
3.53625796	6.5754
3.533847367	6.5659
3.531440058	6.5505
3.529036026	6.5403
3.526635266	6.5271
3.524237769	6.5029
3.52184353	6.4819
3.519452542	6.4685
3.517064798	6.4512
3.514680292	6.4328
3.512299017	6.4204
3.509920967	6.405
3.507546135	6.3874
3.505174514	6.3725
3.502806098	6.3513
3.500440881	6.331
3.498078855	6.3249
3.495720015	6.3196
3.493365575	6.3152
3.491013085	6.3064
3.488663762	6.2947
3.486317598	6.2839
3.483974588	6.2807
3.481634725	6.2705
3.479298003	6.2519
3.476964415	6.2385
3.474633956	6.2231
3.472306619	6.2063
3.469982397	6.1919
3.467661284	6.178
3.465343275	6.1601
3.463028363	6.1528
3.460716541	6.1406
3.458407804	6.1167
3.456102146	6.1008
3.453799559	6.0908
3.451500039	6.0744
3.449203579	6.0498
3.446910172	6.0268
3.444619814	6.0127
3.442332497	5.9975
3.440048216	5.9817
3.437768146	5.9636
3.435489916	5.9387
3.433214704	5.9182
3.430942504	5.8987
3.428673309	5.876
3.426407114	5.8557
3.424143913	5.8391
3.421883699	5.8135
3.419626467	5.7883
3.417372212	5.7685
3.415120926	5.7558
3.412872605	5.741
3.410627242	5.7256
3.408384831	5.7185
3.406145367	5.7102
3.403908845	5.6899
3.401675257	5.6775
3.399444599	5.6711
3.397216864	5.6565
3.394992047	5.6465
3.392770143	5.6321
3.390551144	5.6169
3.388335047	5.5976
3.386121844	5.572
3.383912676	5.5583
3.381705245	5.5432
3.379500692	5.5227
3.377299012	5.5102
3.375100198	5.4983
3.372904246	5.4839
3.370711149	5.4807
3.368520903	5.4702
3.366333501	5.4563
3.364148938	5.4419
3.361967208	5.4287
3.359788306	5.4119
3.357612227	5.3933
3.355438965	5.3865
3.353268515	5.3708
3.35110087	5.3496
3.348937148	5.3308
3.346775098	5.3186
3.344615837	5.3071
3.342459362	5.2922
3.340305665	5.2693
3.338154741	5.25
3.336006587	5.2515
3.333861195	5.2444
3.33171856	5.2239
3.329578678	5.2007
3.327441544	5.1807
3.32530715	5.1675
3.323175494	5.1509
3.321046568	5.1311
3.318920368	5.1077
3.31679689	5.0942
3.314676126	5.0913
3.312558073	5.0847
3.310442725	5.0603
3.308330077	5.0373
3.306220124	5.0232
3.304112861	5.0085
3.302008281	4.9907
3.299906382	4.978
3.297808244	4.9631
3.295711686	4.9499
3.293617792	4.9346
3.291526557	4.9206
3.289437976	4.8994
3.287352045	4.8901
3.285268756	4.8828
3.283188107	4.8559
3.281110091	4.8428
3.279034705	4.8359
3.276961942	4.8193
3.274891798	4.801
3.272824267	4.7908
3.270759346	4.7766
3.268697029	4.7634
3.26663731	4.7495
3.264580186	4.7297
3.262525652	4.7153
3.260473701	4.7087
3.25842433	4.6919
3.256377534	4.667
3.254333308	4.6521
3.252291646	4.6496
3.250252545	4.6462
3.248217054	4.6296
3.246183057	4.6003
3.244151606	4.5759
3.242122696	4.5713
3.240096322	4.5676
3.238072479	4.5488
3.236051163	4.5322
3.234032369	4.5227
3.232016093	4.5007
3.230002329	4.4831
3.227991073	4.468
3.22598232	4.4485
3.223976065	4.4316
3.221972305	4.4192
3.219971033	4.4119
3.217972246	4.3889
3.215975939	4.3611
3.213982108	4.3467
3.211990747	4.3393
3.210001852	4.3332
3.208015419	4.3215
3.206031443	4.3066
3.204049919	4.2871
3.202070843	4.2751
3.200095235	4.261
3.19812104	4.249
3.196149279	4.2378
3.194179949	4.2222
3.192213043	4.2009
3.190248559	4.1811
3.18828649	4.1719
3.186326834	4.1614
3.184369586	4.1475
3.18241474	4.1426
3.180462293	4.1311
3.17851224	4.1108
3.176564577	4.0913
3.1746193	4.0691
3.172676403	4.0632
3.170735883	4.0525
3.168797736	4.0312
3.166861956	4.0195
3.164928541	4.012
3.162997484	4.0034
3.161068783	3.9963
3.159142432	3.9805
3.157218427	3.9643
3.155296765	3.9617
3.153378435	3.9485
3.151461443	3.9289
3.14954678	3.9131
3.147634443	3.9067
3.145724426	3.8962
3.143816726	3.876
3.141911338	3.8601
3.140008258	3.8569
3.138107483	3.844
3.136209007	3.8257
3.134312827	3.8171
3.132418938	3.8057
3.130527337	3.7925
3.128638019	3.7944
3.126750981	3.7891
3.124866217	3.772
3.122984699	3.7605
3.121104471	3.7502
3.119226507	3.7363
3.1173508	3.7312
3.115477349	3.7231
3.113606148	3.71
3.111737193	3.7056
3.10987048	3.6999
3.108006006	3.6907
3.106143766	3.6802
3.104283756	3.6675
3.102425973	3.6597
3.100570412	3.6592
3.098717069	3.6514
3.096865941	3.6423
3.095017023	3.6384
3.093170311	3.635
3.091325802	3.6265
3.089483491	3.6169
3.087643375	3.613
3.085805449	3.6186
3.08396971	3.6147
3.082136155	3.6084
3.080304778	3.6186
3.078476524	3.6142
3.076649492	3.5964
3.074824627	3.594
3.073001926	3.5945
3.071181385	3.5884
3.069363	3.5788
3.067546766	3.5788
3.065732681	3.5889
3.06392074	3.5896
3.06211094	3.5803
3.060303276	3.5764
3.058497745	3.5776
3.056694344	3.5742
3.054893068	3.5762
3.053093914	3.5684
3.051296877	3.563
3.049501955	3.5669
3.047709144	3.5644
3.045918439	3.5569
3.044129837	3.5569
3.042343335	3.5503
3.040558928	3.5417
3.038776613	3.5393
3.036996386	3.5339
3.035219166	3.5381
3.033443104	3.5378
3.031669119	3.5249
3.029897208	3.5234
3.028127367	3.5261
3.026359592	3.5271
3.02459388	3.5139
3.022830228	3.51
3.021068631	3.5041
3.019309085	3.5032
3.017551589	3.508
3.015796137	3.501
3.014042726	3.4907
3.012291354	3.4934
3.010542015	3.4958
3.008794707	3.489
3.007049426	3.4841
3.005306169	3.4783
3.003564931	3.4675
3.00182571	3.4646
3.000088503	3.4795
2.998353304	3.477
2.996620112	3.4553
2.994888923	3.4519
2.993160628	3.4482
2.991433432	3.4504
2.989708228	3.4429
2.987985013	3.435
2.986263784	3.4319
2.984544536	3.4258
2.982827267	3.4253
2.981111973	3.4372
2.97939865	3.435
2.977687296	3.4182
2.975977906	3.4104
2.974270478	3.4082
2.972565009	3.406
2.970861493	3.4023
2.96915993	3.3999
2.967460314	3.3877
2.965763522	3.3892
2.964067792	3.3821
2.962373999	3.3689
2.960682141	3.3662
2.958992215	3.3655
2.957304216	3.3579
2.955618142	3.3569
2.95393399	3.3577
2.952251756	3.365
2.950571437	3.3635
2.94889303	3.3516
2.947216531	3.3479
2.945541937	3.3433
2.943869245	3.3369
2.942198452	3.3335
2.940529554	3.3381
2.938862549	3.3335
2.937197432	3.3315
2.935534201	3.3306
2.933872853	3.3254
2.932213384	3.3354
2.930555792	3.3298
2.928900072	3.3235
2.927246222	3.3254
2.925595095	3.3208
2.923944975	3.3193
2.922296715	3.3352
2.920650312	3.3352
2.919005763	3.3215
2.917363066	3.324
2.915722216	3.3291
2.91408321	3.3359
2.912446047	3.3357
2.910810722	3.3352
2.909177232	3.3347
2.907545575	3.3428
2.905915747	3.342
2.904287745	3.3345
2.902661566	3.3335
2.901037208	3.3389
2.899414666	3.3406
2.897793938	3.3442
2.896175022	3.3423
2.894557913	3.3367
2.892942609	3.3347
2.891329106	3.343
2.889717403	3.3425
2.888107495	3.3423
2.886500214	3.3494
2.884893888	3.3396
2.883289349	3.3433
2.881686594	3.3486
2.880085619	3.3506
2.878486423	3.3572
2.876889001	3.3508
2.875293352	3.3403
2.873699471	3.3303
2.872107357	3.3264
2.870517006	3.3379
2.868928415	3.3476
2.867341582	3.342
2.865756502	3.3291
2.864173175	3.3296
2.862591596	3.3296
2.861011762	3.3164
2.859433672	3.2956
2.857857321	3.2839
2.856282708	3.2834
2.854709829	3.2661
2.853138681	3.2285
2.851569261	3.1992
2.850001568	3.189
2.848436408	3.1609
2.846872156	3.1265
2.845309621	3.0937
2.8437488	3.062
2.842189691	3.0322
2.840632291	2.9912
2.839076596	2.9585
2.837522604	2.9228
2.835970313	2.8921
2.834419719	2.8525
2.83287082	2.8147
2.831323613	2.7976
2.829778094	2.7624
2.828234263	2.7175
2.826692114	2.6807
2.825151647	2.6382
2.823612858	2.6089
2.822075744	2.5901
2.820540303	2.5569
2.819006531	2.5317
2.817474427	2.5081
2.815943987	2.4705
2.81441521	2.4363
2.812888091	2.4148
2.811363418	2.3884
2.809839609	2.3599
2.80831745	2.3332
2.806796939	2.3013
2.805278075	2.2783
2.803760853	2.2556
2.802245271	2.2239
2.800731327	2.2012
2.799219018	2.186
2.797708341	2.1597
2.796199294	2.1186
2.794691874	2.0896
2.793186078	2.063
2.791681905	2.0251
2.79017935	1.9907
2.788678412	1.9636
2.787179865	1.929
2.785682151	1.9053
2.784186046	1.8757
2.782691547	1.8433
2.781198652	1.8276
2.779707358	1.7876
2.778217662	1.7361
2.776729562	1.7122
2.775243056	1.6882
2.77375814	1.6653
2.772274812	1.6416
2.77079307	1.6267
2.769312911	1.6123
2.767834333	1.5886
2.766357333	1.5718
2.764881908	1.5652
2.763408056	1.5278
2.761935774	1.491
2.760465061	1.4971
2.758995913	1.5171
2.757528328	1.522
2.756062304	1.5166
2.754597837	1.5293
2.753134926	1.5544
2.751674325	1.5784
2.750214517	1.5955
2.748756257	1.616
2.747299542	1.634
2.74584437	1.6577
2.74439074	1.6855
2.742938647	1.7014
2.741488091	1.7158
2.740039067	1.7478
2.738591575	1.7771
2.737145611	1.8013
2.735701174	1.8411
2.73425826	1.8896
2.732816867	1.9297
2.731376994	1.9763
2.729938636	2.0337
2.728501793	2.0852
2.727066462	2.1511
2.72563264	2.2385
2.724200325	2.3372
2.722769514	2.4477
2.721340206	2.5618
2.719912397	2.676
2.718486086	2.8005
2.717062008	2.927
2.715638684	3.0444
2.714216851	3.136
2.712796505	3.2288
2.711377646	3.2908
2.709960269	3.3137
2.708544374	3.3037
2.707129958	3.2717
2.705717018	3.2551
2.704305552	3.3269
2.702895558	3.4834
2.701487034	3.697
2.700079976	3.9365
2.698674384	4.136
2.697270255	4.3105
2.695867585	4.4802
2.694466374	4.6545
2.693066619	4.8479
2.691668318	5.0134
2.690271467	5.1396
2.688876066	5.2869
2.687482111	5.4365
2.686089602	5.5718
2.684698534	5.6846
2.683309626	5.781
2.681921436	5.886
2.680534681	5.9861
2.679149359	6.091
2.677765469	6.1775
2.676383008	6.2295
2.675001973	6.3047
2.673622363	6.3686
2.672244175	6.4182
2.670867407	6.4973
2.669492057	6.5908
2.668118123	6.6203
2.666745602	6.6601
2.665374493	6.727
2.664004793	6.7803
2.6626365	6.7942
2.66127032	6.8056
2.659904834	6.8381
2.658540748	6.8601
2.657178061	6.8696
2.65581677	6.9126
2.654456873	6.9348
2.653098368	6.9453
2.651741253	6.957
2.650385525	6.9678
2.649031183	7.0012
2.647678224	7.0207
2.646326647	7.0036
2.644976449	7.0049
2.643627628	7.0403
2.642280182	7.0701
2.640934109	7.0896
2.639589407	7.0979
2.638246073	7.0959
2.636904106	7.1013
2.635563503	7.1079
2.634224263	7.1299
2.632886383	7.1428
2.631549862	7.1384
2.630214697	7.1516
2.628881577	7.1448
2.627549117	7.1496
2.626218007	7.1726
2.624888245	7.1777
2.62355983	7.1638
2.622232758	7.1545
2.620907028	7.1704
2.619582638	7.1936
2.618259585	7.1755
2.616937869	7.187
2.615617486	7.1965
2.614298435	7.1684
2.612980713	7.1787
2.61166432	7.1982
2.610349252	7.2002
2.609035507	7.2234
2.607723085	7.2358
2.606411982	7.2392
2.605102197	7.2449
2.603793727	7.2339
2.602486572	7.2202
2.601180728	7.2239
2.599876194	7.2522
2.598572968	7.268
2.597271722	7.2588
2.595971105	7.2561
2.59467179	7.3069
2.593373774	7.3159
2.592077057	7.2895
2.590781636	7.2815
2.589487509	7.2837
2.588194675	7.3149
2.58690313	7.3213
2.585612874	7.312
2.584323905	7.3286
2.58303622	7.3528
2.581749817	7.3347
2.580464695	7.3305
2.579180852	7.3305
2.577898286	7.333
2.576616995	7.3425
2.575336976	7.3454
2.574058229	7.3545
2.572780751	7.3689
2.571504541	7.3603
2.570229596	7.3579
2.568955915	7.3655
2.567683495	7.363
2.566412994	7.3633
2.565143091	7.3723
2.563874445	7.3813
2.562607053	7.4057
2.561340913	7.4126
2.560076024	7.3889
2.558812384	7.3672
2.55754999	7.3725
2.556288841	7.3745
2.555028936	7.3794
2.553770272	7.3896
2.552512847	7.4006
2.55125666	7.4028
2.550001709	7.3791
2.548747991	7.3825
2.547495506	7.4045
2.546244252	7.407
2.544994225	7.4155
2.543745426	7.4148
2.542497852	7.396
2.5412515	7.3984
2.54000637	7.4238
2.53876246	7.449
2.537519767	7.4375
2.536278934	7.4277
2.535038671	7.4482
2.53379962	7.4433
2.53256178	7.4316
2.531325149	7.4341
2.530089725	7.4289
2.528855506	7.4236
2.52762249	7.4328
2.526390677	7.427
2.525160064	7.4209
2.523930648	7.4233
2.52270243	7.4219
2.521475406	7.415
2.520249575	7.4072
2.519024936	7.4131
2.517801486	7.416
2.516579857	7.4126
2.515358781	7.4179
2.514138889	7.4177
2.512920179	7.4126
2.511702651	7.417
2.510486301	7.4106
2.50927113	7.4004
2.508057134	7.3974
2.506844312	7.3996
2.505632662	7.4013
2.504422183	7.3862
2.503212874	7.3869
2.502004731	7.3721
2.500797754	7.3755
2.499591942	7.3833
2.498387291	7.3694
2.497183801	7.3757
2.49598147	7.3823
2.494780296	7.393
2.493580278	7.3777
2.492381413	7.373
2.491183701	7.373
2.489987139	7.3638
2.488791726	7.3657
2.48759808	7.3681
2.486404959	7.3745
2.485212983	7.3791
2.484022149	7.3772
2.482832455	7.3794
2.4816439	7.3896
2.480456483	7.3833
2.479270202	7.3772
2.478085055	7.3742
2.47690104	7.3791
2.475718156	7.3828
2.474536402	7.383
2.473355775	7.3721
2.472176274	7.3535
2.470997898	7.3572
2.469820644	7.3757
2.468644512	7.3769
2.467469499	7.3713
2.466295604	7.3808
2.465122826	7.3721
2.463951163	7.3513
2.462780612	7.353
2.461611174	7.3515
2.460442845	7.3652
2.45927623	7.3806
2.458110116	7.3647
2.456945108	7.353
2.455781204	7.3657
2.454618401	7.3559
2.4534567	7.3432
2.452296097	7.3523
2.451136592	7.3501
2.449978183	7.3325
2.448820868	7.333
2.447664646	7.3432
2.446509516	7.3613
2.445355475	7.3667
2.444202523	7.3557
2.443050657	7.3518
2.441899876	7.3467
2.440750179	7.3567
2.439601564	7.352
2.43845403	7.3506
2.437307575	7.3794
2.436162197	7.376
2.435017895	7.3564
2.433874668	7.355
2.432732513	7.3638
2.431592022	7.374
2.430452008	7.3823
2.429313063	7.3916
2.428175185	7.4035
2.427038372	7.4096
2.425902624	7.4184
2.424767938	7.4223
2.423634312	7.438
2.422501747	7.4409
2.421370239	7.4394
2.420239788	7.4338
2.419110392	7.4419
2.417982049	7.4429
2.416854758	7.4634
2.415728518	7.4712
2.414603328	7.4743
2.413479185	7.4888
2.412356088	7.4922
2.411234036	7.5083
2.410113027	7.52
2.40899306	7.5202
2.407874134	7.5268
2.406756246	7.5273
2.405639396	7.5232
2.40452416	7.5137
2.40340938	7.5166
2.402295634	7.5141
2.401182919	7.5171
2.400071234	7.5249
2.398960578	7.5097
2.39785095	7.4985
2.396742348	7.5093
2.39563477	7.5429
2.394528216	7.5408
2.393422683	7.5268
2.392318171	7.5415
2.391214677	7.5415
2.390112201	7.5151
2.389010742	7.4931
2.387910297	7.4802
2.386811435	7.48
2.385713014	7.4624
2.384615605	7.4668
2.383519204	7.48
2.382423811	7.4831
2.381329425	7.4809
2.380236043	7.4551
2.379143665	7.4675
2.37805229	7.459
2.376961915	7.4431
2.375872539	7.4565
2.374784162	7.4765
2.373696781	7.4668
2.372610396	7.4455
2.371525004	7.436
2.370440606	7.4521
2.369357198	7.4385
2.368274781	7.4245
2.367193351	7.4424
2.366112909	7.4433
2.365033453	7.4248
2.363954982	7.4292
2.362877493	7.4448
2.361800987	7.4341
2.360726018	7.4277
2.35965147	7.4209
2.3585779	7.4187
2.357505307	7.4316
2.356433688	7.4228
2.355363044	7.416
2.354293372	7.4297
2.353224671	7.4465
2.35215694	7.4297
2.351090177	7.4067
2.350024382	7.4009
2.348959552	7.425
2.347895687	7.4272
2.346832785	7.4282
2.345770845	7.4263
2.344709866	7.4321
2.343649846	7.4331
2.342590784	7.4404
2.341532678	7.4512
2.340475528	7.4341
2.339419333	7.4443
2.33836409	7.4502
2.337309798	7.4653
2.336256457	7.4717
2.335204611	7.4804
2.334153166	7.5058
2.333102667	7.5156
2.332053114	7.5268
2.331004504	7.5469
2.329956838	7.5576
2.328910112	7.5561
2.327864326	7.5683
2.32681948	7.5776
2.325775571	7.6011
2.324732598	7.5971
2.32369056	7.6113
2.322649456	7.6162
2.321609284	7.6025
2.320570043	7.6167
2.319531733	7.6284
2.318494351	7.6172
2.317457897	7.6279
2.316422369	7.6548
2.315387766	7.6865
2.314354087	7.7046
2.31332133	7.7256
2.312289495	7.727
2.31125858	7.7036
2.310229117	7.6882
2.309200038	7.706
2.308171875	7.73
2.307144627	7.7431
2.306118293	7.7363
2.305092872	7.7492
2.304068363	7.7495
2.303044763	7.7573
2.302022073	7.7612
2.301000291	7.7409
2.299979415	7.7441
2.298959445	7.7588
2.297940379	7.7883
2.296922216	7.811
2.295904955	7.8262
2.294888595	7.8384
2.29387366	7.834
2.292859097	7.852
2.291845431	7.853
2.29083266	7.8413
2.289820785	7.8545
2.288809803	7.8481
2.287799713	7.8623
2.286790515	7.9033
2.285782206	7.9028
2.284774786	7.8904
2.283768254	7.8681
2.282762608	7.852
2.281757848	7.8569
2.280753972	7.854
2.279750978	7.8652
2.278748867	7.894
2.277747636	7.8779
2.276747284	7.8496
2.275747811	7.8471
2.274749215	7.8418
2.273751494	7.8486
2.272754649	7.8252
2.271758677	7.78
2.270763578	7.79
2.269769866	7.7969
2.268776508	7.7651
2.267784019	7.749
2.266792398	7.75
2.265801644	7.7197
2.264811756	7.7109
2.263822732	7.7178
2.262834571	7.7016
2.261847273	7.6792
2.260860836	7.6953
2.259875259	7.685
2.258890541	7.6538
2.257906681	7.6689
2.256923678	7.666
2.25594153	7.6782
2.254960236	7.6875
2.253979796	7.6914
2.253000208	7.6557
2.252021471	7.6377
2.251043584	7.6411
2.250066546	7.6362
2.249090355	7.6186
2.248115012	7.6189
2.247140514	7.656
2.246167365	7.6914
2.245194554	7.6618
2.244222586	7.6421
2.243251458	7.6279
2.242281171	7.6179
2.241311723	7.6511
2.240343113	7.6521
2.23937534	7.6291
2.238408402	7.6203
2.237442299	7.6343
2.23647703	7.6421
2.235512593	7.6218
2.234548988	7.5635
2.233586213	7.5491
2.232624267	7.5708
2.231663149	7.5876
2.230702859	7.5722
2.229743394	7.5466
2.228784755	7.5342
2.22782694	7.519
2.226869947	7.5066
2.225913777	7.487
2.224958427	7.4721
2.224003896	7.4563
2.223050679	7.48
2.222097785	7.4844
2.221145707	7.4892
2.220194445	7.511
2.219243997	7.5425
2.218294362	7.5044
2.21734554	7.4665
2.21639753	7.4885
2.215450329	7.5058
2.214503938	7.4853
2.213558355	7.4638
2.212613579	7.4692
2.211669609	7.4704
2.210726445	7.4536
2.209784084	7.435
2.208842527	7.4341
2.207901771	7.4392
2.206961817	7.4853
2.206022662	7.5119
2.205084307	7.4892
2.204146749	7.4866
2.203209989	7.5259
2.202274024	7.5354
2.201338854	7.5129
2.200404963	7.5185
2.199471379	7.5481
2.198538587	7.5683
2.197606587	7.5762
2.196675376	7.5952
2.195744954	7.6203
2.194815319	7.6543
2.193886472	7.6701
2.192958411	7.6511
2.192031134	7.666
2.191104641	7.6682
2.190178931	7.6882
2.189254003	7.7168
2.188329856	7.7483
2.187406488	7.7798
2.1864839	7.7815
2.185562567	7.7932
2.184641533	7.8091
2.183721275	7.8164
2.182801792	7.8242
2.181883083	7.8645
2.180965147	7.8188
2.180047983	7.833
2.17913159	7.8974
2.178215967	7.9221
2.177301113	7.9055
2.176387028	7.8794
2.175473709	7.8821
2.174561157	7.926
2.17364937	7.9719
2.172738348	7.9636
2.171828089	7.9346
2.170918592	7.9555
2.170009856	7.9973
2.169101881	8.0176
2.168194666	8.018
2.167288209	8.0412
2.166382509	8.062
2.165477567	8.0881
2.16457338	8.0732
2.163670416	8.0288
2.162767737	8.0578
2.161865811	8.1152
2.160964637	8.092
2.160064214	8.0639
2.159164542	8.0742
2.158265618	8.0791
2.157367442	8.1116
2.156470014	8.113
2.155573332	8.06
2.154677395	8.1028
2.153782203	8.1916
2.152887754	8.178
2.151994048	8.0908
2.151101084	8.0898
2.150208861	8.1594
2.149317377	8.1789
2.148426632	8.1665
2.147536625	8.1367
2.146647355	8.1225
2.145758822	8.1621
2.144871024	8.1577
2.14398396	8.156
2.143097629	8.1797
2.14221249	8.1704
2.141327623	8.1596
2.140443487	8.1665
2.139560081	8.1428
2.138677403	8.1489
2.137795454	8.1826
2.136914232	8.1865
2.136033736	8.1806
2.135153965	8.1711
2.134274919	8.1435
2.133396596	8.1382
2.132518995	8.1487
2.131642117	8.1675
2.130765959	8.1645
2.129890521	8.1889
2.129015803	8.1972
2.128141802	8.1758
2.127268519	8.2004
2.126395952	8.218
2.125524101	8.1574
2.124652964	8.1242
2.123782542	8.1499
2.122912832	8.1933
2.122043834	8.2265
2.121175997	8.2473
2.12030842	8.229
2.119441553	8.2336
2.118575394	8.1975
2.117709942	8.1572
2.116845198	8.1516
2.115981159	8.2138
2.115117826	8.2578
2.114255197	8.2546
2.113393271	8.2385
2.112532047	8.1924
2.111671525	8.2124
2.110811704	8.2392
2.109952583	8.1968
2.109094161	8.1318
2.108236437	8.1518
2.107379855	8.1955
2.106523524	8.2541
2.105667889	8.2463
2.104812949	8.2199
2.103958703	8.2412
2.103105151	8.2178
2.10225229	8.2297
2.101400121	8.251
2.100548642	8.2141
2.099697853	8.2051
2.098847754	8.2512
2.097998342	8.2866
2.097149617	8.2629
2.096301579	8.2221
2.095454226	8.2412
2.094607559	8.2529
2.093761575	8.2583
2.092916274	8.2756
2.092071655	8.2951
2.091227718	8.3386
2.090384461	8.3525
2.089541885	8.3066
2.088699987	8.2895
2.087858767	8.3469
2.08701866	8.303
2.086178794	8.2405
2.085339604	8.2632
2.084501088	8.2842
2.083663247	8.3442
2.082826078	8.3449
2.081989583	8.2864
2.081153758	8.259
2.080318605	8.2834
2.079484122	8.2837
