Name: Muscovite KAl2(Si3Al)O10(OH,F)2
Type:  Mineral
Class:  Silicates
Subclass:  Phyllosilicates (Sheet Silicates); (MicaGroup)
Particle Size:  Fine (0-74  Micrometer)
Sample No.: muscov.2
Owner:  JHU
Wavelength Range:  IR
Origin: Fremont Co., Colorado via Hunt and Salisbury Collection #146B

Description: The hand sample appeared to be pure, transparent 
muscovite, but microscopic analysis showed a trace (<<1%) of what 
appeared to be quartz.  (However, no quartz bands are apparent in 
the infrared spectrum.).


Measurement:  Bidirectional reflectance 
First Column:  X
Second Column:  Y  
X Units:  Wavelength (micrometers)
Y Units:  Reflectance (percent)
First X Value:  25.0442
Last X Value:  2.079
Number of X Values:  2287
Additional Information:  muscov2a.txt

25.04420302	1.3711
24.9237955	1.3525
24.80454022	1.2678
24.68642074	1.2363
24.5694209	1.2705
24.45358465	1.1372
24.3387763	1.1455
24.22504094	1.261
24.11236361	1.0901
24.00072962	0.8606
23.89012454	0.9397
23.78053421	1.1267
23.67194472	1.0676
23.56434244	1.051
23.45771395	1.1438
23.35204611	1.0791
23.24732598	1.0127
23.14354087	1.1499
23.04067832	1.1016
22.93872607	0.9756
22.83767211	0.8975
22.7375046	0.9932
22.63821194	1.1309
22.53978272	1.1914
22.44220571	1.1924
22.3454699	1.1909
22.24956446	1.1558
22.15447875	1.1138
22.06020229	1.0508
21.96677306	1.0522
21.87408402	1.0801
21.7821739	1.106
21.69103293	1.0608
21.60065148	1.054
21.5110201	1.1025
21.42212949	1.1628
21.33397051	1.187
21.24653416	1.209
21.15981159	1.2353
21.0737941	1.2519
20.98847313	1.2429
20.90384024	1.2185
20.81988716	1.2385
20.73660571	1.292
20.65398787	1.2393
20.57202575	1.1643
20.49071156	1.1504
20.41003766	1.2004
20.3299965	1.1631
20.25058069	1.0942
20.1717829	1.1226
20.09359597	1.1306
20.01601281	1.0894
19.93906621	1.0469
19.8626695	1.03
19.78685599	0.9985
19.71161901	0.9424
19.63695203	0.948
19.56284859	0.9651
19.48930232	0.9961
19.41630698	1.0276
19.34385639	1.0503
19.27194448	1.0249
19.20056526	1.032
19.12971284	1.041
19.05938141	1.083
18.98956523	1.1199
18.92025868	1.1108
18.85145618	1.136
18.78315226	1.1814
18.71534153	1.196
18.64801865	1.1968
18.58117838	1.2122
18.51481556	1.238
18.44892507	1.2656
18.38350191	1.2593
18.31854111	1.1719
18.25407111	1.1238
18.19002023	1.1545
18.12641726	1.1965
18.06325753	1.2148
18.00053642	1.1553
17.93824937	1.1445
17.8763919	1.179
17.81495958	1.1382
17.75394803	1.0605
17.69335296	1.0522
17.63317011	1.083
17.57339529	1.0947
17.51402436	1.0513
17.45505324	1.0198
17.39647791	1.0349
17.3382944	1.0381
17.28049878	0.9915
17.2230872	0.9592
17.16605584	0.9653
17.10940093	0.9685
17.05311876	0.9502
16.99720566	0.9648
16.94165801	0.9626
16.88647225	0.916
16.83167317	0.8743
16.77720046	0.905
16.72307919	0.9145
16.66930597	0.863
16.61587747	0.8281
16.56279037	0.8206
16.51004141	0.8245
16.45762737	0.7776
16.40554507	0.7454
16.35379138	0.7471
16.30236319	0.7146
16.25125744	0.6897
16.20047111	0.7019
16.15000121	0.6816
16.0998448	0.6621
16.04999896	0.6641
16.00048641	0.7014
15.95125297	0.6843
15.90232158	0.6748
15.85368947	0.6987
15.80535391	0.71
15.75731218	0.7075
15.70956162	0.7048
15.6620996	0.7065
15.61492349	0.6919
15.56803074	0.7004
15.52141878	0.7344
15.47508511	0.7893
15.42902725	0.8267
15.38324273	0.843
15.33772913	0.8682
15.29248405	0.8726
15.24750513	0.8992
15.20279002	0.9443
15.1583364	0.9658
15.114142	0.9485
15.07020455	0.9316
15.02652181	0.9502
14.98309158	0.9692
14.93991168	0.9702
14.89700213	0.959
14.85431629	0.9646
14.81187438	0.967
14.76967431	0.9412
14.72771402	0.9155
14.68599147	0.9177
14.64450465	0.9341
14.60325156	0.9126
14.56223023	0.9087
14.52143873	0.9062
14.48087511	0.9109
14.44053748	0.8965
14.40042395	0.8904
14.36053266	0.9087
14.32086177	0.9487
14.28140946	0.9917
14.24217393	1.011
14.20315338	1.0127
14.16434607	1.0347
14.12575025	1.083
14.0873642	1.1213
14.0491862	1.125
14.01121458	1.1152
13.97344765	1.1438
13.93590321	1.1536
13.89854065	1.1365
13.8613779	1.1304
13.82441336	1.136
13.78764544	1.1404
13.75107258	1.124
13.71469324	1.1143
13.67850587	1.113
13.64250897	1.1011
13.60670103	1.074
13.57108057	1.0464
13.53564612	0.9932
13.50039624	0.9392
13.46532947	0.9128
13.4304444	0.8765
13.39573962	0.8342
13.36121373	0.8044
13.32686536	0.8074
13.29269314	0.8201
13.25869572	0.8291
13.22487175	0.8357
13.19121992	0.8567
13.15773892	0.8889
13.12442745	0.9124
13.09130135	0.9687
13.05832501	1.0493
13.02551438	1.1316
12.99286821	1.1936
12.96038529	1.2559
12.92806437	1.2795
12.89590426	1.2717
12.86390376	1.2847
12.83206168	1.303
12.80037684	1.3157
12.7688481	1.3218
12.73747429	1.2966
12.70625427	1.2749
12.67518693	1.2615
12.64427113	1.2427
12.61350579	1.2244
12.58290562	1.2075
12.55243781	1.1907
12.52211719	1.146
12.4919427	1.1248
12.46191328	1.1521
12.43202789	1.1748
12.40228549	1.1919
12.37268507	1.2151
12.34322561	1.2524
12.31390609	1.2915
12.28472554	1.3232
12.25568296	1.3428
12.22677738	1.3301
12.19800782	1.344
12.16937334	1.3733
12.14087298	1.3647
12.1125058	1.3367
12.08427087	1.3572
12.05616727	1.4219
12.02819409	1.4832
12.00035041	1.5754
11.97263534	1.6831
11.945048	1.7656
11.9175875	1.8396
11.8902671	1.9058
11.86305761	1.9578
11.83597236	1.9878
11.80901051	1.9785
11.78217122	1.9626
11.75545365	1.9397
11.72885698	1.8828
11.70238038	1.834
11.67602305	1.7964
11.64978419	1.7361
11.62366299	1.6728
11.59765866	1.6182
11.57177043	1.5554
11.54599752	1.4817
11.52033916	1.446
11.49479458	1.4089
11.46936304	1.3437
11.44404378	1.3071
11.41883606	1.2725
11.39373914	1.2473
11.3687523	1.2165
11.34387482	1.1851
11.31910597	1.1526
11.29444505	1.1411
11.26990406	1.1365
11.24545684	1.105
11.22111545	1.0896
11.19687921	1.1003
11.17274743	1.1006
11.14871946	1.0781
11.12479461	1.0654
11.10097222	1.0442
11.07725165	1.0139
11.05363222	0.9941
11.03011331	0.9853
11.00669427	0.969
10.98337447	0.9365
10.96015327	0.9116
10.93703005	0.8933
10.9140042	0.8799
10.89107509	0.8804
10.86824213	0.8813
10.8455047	0.8801
10.82286221	0.8767
10.80031407	0.8743
10.77785969	0.8667
10.75549848	0.8738
10.73322986	0.897
10.71106474	0.894
10.68897956	0.8848
10.66698525	0.9036
10.64508128	0.9233
10.62326708	0.9348
10.6015421	0.9563
10.5799058	0.9849
10.55835763	0.9817
10.53689705	0.9853
10.51552354	0.9946
10.49423657	0.9956
10.4730356	1.002
10.45192012	1.012
10.43088962	1.0059
10.40994358	0.9922
10.38908149	0.9712
10.36830285	0.9602
10.34760717	0.9587
10.32699394	0.9419
10.30646267	0.9275
10.28601287	0.9233
10.26564407	0.9224
10.24535578	0.9197
10.22514752	0.9155
10.20502924	0.9092
10.1849796	0.905
10.16500858	0.8992
10.14511574	0.9084
10.12530059	0.9111
10.10556271	0.9194
10.08590162	0.9192
10.0663169	0.9182
10.04680808	0.9167
10.02737473	0.9153
10.00801642	0.9277
9.98873271	0.9341
9.969523168	0.9407
9.950387369	0.9395
9.931324888	0.9463
9.912335307	0.9597
9.893427994	0.9553
9.874582922	0.9529
9.855809507	0.9712
9.83710734	0.9819
9.818476015	1
9.799915133	1.0127
9.781424293	1.0239
9.7630031	1.0454
9.744651161	1.0684
9.726368087	1.0984
9.70815349	1.1206
9.690006986	1.1531
9.671928196	1.2026
9.653916739	1.2412
9.635972241	1.2871
9.618094328	1.3247
9.600282632	1.343
9.582536785	1.3474
9.564856422	1.3396
9.547241181	1.3281
9.529690704	1.3042
9.512204634	1.2529
9.494782617	1.1941
9.477424301	1.1467
9.460138288	1.0962
9.4429063	1.0408
9.425736975	1.0127
9.408629972	0.9995
9.391584952	0.9861
9.374601579	0.9939
9.35767952	1.0098
9.340818443	1.0339
9.324018018	1.062
9.307277919	1.0854
9.290597822	1.1165
9.273977405	1.1562
9.257416348	1.1858
9.240914333	1.2046
9.224471046	1.238
9.208086173	1.2842
9.191759404	1.3093
9.17549043	1.3352
9.159278945	1.3777
9.143124645	1.4084
9.127027227	1.4236
9.110986392	1.4368
9.095001842	1.4521
9.079073281	1.4641
9.06320863	1.4792
9.04739114	1.4897
9.031628764	1.4758
9.015921215	1.4629
9.000268208	1.4744
8.984669459	1.5007
8.969124685	1.511
8.953633608	1.51
8.93819595	1.5156
8.922811435	1.5232
8.907479789	1.5442
8.89220074	1.5547
8.876974017	1.5601
8.861799353	1.5662
8.846676481	1.5793
8.831605135	1.5947
8.816585054	1.613
8.801615977	1.6372
8.786697643	1.6675
8.771829795	1.6787
8.757012178	1.6934
8.742244536	1.7205
8.727526619	1.7239
8.712858175	1.7312
8.69824652	1.7439
8.683676252	1.7375
8.669154714	1.7017
8.654681663	1.6609
8.640256858	1.6262
8.625880055	1.5813
8.611551018	1.5608
8.597269507	1.5627
8.583035287	1.5498
8.568848124	1.5286
8.554707784	1.5173
8.540614036	1.5
8.52656665	1.4705
8.512565398	1.4426
8.498610052	1.4148
8.484700388	1.3831
8.470836182	1.3557
8.45701721	1.3228
8.443243252	1.2903
8.429514089	1.2598
8.415829502	1.2292
8.402189274	1.2114
8.388593191	1.1965
8.375041038	1.1855
8.361539594	1.1738
8.348074642	1.1702
8.334652987	1.1724
8.32127442	1.1843
8.307938734	1.1999
8.294645723	1.2124
8.281395183	1.2371
8.268186911	1.2793
8.255020704	1.3142
8.241896361	1.3564
8.228813685	1.4082
8.215772476	1.4541
8.202772537	1.4949
8.189813674	1.5471
8.176895691	1.5959
8.164018395	1.6343
8.151188239	1.6704
8.138391724	1.7065
8.125635323	1.749
8.11291885	1.7908
8.100242116	1.8311
8.087604937	1.8713
8.075007126	1.9153
8.062448501	1.9695
8.049928879	2.0173
8.037448078	2.0613
8.025005918	2.1194
8.012602221	2.1819
8.000236807	2.2356
7.9879095	2.279
7.975620124	2.3232
7.963368505	2.3718
7.951154468	2.4255
7.938977841	2.4783
7.926838452	2.5198
7.914736131	2.5496
7.902670708	2.585
7.890642014	2.6277
7.878649883	2.6689
7.866694148	2.7273
7.854780812	2.7754
7.842897355	2.8108
7.831049799	2.8501
7.819237984	2.9062
7.807461747	2.9617
7.795720929	3.0112
7.784015369	3.0705
7.772344909	3.1243
7.760709391	3.1736
7.749108659	3.2351
7.737542556	3.2952
7.726010929	3.3437
7.714513623	3.3899
7.703050485	3.4448
7.691621363	3.4985
7.680226106	3.5454
7.668864563	3.5957
7.657536586	3.6453
7.646242025	3.6877
7.634980733	3.7344
7.623752563	3.779
7.61255737	3.8122
7.601395008	3.8518
7.590265333	3.9058
7.579173946	3.9543
7.568109199	3.9949
7.557076711	4.04
7.546076342	4.0762
7.535107952	4.1079
7.524171401	4.1518
7.51326655	4.1887
7.502393263	4.2239
7.491551403	4.2634
7.480740833	4.2995
7.469961418	4.3193
7.459213023	4.3415
7.448495516	4.3779
7.437808762	4.4106
7.42715263	4.4348
7.416526989	4.4651
7.405931707	4.4971
7.395366655	4.5207
7.384831703	4.5515
7.374326724	4.5889
7.363851589	4.6155
7.353406171	4.6284
7.342990345	4.6518
7.332603984	4.6745
7.322252325	4.6916
7.311924506	4.7165
7.30162578	4.7488
7.291356025	4.7781
7.281115117	4.8157
7.270902937	4.8689
7.260719363	4.917
7.250564275	4.9546
7.240437554	4.9888
7.230339081	5.0188
7.220268738	5.0493
7.210226408	5.0854
7.200211974	5.1333
7.19022532	5.1809
7.18026633	5.2256
7.17033489	5.27
7.160436013	5.3122
7.150559317	5.3542
7.140709829	5.3904
7.130887439	5.4214
7.121092034	5.4563
7.111323503	5.5029
7.101581735	5.55
7.091866622	5.5781
7.082178053	5.6091
7.07251592	5.6499
7.062880115	5.6799
7.053270531	5.7041
7.04368706	5.7441
7.034129597	5.7893
7.024598035	5.8264
7.01509227	5.8628
7.005612196	5.8992
6.99615771	5.9236
6.986728709	5.9621
6.977325089	6.0054
6.967946748	6.0205
6.958593585	6.0442
6.949265497	6.0947
6.939962385	6.1352
6.930688952	6.1719
6.921435478	6.2073
6.912206681	6.2305
6.903002461	6.2558
6.893822721	6.2964
6.884667364	6.3376
6.875536292	6.3496
6.866429409	6.3437
6.857346618	6.3833
6.848287825	6.4285
6.839252935	6.4446
6.830241852	6.4658
6.821254483	6.5076
6.812290735	6.5388
6.803350514	6.5693
6.794433728	6.5974
6.785540285	6.6179
6.776670093	6.6496
6.767823062	6.6904
6.7589991	6.7241
6.750198118	6.7358
6.741420026	6.7651
6.732664735	6.8003
6.723932156	6.8083
6.715226709	6.8208
6.706539278	6.8545
6.697874296	6.8852
6.689231675	6.8987
6.680611329	6.9275
6.672013173	6.9704
6.663437121	7.0061
6.654883087	7.0456
6.646350987	7.0596
6.637840737	7.0471
6.629352253	7.0781
6.620885451	7.1245
6.612440248	7.1416
6.604016563	7.1528
6.595614312	7.1667
6.587233415	7.1799
6.578873789	7.1787
6.570535354	7.1882
6.56221803	7.2268
6.553921736	7.2402
6.545646392	7.2629
6.537391921	7.3044
6.529158241	7.3367
6.520945276	7.3706
6.512757189	7.4316
6.504585407	7.4624
6.496434107	7.4612
6.488303211	7.4956
6.480192643	7.5432
6.472102327	7.5683
6.464032186	7.6059
6.455982145	7.634
6.44795213	7.6384
6.439942066	7.6477
6.431951879	7.655
6.423981494	7.6452
6.416030838	7.6157
6.408099838	7.6328
6.400188422	7.6714
6.392296516	7.667
6.384424048	7.6562
6.376570948	7.6526
6.368737143	7.6318
6.360922563	7.623
6.353127136	7.6106
6.345350793	7.5659
6.337593464	7.5491
6.329855078	7.5515
6.322139564	7.5283
6.314438848	7.4971
6.30675687	7.4719
6.29909356	7.4551
6.291448851	7.4182
6.283822676	7.3847
6.276214965	7.3638
6.268625654	7.3288
6.261054675	7.289
6.253501961	7.2563
6.245967447	7.2219
6.238451067	7.1848
6.230952756	7.1565
6.223472449	7.1323
6.21601008	7.0989
6.208565585	7.0657
6.201142747	7.0449
6.1937338	7.0144
6.186342535	6.9719
6.178968891	6.9817
6.171612803	6.9971
6.164274209	6.9819
6.156953047	6.9748
6.149649255	6.9697
6.14236277	6.9536
6.135093533	6.9482
6.12784148	6.9333
6.120606552	6.8889
6.113388688	6.8479
6.106187828	6.8513
6.099003911	6.8464
6.091836878	6.8181
6.084686669	6.7961
6.077553226	6.77
6.070436489	6.7431
6.063336399	6.728
6.056252899	6.6963
6.049185931	6.6499
6.042135436	6.6545
6.035101357	6.6777
6.02808727	6.6709
6.021085843	6.644
6.01410066	6.6311
6.007131667	6.6257
6.000178805	6.602
5.99324202	6.5784
5.986321256	6.5683
5.979416457	6.5473
5.972527568	6.5149
5.965654534	6.5085
5.9587973	6.5095
5.951955813	6.4902
5.945130017	6.4775
5.938319859	6.4595
5.931525286	6.4631
5.924746243	6.4953
5.917982678	6.5176
5.911234538	6.5349
5.904501769	6.5447
5.89778432	6.5495
5.891082139	6.5849
5.884395172	6.5952
5.87772337	6.6201
5.871066679	6.6826
5.864428488	6.7012
5.85780186	6.717
5.851190191	6.75
5.84459343	6.7742
5.838011527	6.7776
5.831444431	6.791
5.824892094	6.7944
5.818354465	6.7969
5.811831494	6.8262
5.805323133	6.8408
5.798829332	6.8342
5.792350043	6.8415
5.785885217	6.8445
5.779434806	6.8301
5.772998761	6.811
5.766577035	6.7978
5.760169579	6.8071
5.753776347	6.8022
5.747397291	6.789
5.741032364	6.7976
5.734681519	6.7888
5.728344709	6.7798
5.722021888	6.7783
5.715713009	6.7649
5.709421287	6.7466
5.703140149	6.7507
5.696872816	6.7475
5.690619242	6.727
5.684379382	6.7156
5.678153192	6.7031
5.671940626	6.6885
5.66574164	6.6711
5.659556189	6.647
5.653384229	6.6191
5.647225716	6.5896
5.641080605	6.5674
5.634948854	6.5559
5.628830419	6.5398
5.622725256	6.5178
5.616633323	6.5068
5.610557723	6.4929
5.604492113	6.4768
5.598439603	6.4783
5.592400152	6.48
5.586373717	6.469
5.580360257	6.4629
5.574359729	6.4704
5.568372092	6.4763
5.562397304	6.4846
5.556435324	6.4978
5.550486112	6.5051
5.544549625	6.5229
5.538625823	6.5486
5.532714665	6.5644
5.526816112	6.5735
5.520930122	6.5932
5.515056656	6.6235
5.509195674	6.644
5.503347136	6.6545
5.497511002	6.6804
5.491687233	6.7021
5.48587579	6.7248
5.480076633	6.7549
5.474289725	6.7783
5.468518015	6.7983
5.462755479	6.832
5.457005076	6.8659
5.451266765	6.8872
5.445540511	6.9143
5.439826274	6.9389
5.434124016	6.9524
5.428433701	6.9656
5.422755291	6.979
5.417088748	6.9888
5.411434035	6.9907
5.405791116	6.9927
5.400159953	6.9858
5.394540509	6.9663
5.388932749	6.9502
5.383336635	6.9365
5.377752132	6.9162
5.372179203	6.9101
5.366617813	6.9201
5.361067925	6.9263
5.355529504	6.9258
5.350002515	6.9455
5.344486921	6.9897
5.338982689	7.0217
5.333492627	7.0564
5.328011006	7.1118
5.32254064	7.1596
5.317081497	7.2014
5.31163354	7.2563
5.306196736	7.3142
5.30077105	7.3652
5.295356449	7.4233
5.289952898	7.4912
5.284560364	7.5544
5.279178813	7.6174
5.273808212	7.7038
5.268448526	7.7851
5.263099724	7.8572
5.257761771	7.948
5.252434635	8.0349
5.247118283	8.1111
5.241812682	8.2014
5.236517799	8.2925
5.231233603	8.3733
5.225960061	8.4546
5.220697141	8.5346
5.21544481	8.6035
5.210203036	8.6662
5.204974498	8.7312
5.19975374	8.7912
5.194543444	8.8415
5.189343579	8.8994
5.184154115	8.9597
5.178975019	8.9975
5.173806261	9.0442
5.168647809	9.0947
5.163499634	9.1374
5.158361704	9.1782
5.153233989	9.2292
5.148116459	9.2707
5.143009082	9.3108
5.137911829	9.3586
5.13282467	9.3965
5.127747575	9.4243
5.122680514	9.4582
5.117623458	9.4983
5.112576376	9.5215
5.107539239	9.5427
5.102512018	9.572
5.097494683	9.5783
5.092487206	9.563
5.087489558	9.563
5.082504292	9.5749
5.077526209	9.5669
5.072557868	9.5666
5.06759924	9.5786
5.062650297	9.5757
5.057711011	9.5769
5.052781354	9.5908
5.047861297	9.5962
5.042950812	9.5927
5.038049872	9.6013
5.033158448	9.6113
5.028276513	9.5979
5.023404039	9.6003
5.018541	9.615
5.013687367	9.6098
5.008843113	9.6113
5.004010715	9.6238
4.999185133	9.6325
4.994368849	9.6391
4.989561837	9.6577
4.984764069	9.6887
4.979975518	9.7053
4.97519616	9.7273
4.970425966	9.7651
4.96566491	9.7898
4.960912967	9.8115
4.95617011	9.8425
4.951436313	9.8669
4.94671155	9.8791
4.941995795	9.894
4.937289023	9.9096
4.932591209	9.9172
4.927902325	9.936
4.923222347	9.9646
4.918551251	9.9939
4.913889009	10.0273
4.909235598	10.0737
4.904590991	10.1125
4.899955165	10.1545
4.895328095	10.2058
4.890712146	10.2456
4.886102507	10.2641
4.88150155	10.3032
4.876909249	10.3452
4.87232558	10.3613
4.86775052	10.3835
4.863184043	10.4177
4.858626126	10.4377
4.854076745	10.4546
4.849535875	10.4773
4.845003493	10.4861
4.840479575	10.4836
4.835964098	10.4992
4.831457037	10.5278
4.826958369	10.5398
4.822468072	10.5442
4.81798612	10.5615
4.813512492	10.5759
4.809047164	10.5798
4.804590113	10.5935
4.800141316	10.615
4.79570075	10.6277
4.791268392	10.6394
4.78684422	10.6596
4.782430498	10.6736
4.778022625	10.6902
4.773622869	10.7212
4.769231209	10.7417
4.764847623	10.7527
4.760472086	10.7773
4.756104579	10.8032
4.751745078	10.8205
4.747393562	10.8403
4.743050009	10.862
4.738714396	10.8767
4.734386703	10.8899
4.730066907	10.916
4.725754987	10.9309
4.721450921	10.9372
4.717154688	10.9546
4.712866266	10.9797
4.708585635	10.9956
4.704312773	11.0075
4.700047658	11.0295
4.695790271	11.0505
4.691540589	11.0664
4.687298593	11.0854
4.68306426	11.0957
4.67883976	11.115
4.67462069	11.1469
4.670409221	11.174
4.666205334	11.1914
4.662009009	11.2263
4.657820224	11.2651
4.65363896	11.2898
4.649465195	11.321
4.645298911	11.3508
4.641140087	11.3759
4.636988702	11.4074
4.632844738	11.445
4.628708174	11.4763
4.62457899	11.5034
4.620457167	11.5337
4.616342684	11.5713
4.612235523	11.5986
4.608135664	11.614
4.604043086	11.644
4.599957772	11.6736
4.595879702	11.6924
4.591808856	11.726
4.587745215	11.7487
4.58368876	11.7619
4.57964157	11.7851
4.575599426	11.811
4.571564412	11.8252
4.567536508	11.8403
4.563515696	11.8733
4.559501956	11.8972
4.555495271	11.9055
4.551495621	11.9243
4.547502989	11.9382
4.543517355	11.9521
4.539538701	11.9621
4.535567009	11.9756
4.531602261	11.9885
4.527644439	11.9995
4.523693523	12.0185
4.519749497	12.0293
4.515814382	12.0341
4.511884077	12.0446
4.507960608	12.0605
4.504043956	12.0652
4.500134104	12.0791
4.496231034	12.1003
4.492334729	12.1106
4.488445171	12.1179
4.484562343	12.1406
4.480686226	12.1604
4.476816804	12.1723
4.47295406	12.1911
4.469097975	12.2114
4.465248534	12.2253
4.461405718	12.2351
4.45756951	12.2534
4.453739894	12.2761
4.449916853	12.2973
4.44610037	12.323
4.442290427	12.3474
4.438487009	12.3537
4.434690097	12.3742
4.430899676	12.4004
4.42711573	12.4206
4.423340197	12.445
4.419569145	12.4658
4.415804518	12.4775
4.412046298	12.4909
4.408294471	12.52
4.404549018	12.5368
4.400809925	12.5464
4.397077175	12.5691
4.393350752	12.5876
4.389630639	12.5991
4.385916821	12.6096
4.382209282	12.6299
4.378508006	12.6462
4.374812977	12.6518
4.371124179	12.6633
4.367441596	12.6704
4.363765214	12.6748
4.360095015	12.6884
4.356430985	12.6999
4.352773108	12.6997
4.349121369	12.7016
4.345475751	12.7143
4.341836241	12.7116
4.338202821	12.7109
4.334577357	12.7238
4.330956072	12.7292
4.327340832	12.7226
4.323731623	12.7292
4.320128429	12.7363
4.316531235	12.7299
4.312940028	12.7341
4.30935479	12.74
4.305775509	12.74
4.302202168	12.7302
4.298634754	12.728
4.29507325	12.7382
4.291517644	12.739
4.287967919	12.7387
4.284424062	12.7395
4.280886058	12.7382
4.277353892	12.7487
4.27382755	12.757
4.270307018	12.7505
4.266792281	12.7397
4.263283325	12.7502
4.259780136	12.7588
4.256282699	12.7605
4.252791	12.7661
4.249306832	12.7695
4.245826565	12.7675
4.242351994	12.7634
4.238883105	12.7695
4.235419885	12.7724
4.231962319	12.778
4.228510393	12.789
4.225064094	12.7912
4.221623408	12.7812
4.218188322	12.7822
4.214758821	12.7903
4.211334892	12.7888
4.207916522	12.79
4.204503696	12.7937
4.201096402	12.7881
4.197694626	12.7863
4.194300114	12.7895
4.190909331	12.7907
4.187524026	12.7922
4.184144186	12.7981
4.180769797	12.8012
4.177400846	12.7961
4.174037321	12.7912
4.170679208	12.7929
4.167326493	12.7929
4.163979165	12.7915
4.16063721	12.7978
4.157300615	12.7937
4.153969367	12.7927
4.150643454	12.8003
4.147322862	12.8051
4.144007579	12.7986
4.140697592	12.7964
4.137392888	12.8095
4.134093455	12.8098
4.130799281	12.8095
4.127510352	12.8183
4.124226656	12.8217
4.120948181	12.822
4.117674914	12.8269
4.114408535	12.8322
4.111145645	12.8244
4.107887925	12.823
4.104635365	12.834
4.101387951	12.8371
4.098145671	12.8371
4.094908514	12.8484
4.091676466	12.8491
4.088449517	12.8479
4.085227653	12.8525
4.082010864	12.8598
4.078799136	12.8615
4.075592459	12.8659
4.072390819	12.8764
4.069194206	12.8733
4.066002607	12.8764
4.062816011	12.8894
4.059634406	12.8906
4.056457779	12.8842
4.053286121	12.8818
4.050119418	12.8877
4.046957659	12.8906
4.043800833	12.9004
4.040648928	12.9065
4.037503563	12.9013
4.034361463	12.8979
4.031224251	12.896
4.028091913	12.9038
4.024964439	12.9045
4.021841819	12.9062
4.018724039	12.9065
4.01561109	12.9062
4.012502959	12.9052
4.009399637	12.914
4.00630111	12.9192
4.00320737	12.9148
4.000118404	12.9131
3.997034201	12.9189
3.99395475	12.9157
3.990880041	12.9174
3.987810062	12.9272
3.984744803	12.927
3.981684252	12.9201
3.9786284	12.924
3.975577234	12.925
3.972530744	12.9182
3.96948892	12.9223
3.966451751	12.9287
3.963420797	12.9238
3.960392903	12.9282
3.957369631	12.9416
3.954350972	12.9409
3.951336915	12.937
3.948327449	12.9441
3.945322564	12.9472
3.942322249	12.9516
3.939326493	12.9611
3.936335288	12.9575
3.933348621	12.9507
3.930366483	12.9543
3.927388864	12.9663
3.924415753	12.9731
3.921447139	12.9775
3.918483014	12.9809
3.915523366	12.978
3.912568186	12.9729
3.909617463	12.9751
3.906671188	12.9809
3.90372935	12.9768
3.900791939	12.9782
3.897858945	12.9868
3.894930359	12.9777
3.892007684	12.9694
3.889087881	12.9692
3.886172454	12.9741
3.883261396	12.9714
3.880354695	12.9729
3.877452343	12.976
3.874554329	12.9624
3.871660644	12.9604
3.868771278	12.9694
3.865886222	12.9663
3.863005465	12.958
3.860128998	12.9599
3.857256812	12.9546
3.854388896	12.9538
3.851525243	12.955
3.848665841	12.9536
3.845812161	12.9477
3.842961232	12.9409
3.840114528	12.9375
3.837272037	12.9336
3.834433752	12.937
3.831599662	12.9314
3.828769759	12.9221
3.825944033	12.9182
3.823122474	12.916
3.820305074	12.9126
3.817491824	12.9057
3.814682714	12.9035
3.811877735	12.903
3.809076878	12.8896
3.806280134	12.8794
3.803487494	12.8798
3.800698949	12.8794
3.797914489	12.8706
3.795134107	12.8645
3.792357792	12.8591
3.789585537	12.8488
3.786817332	12.8354
3.784053167	12.8278
3.781293036	12.8134
3.778538356	12.8025
3.77578626	12.8027
3.773038171	12.7973
3.770294079	12.7802
3.767553976	12.7736
3.764817852	12.7617
3.7620857	12.7424
3.759357511	12.7321
3.756633275	12.7248
3.753912985	12.7075
3.751196632	12.6884
3.748484207	12.6755
3.745775701	12.6706
3.743071107	12.6552
3.740370416	12.6457
3.73767362	12.6435
3.734980709	12.6308
3.732291676	12.6169
3.729606512	12.6074
3.726925208	12.5964
3.724247758	12.5874
3.721574151	12.5798
3.718904381	12.5735
3.716238438	12.5608
3.713577694	12.5561
3.71091938	12.5512
3.708264869	12.5366
3.705614154	12.5273
3.702967225	12.5268
3.700324074	12.5195
3.697684695	12.5132
3.695049078	12.5078
3.692417215	12.5029
3.689789099	12.498
3.687164722	12.4926
3.684544075	12.4839
3.68192715	12.4707
3.67931394	12.4621
3.676704437	12.4607
3.674098633	12.455
3.67149652	12.448
3.66889809	12.4443
3.666303336	12.4424
3.663712249	12.4389
3.661124822	12.4284
3.658541047	12.4228
3.655960916	12.4187
3.653384422	12.4214
3.65081289	12.425
3.648243644	12.4123
3.645678012	12.4055
3.643115986	12.4023
3.640557559	12.3957
3.638002722	12.3916
3.635451469	12.3957
3.632903791	12.396
3.630359682	12.3852
3.627819133	12.3813
3.625282138	12.3872
3.622748688	12.373
3.620218777	12.3615
3.617692397	12.3679
3.615169541	12.3608
3.6126502	12.3537
3.610135673	12.3557
3.607623341	12.3532
3.605114504	12.3459
3.602609154	12.3381
3.600107283	12.3274
3.597608885	12.3134
3.595113953	12.3093
3.592622478	12.3071
3.590134454	12.2961
3.587649874	12.2817
3.585168731	12.2771
3.582691017	12.2697
3.580216725	12.2517
3.577745848	12.2365
3.57527838	12.2356
3.572814313	12.2241
3.57035364	12.2121
3.567896354	12.2055
3.565442448	12.1975
3.562991916	12.1882
3.560544749	12.1718
3.558100942	12.1562
3.555660487	12.1455
3.553223378	12.1384
3.550790868	12.1255
3.548360427	12.1164
3.545933311	12.1064
3.543509513	12.1006
3.541089027	12.0918
3.538671844	12.0725
3.53625796	12.0481
3.533847367	12.0351
3.531440058	12.0224
3.529036026	12.0036
3.526635266	11.9892
3.524237769	11.9714
3.52184353	11.9487
3.519452542	11.9292
3.517064798	11.9104
3.514680292	11.8794
3.512299017	11.8508
3.509920967	11.8342
3.507546135	11.8117
3.505174514	11.7973
3.502806098	11.7822
3.500440881	11.7717
3.498078855	11.761
3.495720015	11.7512
3.493365575	11.7487
3.491013085	11.7419
3.488663762	11.7383
3.486317598	11.7351
3.483974588	11.7224
3.481634725	11.7109
3.479298003	11.6977
3.476964415	11.6946
3.474633956	11.6862
3.472306619	11.675
3.469982397	11.6689
3.467661284	11.6587
3.465343275	11.6394
3.463028363	11.6225
3.460716541	11.6133
3.458407804	11.6045
3.456102146	11.5969
3.453799559	11.5759
3.451500039	11.5486
3.449203579	11.5254
3.446910172	11.5097
3.444619814	11.4944
3.442332497	11.4736
3.440048216	11.4521
3.437768146	11.4306
3.435489916	11.4096
3.433214704	11.3823
3.430942504	11.3567
3.428673309	11.3318
3.426407114	11.2946
3.424143913	11.2746
3.421883699	11.2619
3.419626467	11.2363
3.417372212	11.227
3.415120926	11.2173
3.412872605	11.1999
3.410627242	11.1884
3.408384831	11.186
3.406145367	11.185
3.403908845	11.1841
3.401675257	11.1797
3.399444599	11.1726
3.397216864	11.1721
3.394992047	11.1753
3.392770143	11.1667
3.390551144	11.157
3.388335047	11.157
3.386121844	11.1399
3.383912676	11.1235
3.381705245	11.1145
3.379500692	11.0986
3.377299012	11.0915
3.375100198	11.0866
3.372904246	11.0874
3.370711149	11.0908
3.368520903	11.0747
3.366333501	11.0608
3.364148938	11.0613
3.361967208	11.0564
3.359788306	11.0571
3.357612227	11.0454
3.355438965	11.039
3.353268515	11.0332
3.35110087	11.0151
3.348937148	11.0044
3.346775098	10.9968
3.344615837	10.9865
3.342459362	10.9731
3.340305665	10.9714
3.338154741	10.9619
3.336006587	10.9463
3.333861195	10.9294
3.33171856	10.9153
3.329578678	10.9045
3.327441544	10.9021
3.32530715	10.8989
3.323175494	10.885
3.321046568	10.862
3.318920368	10.8467
3.31679689	10.8371
3.314676126	10.8169
3.312558073	10.8027
3.310442725	10.7893
3.308330077	10.7829
3.306220124	10.779
3.304112861	10.7614
3.302008281	10.7444
3.299906382	10.7407
3.297808244	10.7219
3.295711686	10.7055
3.293617792	10.6948
3.291526557	10.6819
3.289437976	10.6601
3.287352045	10.6516
3.285268756	10.6374
3.283188107	10.6155
3.281110091	10.5993
3.279034705	10.5844
3.276961942	10.5732
3.274891798	10.5703
3.272824267	10.5476
3.270759346	10.5259
3.268697029	10.5124
3.26663731	10.5051
3.264580186	10.4836
3.262525652	10.4594
3.260473701	10.4497
3.25842433	10.4392
3.256377534	10.4182
3.254333308	10.4009
3.252291646	10.394
3.250252545	10.3835
3.248217054	10.3586
3.246183057	10.3401
3.244151606	10.321
3.242122696	10.3066
3.240096322	10.2929
3.238072479	10.2793
3.236051163	10.2632
3.234032369	10.2488
3.232016093	10.2387
3.230002329	10.2092
3.227991073	10.1919
3.22598232	10.1916
3.223976065	10.1684
3.221972305	10.1408
3.219971033	10.1274
3.217972246	10.1162
3.215975939	10.104
3.213982108	10.0906
3.211990747	10.073
3.210001852	10.0573
3.208015419	10.0417
3.206031443	10.0244
3.204049919	10.0063
3.202070843	9.989
3.200095235	9.9758
3.19812104	9.9673
3.196149279	9.9441
3.194179949	9.9294
3.192213043	9.9238
3.190248559	9.9126
3.18828649	9.8982
3.186326834	9.8872
3.184369586	9.8677
3.18241474	9.8486
3.180462293	9.8293
3.17851224	9.8181
3.176564577	9.8061
3.1746193	9.7868
3.172676403	9.7646
3.170735883	9.7583
3.168797736	9.739
3.166861956	9.7219
3.164928541	9.7075
3.162997484	9.6921
3.161068783	9.6792
3.159142432	9.6731
3.157218427	9.6538
3.155296765	9.6396
3.153378435	9.6291
3.151461443	9.5989
3.14954678	9.5866
3.147634443	9.5761
3.145724426	9.5571
3.143816726	9.5481
3.141911338	9.5324
3.140008258	9.5083
3.138107483	9.4895
3.136209007	9.476
3.134312827	9.4636
3.132418938	9.4516
3.130527337	9.4311
3.128638019	9.4143
3.126750981	9.4087
3.124866217	9.3901
3.122984699	9.3701
3.121104471	9.3557
3.119226507	9.3454
3.1173508	9.3366
3.115477349	9.3303
3.113606148	9.3147
3.111737193	9.2966
3.10987048	9.2895
3.108006006	9.2807
3.106143766	9.2651
3.104283756	9.2497
3.102425973	9.2363
3.100570412	9.2207
3.098717069	9.2104
3.096865941	9.2046
3.095017023	9.1894
3.093170311	9.1689
3.091325802	9.1592
3.089483491	9.1408
3.087643375	9.1279
3.085805449	9.1277
3.08396971	9.1191
3.082136155	9.0989
3.080304778	9.083
3.078476524	9.0776
3.076649492	9.0678
3.074824627	9.0495
3.073001926	9.0381
3.071181385	9.0246
3.069363	9.0068
3.067546766	9.0005
3.065732681	9.0046
3.06392074	8.9924
3.06211094	8.9748
3.060303276	8.9597
3.058497745	8.9541
3.056694344	8.9521
3.054893068	8.9419
3.053093914	8.9214
3.051296877	8.9074
3.049501955	8.9013
3.047709144	8.8977
3.045918439	8.8913
3.044129837	8.8821
3.042343335	8.8679
3.040558928	8.8613
3.038776613	8.8596
3.036996386	8.8559
3.035219166	8.8486
3.033443104	8.8349
3.031669119	8.8257
3.029897208	8.8154
3.028127367	8.8015
3.026359592	8.7976
3.02459388	8.7883
3.022830228	8.7807
3.021068631	8.77
3.019309085	8.7641
3.017551589	8.7571
3.015796137	8.7422
3.014042726	8.7202
3.012291354	8.7146
3.010542015	8.7136
3.008794707	8.6924
3.007049426	8.6863
3.005306169	8.6811
3.003564931	8.6667
3.00182571	8.6572
3.000088503	8.6448
2.998353304	8.6301
2.996620112	8.6238
2.994888923	8.623
2.993160628	8.6067
2.991433432	8.5945
2.989708228	8.5891
2.987985013	8.5847
2.986263784	8.5742
2.984544536	8.5581
2.982827267	8.5471
2.981111973	8.5378
2.97939865	8.5171
2.977687296	8.5083
2.975977906	8.4963
2.974270478	8.4802
2.972565009	8.4656
2.970861493	8.4507
2.96915993	8.4328
2.967460314	8.4216
2.965763522	8.4079
2.964067792	8.3957
2.962373999	8.384
2.960682141	8.3733
2.958992215	8.3623
2.957304216	8.3579
2.955618142	8.3464
2.95393399	8.3271
2.952251756	8.2998
2.950571437	8.2878
2.94889303	8.2861
2.947216531	8.2756
2.945541937	8.2561
2.943869245	8.2446
2.942198452	8.2292
2.940529554	8.2077
2.938862549	8.2075
2.937197432	8.196
2.935534201	8.1699
2.933872853	8.1565
2.932213384	8.1455
2.930555792	8.1352
2.928900072	8.1137
2.927246222	8.1008
2.925595095	8.1054
2.923944975	8.0923
2.922296715	8.0727
2.920650312	8.0659
2.919005763	8.061
2.917363066	8.0505
2.915722216	8.0339
2.91408321	8.0303
2.912446047	8.0278
2.910810722	8.0303
2.909177232	8.0276
2.907545575	8.0222
2.905915747	8.0227
2.904287745	8.0185
2.902661566	8.0144
2.901037208	8.0139
2.899414666	8.0049
2.897793938	7.9946
2.896175022	8.0144
2.894557913	8.0222
2.892942609	8.0119
2.891329106	8.0088
2.889717403	8.0202
2.888107495	8.0222
2.886500214	8.0063
2.884893888	7.9985
2.883289349	8.0032
2.881686594	8.0054
2.880085619	8.0051
2.878486423	8.0039
2.876889001	8.0041
2.875293352	8.0012
2.873699471	8.0073
2.872107357	8.0112
2.870517006	8.0117
2.868928415	8.0222
2.867341582	8.02
2.865756502	8.0278
2.864173175	8.0359
2.862591596	8.0344
2.861011762	8.0359
2.859433672	8.039
2.857857321	8.0271
2.856282708	8.0046
2.854709829	7.9927
2.853138681	7.9863
2.851569261	7.9775
2.850001568	7.9597
2.848436408	7.9404
2.846872156	7.9248
2.845309621	7.8808
2.8437488	7.8386
2.842189691	7.8122
2.840632291	7.7663
2.839076596	7.7031
2.837522604	7.6511
2.835970313	7.5788
2.834419719	7.5102
2.83287082	7.4416
2.831323613	7.3396
2.829778094	7.2226
2.828234263	7.1062
2.826692114	6.9729
2.825151647	6.8293
2.823612858	6.6621
2.822075744	6.4726
2.820540303	6.2895
2.819006531	6.0952
2.817474427	5.8816
2.815943987	5.6565
2.81441521	5.427
2.812888091	5.1885
2.811363418	4.9475
2.809839609	4.7056
2.80831745	4.4675
2.806796939	4.239
2.805278075	4.0156
2.803760853	3.802
2.802245271	3.5998
2.800731327	3.4001
2.799219018	3.2009
2.797708341	3.0129
2.796199294	2.8313
2.794691874	2.6597
2.793186078	2.477
2.791681905	2.311
2.79017935	2.1792
2.788678412	2.0559
2.787179865	1.9365
2.785682151	1.8257
2.784186046	1.7224
2.782691547	1.6387
2.781198652	1.5603
2.779707358	1.499
2.778217662	1.4604
2.776729562	1.406
2.775243056	1.3503
2.77375814	1.3018
2.772274812	1.2598
2.77079307	1.2234
2.769312911	1.1887
2.767834333	1.1685
2.766357333	1.1372
2.764881908	1.1033
2.763408056	1.0781
2.761935774	1.071
2.760465061	1.0581
2.758995913	1.0491
2.757528328	1.0662
2.756062304	1.0898
2.754597837	1.1101
2.753134926	1.1497
2.751674325	1.1963
2.750214517	1.24
2.748756257	1.2971
2.747299542	1.3608
2.74584437	1.416
2.74439074	1.4934
2.742938647	1.584
2.741488091	1.6758
2.740039067	1.7781
2.738591575	1.8855
2.737145611	2.0276
2.735701174	2.188
2.73425826	2.3669
2.732816867	2.5825
2.731376994	2.8347
2.729938636	3.1394
2.728501793	3.4995
2.727066462	3.8862
2.72563264	4.3276
2.724200325	4.8181
2.722769514	5.3557
2.721340206	5.8972
2.719912397	6.4399
2.718486086	7.008
2.717062008	7.5657
2.715638684	8.0657
2.714216851	8.519
2.712796505	8.9367
2.711377646	9.2971
2.709960269	9.625
2.708544374	9.9302
2.707129958	10.1924
2.705717018	10.4145
2.704305552	10.6079
2.702895558	10.7741
2.701487034	10.9104
2.700079976	11.0468
2.698674384	11.1623
2.697270255	11.2551
2.695867585	11.3452
2.694466374	11.4087
2.693066619	11.4751
2.691668318	11.5727
2.690271467	11.6599
2.688876066	11.7292
2.687482111	11.8005
2.686089602	11.8659
2.684698534	11.9345
2.683309626	11.9978
2.681921436	12.061
2.680534681	12.1047
2.679149359	12.1526
2.677765469	12.2199
2.676383008	12.2658
2.675001973	12.351
2.673622363	12.4511
2.672244175	12.5258
2.670867407	12.5603
2.669492057	12.6262
2.668118123	12.7114
2.666745602	12.7375
2.665374493	12.7851
2.664004793	12.8603
2.6626365	12.9096
2.66127032	12.9326
2.659904834	12.957
2.658540748	12.9777
2.657178061	13.0088
2.65581677	13.0461
2.654456873	13.0876
2.653098368	13.1001
2.651741253	13.1157
2.650385525	13.1418
2.649031183	13.1535
2.647678224	13.1594
2.646326647	13.1552
2.644976449	13.1628
2.643627628	13.1694
2.642280182	13.1674
2.640934109	13.1821
2.639589407	13.1941
2.638246073	13.1736
2.636904106	13.1831
2.635563503	13.1911
2.634224263	13.188
2.632886383	13.1958
2.631549862	13.1738
2.630214697	13.1284
2.628881577	13.1491
2.627549117	13.1814
2.626218007	13.1623
2.624888245	13.1674
2.62355983	13.1955
2.622232758	13.2236
2.620907028	13.2048
2.619582638	13.1877
2.618259585	13.1882
2.616937869	13.1819
2.615617486	13.2124
2.614298435	13.2378
2.612980713	13.2329
2.61166432	13.2509
2.610349252	13.2666
2.609035507	13.2815
2.607723085	13.2736
2.606411982	13.2656
2.605102197	13.2734
2.603793727	13.2827
2.602486572	13.3098
2.601180728	13.3327
2.599876194	13.3574
2.598572968	13.3711
2.597271722	13.3757
2.595971105	13.3816
2.59467179	13.3596
2.593373774	13.4035
2.592077057	13.4592
2.590781636	13.4565
2.589487509	13.4638
2.588194675	13.4958
2.58690313	13.5119
2.585612874	13.5053
2.584323905	13.4936
2.58303622	13.5058
2.581749817	13.5398
2.580464695	13.562
2.579180852	13.5725
2.577898286	13.5713
2.576616995	13.5708
2.575336976	13.6027
2.574058229	13.592
2.572780751	13.5886
2.571504541	13.6198
2.570229596	13.6179
2.568955915	13.625
2.567683495	13.6499
2.566412994	13.6628
2.565143091	13.6692
2.563874445	13.6757
2.562607053	13.688
2.561340913	13.6926
2.560076024	13.6997
2.558812384	13.7187
2.55754999	13.7358
2.556288841	13.7544
2.555028936	13.7619
2.553770272	13.7531
2.552512847	13.7495
2.55125666	13.7622
2.550001709	13.7656
2.548747991	13.768
2.547495506	13.7746
2.546244252	13.7932
2.544994225	13.7898
2.543745426	13.7829
2.542497852	13.7856
2.5412515	13.7832
2.54000637	13.7893
2.53876246	13.7812
2.537519767	13.7722
2.536278934	13.7639
2.535038671	13.7619
2.53379962	13.7541
2.53256178	13.7358
2.531325149	13.7053
2.530089725	13.6902
2.528855506	13.7019
2.52762249	13.687
2.526390677	13.6499
2.525160064	13.6262
2.523930648	13.6162
2.52270243	13.6113
2.521475406	13.6128
2.520249575	13.604
2.519024936	13.6001
2.517801486	13.5932
2.516579857	13.5744
2.515358781	13.5571
2.514138889	13.5507
2.512920179	13.5332
2.511702651	13.5268
2.510486301	13.5107
2.50927113	13.4939
2.508057134	13.4887
2.506844312	13.4736
2.505632662	13.4597
2.504422183	13.4443
2.503212874	13.4309
2.502004731	13.4218
2.500797754	13.4045
2.499591942	13.3906
2.498387291	13.3825
2.497183801	13.3769
2.49598147	13.3659
2.494780296	13.3679
2.493580278	13.3881
2.492381413	13.3535
2.491183701	13.3237
2.489987139	13.3081
2.488791726	13.3081
2.48759808	13.3198
2.486404959	13.3203
2.485212983	13.2993
2.484022149	13.2895
2.482832455	13.28
2.4816439	13.2758
2.480456483	13.2705
2.479270202	13.249
2.478085055	13.2307
2.47690104	13.2363
2.475718156	13.2407
2.474536402	13.1948
2.473355775	13.1699
2.472176274	13.1811
2.470997898	13.1738
2.469820644	13.1403
2.468644512	13.1142
2.467469499	13.1106
2.466295604	13.1037
2.465122826	13.0771
2.463951163	13.0532
2.462780612	13.0398
2.461611174	13.02
2.460442845	13.0034
2.45927623	13.0029
2.458110116	12.989
2.456945108	12.9487
2.455781204	12.958
2.454618401	12.978
2.4534567	12.9663
2.452296097	12.9467
2.451136592	12.9336
2.449978183	12.9272
2.448820868	12.917
2.447664646	12.9148
2.446509516	12.9214
2.445355475	12.9199
2.444202523	12.9194
2.443050657	12.9292
2.441899876	12.9453
2.440750179	12.916
2.439601564	12.9126
2.43845403	12.9463
2.437307575	12.9692
2.436162197	12.988
2.435017895	12.9983
2.433874668	13.0278
2.432732513	13.042
2.431592022	13.061
2.430452008	13.103
2.429313063	13.1211
2.428175185	13.1543
2.427038372	13.1543
2.425902624	13.1543
2.424767938	13.1801
2.423634312	13.209
2.422501747	13.2324
2.421370239	13.2783
2.420239788	13.2939
2.419110392	13.3056
2.417982049	13.3188
2.416854758	13.3259
2.415728518	13.3527
2.414603328	13.3969
2.413479185	13.4194
2.412356088	13.438
2.411234036	13.4267
2.410113027	13.424
2.40899306	13.4358
2.407874134	13.4506
2.406756246	13.479
2.405639396	13.4912
2.40452416	13.4878
2.40340938	13.4726
2.402295634	13.4629
2.401182919	13.4721
2.400071234	13.4741
2.398960578	13.4633
2.39785095	13.455
2.396742348	13.4433
2.39563477	13.4426
2.394528216	13.4372
2.393422683	13.4072
2.392318171	13.383
2.391214677	13.3828
2.390112201	13.3838
2.389010742	13.3803
2.387910297	13.3618
2.386811435	13.362
2.385713014	13.3667
2.384615605	13.3501
2.383519204	13.3379
2.382423811	13.3401
2.381329425	13.3398
2.380236043	13.3464
2.379143665	13.331
2.37805229	13.3071
2.376961915	13.3015
2.375872539	13.3261
2.374784162	13.3361
2.373696781	13.331
2.372610396	13.3432
2.371525004	13.3462
2.370440606	13.3383
2.369357198	13.3386
2.368274781	13.3391
2.367193351	13.3359
2.366112909	13.3042
2.365033453	13.301
2.363954982	13.3105
2.362877493	13.3117
2.361800987	13.3066
2.360726018	13.2964
2.35965147	13.2778
2.3585779	13.2822
2.357505307	13.2739
2.356433688	13.2588
2.355363044	13.2612
2.354293372	13.2544
2.353224671	13.2597
2.35215694	13.2592
2.351090177	13.2544
2.350024382	13.2695
2.348959552	13.2798
2.347895687	13.3144
2.346832785	13.331
2.345770845	13.3247
2.344709866	13.3354
2.343649846	13.3703
2.342590784	13.3969
2.341532678	13.4228
2.340475528	13.4682
2.339419333	13.5044
2.33836409	13.561
2.337309798	13.5869
2.336256457	13.6118
2.335204611	13.6433
2.334153166	13.6899
2.333102667	13.7192
2.332053114	13.7754
2.331004504	13.8491
2.329956838	13.8974
2.328910112	13.9314
2.327864326	13.9419
2.32681948	14.0019
2.325775571	14.0405
2.324732598	14.0405
2.32369056	14.1157
2.322649456	14.1733
2.321609284	14.1843
2.320570043	14.2175
2.319531733	14.2661
2.318494351	14.3274
2.317457897	14.3725
2.316422369	14.3903
2.315387766	14.403
2.314354087	14.4428
2.31332133	14.4907
2.312289495	14.5146
2.31125858	14.5439
2.310229117	14.5786
2.309200038	14.6142
2.308171875	14.6201
2.307144627	14.655
2.306118293	14.6792
2.305092872	14.7021
2.304068363	14.7199
2.303044763	14.7602
2.302022073	14.7627
2.301000291	14.7883
2.299979415	14.7978
2.298959445	14.8156
2.297940379	14.8305
2.296922216	14.8515
2.295904955	14.8608
2.294888595	14.8715
2.29387366	14.8762
2.292859097	14.8989
2.291845431	14.9072
2.29083266	14.8972
2.289820785	14.9028
2.288809803	14.916
2.287799713	14.9101
2.286790515	14.9233
2.285782206	14.8911
2.284774786	14.8935
2.283768254	14.9172
2.282762608	14.9231
2.281757848	14.8901
2.280753972	14.8852
2.279750978	14.8986
2.278748867	14.9331
2.277747636	14.9292
2.276747284	14.8867
2.275747811	14.8745
2.274749215	14.8842
2.273751494	14.8769
2.272754649	14.8647
2.271758677	14.8706
2.270763578	14.8471
2.269769866	14.8256
2.268776508	14.8159
2.267784019	14.7968
2.266792398	14.7915
2.265801644	14.7934
2.264811756	14.79
2.263822732	14.7822
2.262834571	14.7461
2.261847273	14.7036
2.260860836	14.6738
2.259875259	14.646
2.258890541	14.6279
2.257906681	14.5971
2.256923678	14.5571
2.25594153	14.5322
2.254960236	14.4653
2.253979796	14.396
2.253000208	14.3881
2.252021471	14.33
2.251043584	14.2646
2.250066546	14.2422
2.249090355	14.2041
2.248115012	14.1689
2.247140514	14.1496
2.246167365	14.1196
2.245194554	14.0556
2.244222586	14.0131
2.243251458	13.9904
2.242281171	13.9726
2.241311723	13.9541
2.240343113	13.9746
2.23937534	13.9399
2.238408402	13.915
2.237442299	13.936
2.23647703	13.9414
2.235512593	13.9204
2.234548988	13.8886
2.233586213	13.8623
2.232624267	13.8188
2.231663149	13.8034
2.230702859	13.7856
2.229743394	13.7529
2.228784755	13.7158
2.22782694	13.6626
2.226869947	13.6313
2.225913777	13.5432
2.224958427	13.4262
2.224003896	13.352
2.223050679	13.3203
2.222097785	13.2783
2.221145707	13.2378
2.220194445	13.1801
2.219243997	13.0903
2.218294362	13.019
2.21734554	12.9751
2.21639753	12.9199
2.215450329	12.8667
2.214503938	12.8506
2.213558355	12.7866
2.212613579	12.7387
2.211669609	12.7426
2.210726445	12.7563
2.209784084	12.7207
2.208842527	12.7036
2.207901771	12.6977
2.206961817	12.705
2.206022662	12.7177
2.205084307	12.7236
2.204146749	12.7475
2.203209989	12.7717
2.202274024	12.8383
2.201338854	12.9082
2.200404963	12.9472
2.199471379	12.9919
2.198538587	13.0422
2.197606587	13.1223
2.196675376	13.2102
2.195744954	13.3078
2.194815319	13.3889
2.193886472	13.4404
2.192958411	13.5249
2.192031134	13.6306
2.191104641	13.7207
2.190178931	13.799
2.189254003	13.8984
2.188329856	13.9599
2.187406488	14.0402
2.1864839	14.1399
2.185562567	14.2126
2.184641533	14.2714
2.183721275	14.3466
2.182801792	14.4419
2.181883083	14.4843
2.180965147	14.519
2.180047983	14.5622
2.17913159	14.6218
2.178215967	14.6831
2.177301113	14.7006
2.176387028	14.7443
2.175473709	14.8054
2.174561157	14.8676
2.17364937	14.8921
2.172738348	14.9277
2.171828089	14.9682
2.170918592	14.9919
2.170009856	15.0009
2.169101881	15.0288
2.168194666	15.0717
2.167288209	15.0986
2.166382509	15.1167
2.165477567	15.1518
2.16457338	15.1508
2.163670416	15.1694
2.162767737	15.2204
2.161865811	15.2636
2.160964637	15.2837
2.160064214	15.2541
2.159164542	15.2531
2.158265618	15.2683
2.157367442	15.2719
2.156470014	15.2627
2.155573332	15.2497
2.154677395	15.2551
2.153782203	15.2717
2.152887754	15.2885
2.151994048	15.2929
2.151101084	15.3027
2.150208861	15.3142
2.149317377	15.3303
2.148426632	15.322
2.147536625	15.3103
2.146647355	15.2861
2.145758822	15.341
2.144871024	15.3974
2.14398396	15.3559
2.143097629	15.3418
2.14221249	15.3625
2.141327623	15.3762
2.140443487	15.3798
2.139560081	15.3901
2.138677403	15.3833
2.137795454	15.3574
2.136914232	15.3757
2.136033736	15.4038
2.135153965	15.3833
2.134274919	15.3886
2.133396596	15.3696
2.132518995	15.3713
2.131642117	15.3886
2.130765959	15.3847
2.129890521	15.4211
2.129015803	15.4377
2.128141802	15.4177
2.127268519	15.3925
2.126395952	15.3957
2.125524101	15.3957
2.124652964	15.4045
2.123782542	15.4167
2.122912832	15.4099
2.122043834	15.4301
2.121175997	15.4502
2.12030842	15.4321
2.119441553	15.425
2.118575394	15.4284
2.117709942	15.4311
2.116845198	15.4343
2.115981159	15.4453
2.115117826	15.466
2.114255197	15.4721
2.113393271	15.479
2.112532047	15.477
2.111671525	15.4516
2.110811704	15.4367
2.109952583	15.4528
2.109094161	15.4643
2.108236437	15.4736
2.107379855	15.4985
2.106523524	15.5234
2.105667889	15.5109
2.104812949	15.5014
2.103958703	15.5012
2.103105151	15.5139
2.10225229	15.5517
2.101400121	15.58
2.100548642	15.5688
2.099697853	15.5805
2.098847754	15.5959
2.097998342	15.6101
2.097149617	15.6037
2.096301579	15.625
2.095454226	15.6467
2.094607559	15.6201
2.093761575	15.6225
2.092916274	15.6294
2.092071655	15.6469
2.091227718	15.677
2.090384461	15.6679
2.089541885	15.6723
2.088699987	15.6855
2.087858767	15.7028
2.08701866	15.665
2.086178794	15.6345
2.085339604	15.6767
2.084501088	15.6818
2.083663247	15.6499
2.082826078	15.6591
2.081989583	15.6694
2.081153758	15.6787
2.080318605	15.6523
2.079484122	15.666
