Name: Muscovite KAl2(Si3Al)O10(OH,F)2
Type:  Mineral
Class:  Silicates
Subclass:  Phyllosilicates (Sheet Silicates); (MicaGroup)
Particle Size:  Fine (Less than 2 Micrometers)
Sample No.: muscov.2
Owner:  JHU
Wavelength Range:  IR
Origin: Fremont Co., Colorado via Hunt and Salisbury Collection #146B

Description: The hand sample appeared to be pure, transparent 
muscovite, but microscopic analysis showed a trace (<<1%) of what 
appeared to be quartz.  (However, no quartz bands are apparent in 
the infrared spectrum.).


Measurement:  Transmission 
First Column:  X
Second Column:  Y  
X Units:  Wavelength (micrometers)
Y Units:  Transmittance (percent)
First X Value:  25.0442
Last X Value:  2.079
Number of X Values:  2287
Additional Information:  muscov2a.txt

25.04420302	59.9764
24.9237955	59.9764
24.80454022	60.0467
24.68642074	59.5975
24.5694209	58.3788
24.45358465	56.7499
24.3387763	55.3124
24.22504094	54.2577
24.11236361	53.0038
24.00072962	52.2499
23.89012454	52.0311
23.78053421	51.7889
23.67194472	51.5663
23.56434244	51.4178
23.45771395	51.5194
23.35204611	51.2772
23.24732598	51.285
23.14354087	51.6639
23.04067832	51.7108
22.93872607	51.5389
22.83767211	51.2655
22.7375046	51.0858
22.63821194	50.746
22.53978272	50.2967
22.44220571	49.7928
22.3454699	48.9139
22.24956446	47.8475
22.15447875	46.7753
22.06020229	45.205
21.96677306	43.4296
21.87408402	41.7499
21.7821739	40.2499
21.69103293	38.8612
21.60065148	37.83
21.5110201	36.8612
21.42212949	35.8124
21.33397051	34.6894
21.24653416	33.7187
21.15981159	32.7616
21.0737941	31.9648
20.98847313	31.4843
20.90384024	31.5898
20.81988716	32.2362
20.73660571	33.2929
20.65398787	34.871
20.57202575	36.8144
20.49071156	38.8749
20.41003766	40.8456
20.3299965	42.4667
20.25058069	43.7186
20.1717829	44.8026
20.09359597	45.3944
20.01601281	45.412
19.93906621	45.4804
19.8626695	45.3104
19.78685599	44.8202
19.71161901	44.0936
19.63695203	43.3397
19.56284859	42.4921
19.48930232	41.4843
19.41630698	40.4491
19.34385639	39.4462
19.27194448	38.3847
19.20056526	37.5351
19.12971284	36.8319
19.05938141	36.0761
18.98956523	35.5399
18.92025868	35.2079
18.85145618	35.1269
18.78315226	35.3017
18.71534153	35.6571
18.64801865	36.1454
18.58117838	36.8134
18.51481556	37.6532
18.44892507	38.5556
18.38350191	39.4315
18.31854111	40.3183
18.25407111	41.2304
18.19002023	42.1991
18.12641726	43.2587
18.06325753	44.2694
18.00053642	45.2157
17.93824937	46.3436
17.8763919	47.6112
17.81495958	48.9227
17.75394803	50.0555
17.69335296	51.3026
17.63317011	52.4901
17.57339529	53.5506
17.51402436	54.5946
17.45505324	55.4461
17.39647791	56.1805
17.3382944	56.9813
17.28049878	57.7616
17.2230872	58.4784
17.16605584	59.1024
17.10940093	59.8026
17.05311876	60.5047
16.99720566	61.2284
16.94165801	61.911
16.88647225	62.5594
16.83167317	63.0897
16.77720046	63.6141
16.72307919	64.0643
16.66930597	64.5477
16.61587747	65.0047
16.56279037	65.369
16.51004141	65.6492
16.45762737	65.8407
16.40554507	66.1961
16.35379138	66.493
16.30236319	66.8123
16.25125744	67.0711
16.20047111	67.4334
16.15000121	67.6209
16.0998448	67.7899
16.04999896	68.033
16.00048641	68.3729
15.95125297	68.5623
15.90232158	68.8494
15.85368947	68.9686
15.80535391	69.2303
15.75731218	69.4422
15.70956162	69.6541
15.6620996	69.8045
15.61492349	69.9852
15.56803074	70.2899
15.52141878	70.5399
15.47508511	70.7078
15.42902725	70.8299
15.38324273	70.9139
15.33772913	70.9461
15.29248405	71.0086
15.24750513	70.9676
15.20279002	70.8885
15.1583364	70.7986
15.114142	70.6815
15.07020455	70.5594
15.02652181	70.409
14.98309158	70.1776
14.93991168	69.9656
14.89700213	69.7947
14.85431629	69.6092
14.81187438	69.4256
14.76967431	69.1561
14.72771402	68.9588
14.68599147	68.8133
14.64450465	68.5653
14.60325156	68.3553
14.56223023	68.1571
14.52143873	67.9246
14.48087511	67.4822
14.44053748	67.1492
14.40042395	66.8211
14.36053266	66.66
14.32086177	66.8719
14.28140946	67.1776
14.24217393	67.3543
14.20315338	67.5584
14.16434607	67.6424
14.12575025	67.6746
14.0873642	67.574
14.0491862	67.4324
14.01121458	67.3397
13.97344765	67.3035
13.93590321	67.2869
13.89854065	67.3612
13.8613779	67.4261
13.82441336	67.4744
13.78764544	67.5623
13.75107258	67.5369
13.71469324	67.5018
13.67850587	67.3983
13.64250897	67.2459
13.60670103	67.0819
13.57108057	66.9046
13.53564612	66.6131
13.50039624	66.3299
13.46532947	66.1131
13.4304444	66.0374
13.39573962	65.9515
13.36121373	65.992
13.32686536	66.1507
13.29269314	66.3787
13.25869572	66.8206
13.22487175	67.3148
13.19121992	67.848
13.15773892	68.4529
13.12442745	69.1175
13.09130135	69.658
13.05832501	70.053
13.02551438	70.4007
12.99286821	70.637
12.96038529	70.6444
12.92806437	70.2147
12.89590426	69.5819
12.86390376	68.9735
12.83206168	68.6644
12.80037684	69.0076
12.7688481	69.8338
12.73747429	70.6448
12.70625427	71.0682
12.67518693	71.139
12.64427113	70.867
12.61350579	70.1312
12.58290562	69.0472
12.55243781	68.0994
12.52211719	67.6365
12.4919427	67.9666
12.46191328	68.8655
12.43202789	70.1932
12.40228549	71.5901
12.37268507	72.7713
12.34322561	73.6229
12.31390609	74.1819
12.28472554	74.3987
12.25568296	74.3768
12.22677738	74.2659
12.19800782	74.0662
12.16937334	73.743
12.14087298	73.4163
12.1125058	73.2488
12.08427087	73.1683
12.05616727	73.4066
12.02819409	73.8611
12.00035041	74.264
11.97263534	74.5159
11.945048	74.8836
11.9175875	75.1292
11.8902671	75.1365
11.86305761	74.9769
11.83597236	74.74
11.80901051	74.326
11.78217122	73.8611
11.75545365	73.3709
11.72885698	72.8128
11.70238038	72.2034
11.67602305	71.5877
11.64978419	70.9647
11.62366299	70.2977
11.59765866	69.6702
11.57177043	69.0037
11.54599752	68.3011
11.52033916	67.5389
11.49479458	66.6624
11.46936304	65.6976
11.44404378	64.7113
11.41883606	63.8553
11.39373914	63.3592
11.3687523	63.1839
11.34387482	63.2039
11.31910597	63.1629
11.29444505	63.0589
11.26990406	62.828
11.24545684	62.5428
11.22111545	62.0843
11.19687921	61.6156
11.17274743	61.2015
11.14871946	60.6746
11.12479461	59.973
11.10097222	59.3011
11.07725165	58.5311
11.05363222	57.7113
11.03011331	56.9325
11.00669427	56.2113
10.98337447	55.4247
10.96015327	54.6034
10.93703005	54.037
10.9140042	53.5204
10.89107509	53.1434
10.86824213	52.7303
10.8455047	52.2655
10.82286221	51.7596
10.80031407	51.3519
10.77785969	51.0223
10.75549848	50.6019
10.73322986	50.1815
10.71106474	49.7577
10.68897956	49.3124
10.66698525	48.8856
10.64508128	48.7289
10.62326708	48.6703
10.6015421	48.2777
10.5799058	47.7484
10.55835763	47.1874
10.53689705	46.5272
10.51552354	45.7489
10.49423657	44.8475
10.4730356	43.8207
10.45192012	42.6493
10.43088962	41.4237
10.40994358	40.0644
10.38908149	38.5414
10.36830285	36.9535
10.34760717	35.2743
10.32699394	33.4823
10.30646267	31.7094
10.28601287	29.9482
10.26564407	28.1703
10.24535578	26.4325
10.22514752	24.8559
10.20502924	23.3989
10.1849796	22.0141
10.16500858	20.7841
10.14511574	19.7128
10.12530059	18.725
10.10556271	17.8281
10.08590162	17.0791
10.0663169	16.4101
10.04680808	15.8339
10.02737473	15.2954
10.00801642	14.8486
9.98873271	14.4375
9.969523168	14.0576
9.950387369	13.7226
9.931324888	13.3857
9.912335307	13.0478
9.893427994	12.7763
9.874582922	12.5322
9.855809507	12.2832
9.83710734	12.0761
9.818476015	11.8872
9.799915133	11.6826
9.781424293	11.4619
9.7630031	11.3252
9.744651161	11.1875
9.726368087	11.0888
9.70815349	11.0659
9.690006986	11.1416
9.671928196	11.353
9.653916739	11.7251
9.635972241	12.2534
9.618094328	12.9126
9.600282632	13.6821
9.582536785	14.4868
9.564856422	15.3071
9.547241181	16.0703
9.529690704	16.7583
9.512204634	17.4165
9.494782617	17.9921
9.477424301	18.4863
9.460138288	18.9262
9.4429063	19.2895
9.425736975	19.5644
9.408629972	19.7778
9.391584952	19.9477
9.374601579	20.0283
9.35767952	20.0859
9.340818443	20.165
9.324018018	20.2294
9.307277919	20.3037
9.290597822	20.4711
9.273977405	20.6542
9.257416348	20.9013
9.240914333	21.2563
9.224471046	21.704
9.208086173	22.2348
9.191759404	22.8618
9.17549043	23.5615
9.159278945	24.2997
9.143124645	25.1235
9.127027227	25.977
9.110986392	26.788
9.095001842	27.6567
9.079073281	28.559
9.06320863	29.4399
9.04739114	30.2782
9.031628764	31.1449
9.015921215	31.9911
9.000268208	32.8617
8.984669459	33.7441
8.969124685	34.6396
8.953633608	35.5531
8.93819595	36.5019
8.922811435	37.4618
8.907479789	38.4394
8.89220074	39.3964
8.876974017	40.4188
8.861799353	41.4218
8.846676481	42.3598
8.831605135	43.2919
8.816585054	44.2533
8.801615977	45.1971
8.786697643	46.1346
8.771829795	47.0824
8.757012178	48.0004
8.742244536	48.9281
8.727526619	49.8309
8.712858175	50.788
8.69824652	51.7001
8.683676252	52.6566
8.669154714	53.5492
8.654681663	54.4276
8.640256858	55.2591
8.625880055	55.9466
8.611551018	56.4501
8.597269507	56.9808
8.583035287	57.6488
8.568848124	58.3856
8.554707784	59.2997
8.540614036	60.2249
8.52656665	61.0531
8.512565398	61.8631
8.498610052	62.7332
8.484700388	63.5692
8.470836182	64.367
8.45701721	65.1717
8.443243252	65.9964
8.429514089	66.8192
8.415829502	67.6463
8.402189274	68.4935
8.388593191	69.3331
8.375041038	70.1924
8.361539594	71.0674
8.348074642	71.9207
8.334652987	72.7835
8.32127442	73.6651
8.307938734	74.5584
8.294645723	75.3907
8.281395183	76.2371
8.268186911	77.0613
8.255020704	77.825
8.241896361	78.5174
8.228813685	79.2225
8.215772476	79.8592
8.202772537	80.3982
8.189813674	80.9451
8.176895691	81.4287
8.164018395	81.8772
8.151188239	82.2354
8.138391724	82.5828
8.125635323	82.8252
8.11291885	83.127
8.100242116	83.3777
8.087604937	83.6641
8.075007126	83.8621
8.062448501	84.1077
8.049928879	84.335
8.037448078	84.5596
8.025005918	84.7459
8.012602221	84.9209
8.000236807	85.1182
7.9879095	85.2305
7.975620124	85.4422
7.963368505	85.5752
7.951154468	85.7547
7.938977841	85.8955
7.926838452	86.0567
7.914736131	86.1209
7.902670708	86.2403
7.890642014	86.3845
7.878649883	86.4658
7.866694148	86.5789
7.854780812	86.7481
7.842897355	86.8985
7.831049799	86.9568
7.819237984	87.0537
7.807461747	87.128
7.795720929	87.2049
7.784015369	87.2517
7.772344909	87.3596
7.760709391	87.4278
7.749108659	87.5498
7.737542556	87.6983
7.726010929	87.7634
7.714513623	87.822
7.703050485	87.9119
7.691621363	88.0215
7.680226106	88.0391
7.668864563	88.125
7.657536586	88.1707
7.646242025	88.1875
7.634980733	88.2385
7.623752563	88.2988
7.61255737	88.3281
7.601395008	88.3416
7.590265333	88.4082
7.579173946	88.4375
7.568109199	88.4744
7.557076711	88.4924
7.546076342	88.5244
7.535107952	88.5105
7.524171401	88.5222
7.51326655	88.542
7.502393263	88.5271
7.491551403	88.5264
7.480740833	88.5056
7.469961418	88.5205
7.459213023	88.4485
7.448495516	88.4473
7.437808762	88.4256
7.42715263	88.4238
7.416526989	88.3496
7.405931707	88.3176
7.395366655	88.2166
7.384831703	88.1153
7.374326724	88.0418
7.363851589	87.9209
7.353406171	87.8064
7.342990345	87.6843
7.332603984	87.6026
7.322252325	87.4343
7.311924506	87.3328
7.30162578	87.1856
7.291356025	87.0593
7.281115117	86.9002
7.270902937	86.7683
7.260719363	86.6052
7.250564275	86.4373
7.240437554	86.2932
7.230339081	86.1389
7.220268738	85.9646
7.210226408	85.7588
7.200211974	85.5486
7.19022532	85.2625
7.18026633	85.0379
7.17033489	84.8272
7.160436013	84.5467
7.150559317	84.2364
7.140709829	83.9844
7.130887439	83.7451
7.121092034	83.4873
7.111323503	83.2481
7.101581735	82.9471
7.091866622	82.6355
7.082178053	82.3067
7.07251592	82.0223
7.062880115	81.7439
7.053270531	81.5047
7.04368706	81.2967
7.034129597	81.0516
7.024598035	80.8565
7.01509227	80.6875
7.005612196	80.5769
6.99615771	80.4236
6.986728709	80.3308
6.977325089	80.2422
6.967946748	80.2227
6.958593585	80.2156
6.949265497	80.1641
6.939962385	80.0811
6.930688952	80.0293
6.921435478	80.0281
6.912206681	80.0411
6.903002461	80.0545
6.893822721	80.0557
6.884667364	80.1358
6.875536292	80.2102
6.866429409	80.3584
6.857346618	80.4568
6.848287825	80.5254
6.839252935	80.6414
6.830241852	80.8562
6.821254483	81.0564
6.812290735	81.2273
6.803350514	81.4756
6.794433728	81.7442
6.785540285	81.9881
6.776670093	82.1641
6.767823062	82.3933
6.7589991	82.596
6.750198118	82.8387
6.741420026	83.0545
6.732664735	83.2813
6.723932156	83.5108
6.715226709	83.752
6.706539278	83.9571
6.697874296	84.1026
6.689231675	84.3035
6.680611329	84.4724
6.672013173	84.6133
6.663437121	84.7178
6.654883087	84.8467
6.646350987	85.0125
6.637840737	85.2158
6.629352253	85.3125
6.620885451	85.3574
6.612440248	85.4422
6.604016563	85.5261
6.595614312	85.6619
6.587233415	85.7527
6.578873789	85.8672
6.570535354	85.9873
6.56221803	86.0457
6.553921736	86.0896
6.545646392	86.1638
6.537391921	86.2471
6.529158241	86.3479
6.520945276	86.4588
6.512757189	86.5291
6.504585407	86.6797
6.496434107	86.8582
6.488303211	86.9676
6.480192643	87.0098
6.472102327	87.0838
6.464032186	87.1443
6.455982145	87.2488
6.44795213	87.3377
6.439942066	87.4158
6.431951879	87.5332
6.423981494	87.6697
6.416030838	87.8333
6.408099838	87.8789
6.400188422	87.8909
6.392296516	87.9258
6.384424048	87.9871
6.376570948	88.072
6.368737143	88.1641
6.360922563	88.1726
6.353127136	88.2266
6.345350793	88.3201
6.337593464	88.2901
6.329855078	88.2215
6.322139564	88.2442
6.314438848	88.2598
6.30675687	88.2175
6.29909356	88.2207
6.291448851	88.2371
6.283822676	88.2312
6.276214965	88.2107
6.268625654	88.208
6.261054675	88.168
6.253501961	88.1248
6.245967447	88.1172
6.238451067	88.0508
6.230952756	87.9744
6.223472449	87.9285
6.21601008	87.8867
6.208565585	87.7688
6.201142747	87.6717
6.1937338	87.5938
6.186342535	87.5244
6.178968891	87.3428
6.171612803	87.0957
6.164274209	86.8809
6.156953047	86.6677
6.149649255	86.5115
6.14236277	86.4246
6.135093533	86.3985
6.12784148	86.4209
6.120606552	86.4717
6.113388688	86.4851
6.106187828	86.4715
6.099003911	86.4785
6.091836878	86.5135
6.084686669	86.5349
6.077553226	86.6677
6.070436489	86.7644
6.063336399	86.7637
6.056252899	86.8709
6.049185931	87.0137
6.042135436	86.9832
6.035101357	86.907
6.02808727	86.9619
6.021085843	87.1199
6.01410066	87.3213
6.007131667	87.4863
6.000178805	87.669
5.99324202	87.8848
5.986321256	88.1035
5.979416457	88.2771
5.972527568	88.4512
5.965654534	88.6504
5.9587973	88.8399
5.951955813	89.0667
5.945130017	89.2744
5.938319859	89.6084
5.931525286	89.8545
5.924746243	89.9695
5.917982678	90.1631
5.911234538	90.3516
5.904501769	90.5498
5.89778432	90.7754
5.891082139	90.9639
5.884395172	91.0996
5.87772337	91.2754
5.871066679	91.3428
5.864428488	91.4649
5.85780186	91.5545
5.851190191	91.658
5.84459343	91.7654
5.838011527	91.8543
5.831444431	91.9597
5.824892094	92.1111
5.818354465	92.1963
5.811831494	92.1953
5.805323133	92.2732
5.798829332	92.335
5.792350043	92.3916
5.785885217	92.4529
5.779434806	92.5427
5.772998761	92.626
5.766577035	92.7503
5.760169579	92.7566
5.753776347	92.7363
5.747397291	92.7803
5.741032364	92.8152
5.734681519	92.8396
5.728344709	92.8301
5.722021888	92.8816
5.715713009	92.9407
5.709421287	92.9609
5.703140149	92.9404
5.696872816	92.96
5.690619242	92.9815
5.684379382	92.9783
5.678153192	93.0115
5.671940626	93.0156
5.66574164	92.9981
5.659556189	93.0115
5.653384229	93.0447
5.647225716	93.0586
5.641080605	93.1008
5.634948854	93.0974
5.628830419	93.0742
5.622725256	93.0847
5.616633323	93.0908
5.610557723	93.0703
5.604492113	93.0537
5.598439603	93.0684
5.592400152	93.0418
5.586373717	93.0212
5.580360257	92.9981
5.574359729	93.0154
5.568372092	93.0066
5.562397304	93.0186
5.556435324	93.0671
5.550486112	93.1016
5.544549625	93.125
5.538625823	93.1426
5.532714665	93.179
5.526816112	93.2029
5.520930122	93.2305
5.515056656	93.2332
5.509195674	93.2322
5.503347136	93.2647
5.497511002	93.2791
5.491687233	93.29
5.48587579	93.3201
5.480076633	93.3533
5.474289725	93.3897
5.468518015	93.4221
5.462755479	93.4382
5.457005076	93.4707
5.451266765	93.4629
5.445540511	93.4812
5.439826274	93.4941
5.434124016	93.5078
5.428433701	93.5271
5.422755291	93.5486
5.417088748	93.5537
5.411434035	93.5291
5.405791116	93.5281
5.400159953	93.5378
5.394540509	93.5322
5.388932749	93.4981
5.383336635	93.4998
5.377752132	93.5078
5.372179203	93.5066
5.366617813	93.4729
5.361067925	93.457
5.355529504	93.4734
5.350002515	93.4802
5.344486921	93.4912
5.338982689	93.5002
5.333492627	93.5291
5.328011006	93.5554
5.32254064	93.5847
5.317081497	93.5847
5.31163354	93.6077
5.306196736	93.6375
5.30077105	93.6628
5.295356449	93.6834
5.289952898	93.7156
5.284560364	93.7627
5.279178813	93.751
5.273808212	93.7764
5.268448526	93.8093
5.263099724	93.8281
5.257761771	93.8447
5.252434635	93.8857
5.247118283	93.9177
5.241812682	93.9316
5.236517799	93.9802
5.231233603	94.0164
5.225960061	94.0295
5.220697141	94.0332
5.21544481	94.0742
5.210203036	94.082
5.204974498	94.1052
5.19975374	94.1055
5.194543444	94.1348
5.189343579	94.1199
5.184154115	94.1328
5.178975019	94.1865
5.173806261	94.1902
5.168647809	94.1897
5.163499634	94.2
5.158361704	94.1956
5.153233989	94.1853
5.148116459	94.2146
5.143009082	94.2351
5.137911829	94.2507
5.13282467	94.2754
5.127747575	94.2927
5.122680514	94.3113
5.117623458	94.3486
5.112576376	94.3357
5.107539239	94.3064
5.102512018	94.3162
5.097494683	94.3193
5.092487206	94.3093
5.087489558	94.2791
5.082504292	94.2918
5.077526209	94.3125
5.072557868	94.3027
5.06759924	94.2888
5.062650297	94.3027
5.057711011	94.3308
5.052781354	94.3269
5.047861297	94.3269
5.042950812	94.3132
5.038049872	94.325
5.033158448	94.3142
5.028276513	94.3074
5.023404039	94.3125
5.018541	94.3301
5.013687367	94.3308
5.008843113	94.3328
5.004010715	94.3499
4.999185133	94.3396
4.994368849	94.3464
4.989561837	94.3254
4.984764069	94.321
4.979975518	94.3162
4.97519616	94.3396
4.970425966	94.3503
4.96566491	94.3665
4.960912967	94.384
4.95617011	94.3792
4.951436313	94.3884
4.94671155	94.3933
4.941995795	94.4197
4.937289023	94.4089
4.932591209	94.3948
4.927902325	94.3953
4.923222347	94.428
4.918551251	94.406
4.913889009	94.4026
4.909235598	94.45
4.904590991	94.4578
4.899955165	94.4578
4.895328095	94.4509
4.890712146	94.4656
4.886102507	94.4578
4.88150155	94.4646
4.876909249	94.4465
4.87232558	94.4539
4.86775052	94.47
4.863184043	94.4793
4.858626126	94.4788
4.854076745	94.4656
4.849535875	94.467
4.845003493	94.4832
4.840479575	94.4753
4.835964098	94.4983
4.831457037	94.5203
4.826958369	94.5173
4.822468072	94.5251
4.81798612	94.5354
4.813512492	94.53
4.809047164	94.5437
4.804590113	94.5251
4.800141316	94.5286
4.79570075	94.5481
4.791268392	94.5569
4.78684422	94.5339
4.782430498	94.5237
4.778022625	94.53
4.773622869	94.531
4.769231209	94.5432
4.764847623	94.5154
4.760472086	94.4846
4.756104579	94.4709
4.751745078	94.4866
4.747393562	94.49
4.743050009	94.5237
4.738714396	94.5007
4.734386703	94.4851
4.730066907	94.4524
4.725754987	94.4446
4.721450921	94.4358
4.717154688	94.4236
4.712866266	94.4324
4.708585635	94.4358
4.704312773	94.446
4.700047658	94.4504
4.695790271	94.4807
4.691540589	94.4832
4.687298593	94.5217
4.68306426	94.5183
4.67883976	94.5398
4.67462069	94.5334
4.670409221	94.5291
4.666205334	94.5374
4.662009009	94.5159
4.657820224	94.5115
4.65363896	94.5203
4.649465195	94.5535
4.645298911	94.5691
4.641140087	94.5691
4.636988702	94.5466
4.632844738	94.5393
4.628708174	94.5295
4.62457899	94.5408
4.620457167	94.5584
4.616342684	94.5471
4.612235523	94.5725
4.608135664	94.5652
4.604043086	94.5847
4.599957772	94.5896
4.595879702	94.5891
4.591808856	94.5779
4.587745215	94.5632
4.58368876	94.5691
4.57964157	94.5691
4.575599426	94.5691
4.571564412	94.5623
4.567536508	94.5886
4.563515696	94.5916
4.559501956	94.6501
4.555495271	94.6316
4.551495621	94.6257
4.547502989	94.6292
4.543517355	94.6541
4.539538701	94.6121
4.535567009	94.6018
4.531602261	94.6238
4.527644439	94.6018
4.523693523	94.5676
4.519749497	94.574
4.515814382	94.5876
4.511884077	94.571
4.507960608	94.571
4.504043956	94.5725
4.500134104	94.5916
4.496231034	94.5837
4.492334729	94.5989
4.488445171	94.5818
4.484562343	94.5876
4.480686226	94.6043
4.476816804	94.5759
4.47295406	94.5349
4.469097975	94.533
4.465248534	94.5369
4.461405718	94.4968
4.45756951	94.4949
4.453739894	94.5388
4.449916853	94.5178
4.44610037	94.5266
4.442290427	94.5486
4.438487009	94.5603
4.434690097	94.5452
4.430899676	94.5505
4.42711573	94.554
4.423340197	94.5603
4.419569145	94.5422
4.415804518	94.5593
4.412046298	94.5393
4.408294471	94.5398
4.404549018	94.5549
4.400809925	94.553
4.397077175	94.5393
4.393350752	94.5461
4.389630639	94.5613
4.385916821	94.5237
4.382209282	94.5266
4.378508006	94.5476
4.374812977	94.5354
4.371124179	94.5242
4.367441596	94.5725
4.363765214	94.5779
4.360095015	94.5681
4.356430985	94.595
4.352773108	94.5881
4.349121369	94.5613
4.345475751	94.5588
4.341836241	94.5916
4.338202821	94.5471
4.334577357	94.53
4.330956072	94.5525
4.327340832	94.5481
4.323731623	94.5686
4.320128429	94.5491
4.316531235	94.533
4.312940028	94.532
4.30935479	94.5393
4.305775509	94.5476
4.302202168	94.5378
4.298634754	94.5085
4.29507325	94.5164
4.291517644	94.5212
4.287967919	94.5242
4.284424062	94.5232
4.280886058	94.4949
4.277353892	94.4905
4.27382755	94.4802
4.270307018	94.5022
4.266792281	94.4661
4.263283325	94.4695
4.259780136	94.4929
4.256282699	94.5007
4.252791	94.5095
4.249306832	94.4939
4.245826565	94.4988
4.242351994	94.4827
4.238883105	94.4988
4.235419885	94.4939
4.231962319	94.4744
4.228510393	94.4963
4.225064094	94.4959
4.221623408	94.4729
4.218188322	94.4768
4.214758821	94.4978
4.211334892	94.4753
4.207916522	94.489
4.204503696	94.4763
4.201096402	94.4822
4.197694626	94.4744
4.194300114	94.4377
4.190909331	94.4104
4.187524026	94.4377
4.184144186	94.4651
4.180769797	94.4705
4.177400846	94.5017
4.174037321	94.5266
4.170679208	94.5374
4.167326493	94.5339
4.163979165	94.5247
4.16063721	94.5081
4.157300615	94.5139
4.153969367	94.5164
4.150643454	94.4939
4.147322862	94.4841
4.144007579	94.4749
4.140697592	94.4822
4.137392888	94.4827
4.134093455	94.4734
4.130799281	94.4626
4.127510352	94.4885
4.124226656	94.5017
4.120948181	94.5046
4.117674914	94.469
4.114408535	94.4802
4.111145645	94.5007
4.107887925	94.4773
4.104635365	94.4299
4.101387951	94.4304
4.098145671	94.4041
4.094908514	94.4041
4.091676466	94.4128
4.088449517	94.4109
4.085227653	94.4251
4.082010864	94.4534
4.078799136	94.4807
4.075592459	94.4651
4.072390819	94.4519
4.069194206	94.4324
4.066002607	94.4202
4.062816011	94.4197
4.059634406	94.4065
4.056457779	94.406
4.053286121	94.4382
4.050119418	94.4338
4.046957659	94.4246
4.043800833	94.4626
4.040648928	94.4612
4.037503563	94.4578
4.034361463	94.4636
4.031224251	94.4729
4.028091913	94.4832
4.024964439	94.4514
4.021841819	94.4626
4.018724039	94.4529
4.01561109	94.4363
4.012502959	94.4177
4.009399637	94.3967
4.00630111	94.3914
4.00320737	94.3855
4.000118404	94.3713
3.997034201	94.363
3.99395475	94.3577
3.990880041	94.3523
3.987810062	94.3455
3.984744803	94.3518
3.981684252	94.3752
3.9786284	94.3572
3.975577234	94.3772
3.972530744	94.3884
3.96948892	94.3835
3.966451751	94.3953
3.963420797	94.4089
3.960392903	94.4026
3.957369631	94.4045
3.954350972	94.4285
3.951336915	94.4451
3.948327449	94.4441
3.945322564	94.4221
3.942322249	94.4456
3.939326493	94.4377
3.936335288	94.4553
3.933348621	94.4749
3.930366483	94.4871
3.927388864	94.4773
3.924415753	94.5139
3.921447139	94.5139
3.918483014	94.4959
3.915523366	94.4959
3.912568186	94.4929
3.909617463	94.488
3.906671188	94.4832
3.90372935	94.4607
3.900791939	94.4509
3.897858945	94.4343
3.894930359	94.4421
3.892007684	94.4431
3.889087881	94.4397
3.886172454	94.4265
3.883261396	94.4255
3.880354695	94.3982
3.877452343	94.4163
3.874554329	94.4041
3.871660644	94.365
3.868771278	94.3777
3.865886222	94.3562
3.863005465	94.3591
3.860128998	94.3635
3.857256812	94.366
3.854388896	94.3635
3.851525243	94.3464
3.848665841	94.3425
3.845812161	94.3435
3.842961232	94.3084
3.840114528	94.3123
3.837272037	94.3171
3.834433752	94.2937
3.831599662	94.2932
3.828769759	94.3284
3.825944033	94.3152
3.823122474	94.3298
3.820305074	94.365
3.817491824	94.3435
3.814682714	94.325
3.811877735	94.3049
3.809076878	94.3191
3.806280134	94.3147
3.803487494	94.3074
3.800698949	94.2722
3.797914489	94.2498
3.795134107	94.2429
3.792357792	94.2327
3.789585537	94.2131
3.786817332	94.2034
3.784053167	94.1863
3.781293036	94.2019
3.778538356	94.1663
3.77578626	94.1467
3.773038171	94.1287
3.770294079	94.0862
3.767553976	94.0886
3.764817852	94.1091
3.7620857	94.0999
3.759357511	94.0652
3.756633275	94.0471
3.753912985	94.0374
3.751196632	94.0232
3.748484207	93.9944
3.745775701	93.9851
3.743071107	93.9685
3.740370416	93.947
3.73767362	93.9197
3.734980709	93.9353
3.732291676	93.9119
3.729606512	93.9163
3.726925208	93.9128
3.724247758	93.906
3.721574151	93.8601
3.718904381	93.8679
3.716238438	93.825
3.713577694	93.7859
3.71091938	93.8049
3.708264869	93.7459
3.705614154	93.7112
3.702967225	93.7112
3.700324074	93.6838
3.697684695	93.6453
3.695049078	93.6394
3.692417215	93.6218
3.689789099	93.5925
3.687164722	93.5642
3.684544075	93.5432
3.68192715	93.5432
3.67931394	93.5496
3.676704437	93.5393
3.674098633	93.5212
3.67149652	93.4929
3.66889809	93.4832
3.666303336	93.4495
3.663712249	93.4099
3.661124822	93.3709
3.658541047	93.3513
3.655960916	93.365
3.653384422	93.365
3.65081289	93.3494
3.648243644	93.3557
3.645678012	93.3582
3.643115986	93.3416
3.640557559	93.2888
3.638002722	93.26
3.635451469	93.2293
3.632903791	93.2131
3.630359682	93.1755
3.627819133	93.1506
3.625282138	93.1052
3.622748688	93.0764
3.620218777	93.0569
3.617692397	93.0505
3.615169541	93.0139
3.6126502	92.9783
3.610135673	92.9226
3.607623341	92.9143
3.605114504	92.9031
3.602609154	92.908
3.600107283	92.8855
3.597608885	92.8709
3.595113953	92.8401
3.592622478	92.8328
3.590134454	92.8396
3.587649874	92.8113
3.585168731	92.7693
3.582691017	92.7444
3.580216725	92.7214
3.577745848	92.6873
3.57527838	92.658
3.572814313	92.6326
3.57035364	92.6072
3.567896354	92.5686
3.565442448	92.5252
3.562991916	92.5081
3.560544749	92.4871
3.558100942	92.4666
3.555660487	92.4358
3.553223378	92.3845
3.550790868	92.3694
3.548360427	92.346
3.545933311	92.2761
3.543509513	92.2503
3.541089027	92.199
3.538671844	92.1414
3.53625796	92.1228
3.533847367	92.0881
3.531440058	92.0447
3.529036026	92.0125
3.526635266	91.9744
3.524237769	91.928
3.52184353	91.8787
3.519452542	91.8093
3.517064798	91.7029
3.514680292	91.6643
3.512299017	91.6179
3.509920967	91.5056
3.507546135	91.3992
3.505174514	91.3474
3.502806098	91.303
3.500440881	91.2542
3.498078855	91.2151
3.495720015	91.2566
3.493365575	91.26
3.491013085	91.2385
3.488663762	91.2068
3.486317598	91.1448
3.483974588	91.1077
3.481634725	91.0569
3.479298003	91.0213
3.476964415	91.0115
3.474633956	90.9807
3.472306619	90.9612
3.469982397	90.9431
3.467661284	90.9158
3.465343275	90.9202
3.463028363	90.8904
3.460716541	90.8479
3.458407804	90.7952
3.456102146	90.7854
3.453799559	90.7268
3.451500039	90.7014
3.449203579	90.6179
3.446910172	90.5296
3.444619814	90.4729
3.442332497	90.3826
3.440048216	90.365
3.437768146	90.3015
3.435489916	90.2229
3.433214704	90.1619
3.430942504	90.117
3.428673309	90.0672
3.426407114	89.9793
3.424143913	89.8714
3.421883699	89.7639
3.419626467	89.6912
3.417372212	89.6248
3.415120926	89.5662
3.412872605	89.5237
3.410627242	89.4846
3.408384831	89.4768
3.406145367	89.51
3.403908845	89.4983
3.401675257	89.5003
3.399444599	89.5144
3.397216864	89.5452
3.394992047	89.553
3.392770143	89.5769
3.390551144	89.5549
3.388335047	89.4968
3.386121844	89.4768
3.383912676	89.4705
3.381705245	89.4451
3.379500692	89.4197
3.377299012	89.3826
3.375100198	89.3674
3.372904246	89.3611
3.370711149	89.3572
3.368520903	89.3323
3.366333501	89.2468
3.364148938	89.2366
3.361967208	89.2224
3.359788306	89.2029
3.357612227	89.1311
3.355438965	89.0491
3.353268515	88.9715
3.35110087	88.9236
3.348937148	88.8572
3.346775098	88.8049
3.344615837	88.7859
3.342459362	88.7757
3.340305665	88.7561
3.338154741	88.7488
3.336006587	88.7581
3.333861195	88.7322
3.33171856	88.6384
3.329578678	88.5554
3.327441544	88.5506
3.32530715	88.4646
3.323175494	88.4549
3.321046568	88.3924
3.318920368	88.3572
3.31679689	88.2908
3.314676126	88.2634
3.312558073	88.2327
3.310442725	88.18
3.308330077	88.1463
3.306220124	88.0877
3.304112861	88.0296
3.302008281	88.0086
3.299906382	87.9695
3.297808244	87.8855
3.295711686	87.8421
3.293617792	87.781
3.291526557	87.7366
3.289437976	87.6853
3.287352045	87.637
3.285268756	87.5711
3.283188107	87.4783
3.281110091	87.4241
3.279034705	87.4319
3.276961942	87.3655
3.274891798	87.3084
3.272824267	87.2737
3.270759346	87.221
3.268697029	87.137
3.26663731	87.1228
3.264580186	87.0471
3.262525652	86.9646
3.260473701	86.8943
3.25842433	86.8186
3.256377534	86.7796
3.254333308	86.6951
3.252291646	86.6507
3.250252545	86.5974
3.248217054	86.5076
3.246183057	86.4549
3.244151606	86.3792
3.242122696	86.3045
3.240096322	86.2322
3.238072479	86.1546
3.236051163	86.096
3.234032369	86.0779
3.232016093	85.9846
3.230002329	85.9138
3.227991073	85.8885
3.22598232	85.7908
3.223976065	85.6995
3.221972305	85.6326
3.219971033	85.5525
3.217972246	85.4886
3.215975939	85.4178
3.213982108	85.3924
3.211990747	85.3792
3.210001852	85.3167
3.208015419	85.2327
3.206031443	85.1404
3.204049919	85.0589
3.202070843	84.9549
3.200095235	84.8499
3.19812104	84.7581
3.196149279	84.6956
3.194179949	84.6331
3.192213043	84.5603
3.190248559	84.5056
3.18828649	84.4763
3.186326834	84.4514
3.184369586	84.3538
3.18241474	84.2771
3.180462293	84.1912
3.17851224	84.1326
3.176564577	84.0467
3.1746193	83.949
3.172676403	83.8836
3.170735883	83.8435
3.168797736	83.7371
3.166861956	83.6297
3.164928541	83.5838
3.162997484	83.493
3.161068783	83.3787
3.159142432	83.284
3.157218427	83.2381
3.155296765	83.1336
3.153378435	83.0467
3.151461443	82.951
3.14954678	82.8709
3.147634443	82.7781
3.145724426	82.7498
3.143816726	82.6277
3.141911338	82.5086
3.140008258	82.45
3.138107483	82.3348
3.136209007	82.2215
3.134312827	82.1805
3.132418938	82.1619
3.130527337	82.0877
3.128638019	82.0164
3.126750981	81.9822
3.124866217	81.8787
3.122984699	81.7498
3.121104471	81.6639
3.119226507	81.5965
3.1173508	81.5135
3.115477349	81.4676
3.113606148	81.4275
3.111737193	81.3025
3.10987048	81.2068
3.108006006	81.1619
3.106143766	81.0613
3.104283756	80.9353
3.102425973	80.9099
3.100570412	80.8474
3.098717069	80.7918
3.096865941	80.7351
3.095017023	80.6785
3.093170311	80.5818
3.091325802	80.5359
3.089483491	80.4314
3.087643375	80.3074
3.085805449	80.2098
3.08396971	80.1971
3.082136155	80.1326
3.080304778	80.0769
3.078476524	80.0496
3.076649492	80.0545
3.074824627	79.9226
3.073001926	79.8318
3.071181385	79.7986
3.069363	79.7576
3.067546766	79.6424
3.065732681	79.5535
3.06392074	79.4539
3.06211094	79.3201
3.060303276	79.2576
3.058497745	79.2107
3.056694344	79.1033
3.054893068	79.0447
3.053093914	79.0408
3.051296877	78.9588
3.049501955	78.9207
3.047709144	78.823
3.045918439	78.7039
3.044129837	78.6209
3.042343335	78.5594
3.040558928	78.5125
3.038776613	78.4295
3.036996386	78.4041
3.035219166	78.3602
3.033443104	78.2615
3.031669119	78.2312
3.029897208	78.2156
3.028127367	78.1014
3.026359592	77.9959
3.02459388	77.9373
3.022830228	77.8894
3.021068631	77.8328
3.019309085	77.7547
3.017551589	77.7186
3.015796137	77.6014
3.014042726	77.5096
3.012291354	77.4656
3.010542015	77.3611
3.008794707	77.2557
3.007049426	77.199
3.005306169	77.1336
3.003564931	77.0975
3.00182571	77.0262
3.000088503	76.9744
2.998353304	76.9041
2.996620112	76.7967
2.994888923	76.6932
2.993160628	76.6619
2.991433432	76.574
2.989708228	76.5662
2.987985013	76.5604
2.986263784	76.532
2.984544536	76.5242
2.982827267	76.4617
2.981111973	76.3904
2.97939865	76.3338
2.977687296	76.3289
2.975977906	76.2693
2.974270478	76.1883
2.972565009	76.1834
2.970861493	76.1756
2.96915993	76.1414
2.967460314	76.1619
2.965763522	76.1834
2.964067792	76.1531
2.962373999	76.0828
2.960682141	76.0623
2.958992215	75.992
2.957304216	75.9578
2.955618142	75.9373
2.95393399	75.8455
2.952251756	75.8572
2.950571437	75.8836
2.94889303	75.8836
2.947216531	75.8338
2.945541937	75.8563
2.943869245	75.8836
2.942198452	75.7869
2.940529554	75.7664
2.938862549	75.7791
2.937197432	75.7625
2.935534201	75.7205
2.933872853	75.7225
2.932213384	75.6404
2.930555792	75.5555
2.928900072	75.5779
2.927246222	75.5398
2.925595095	75.493
2.923944975	75.5047
2.922296715	75.5398
2.920650312	75.5682
2.919005763	75.5545
2.917363066	75.5682
2.915722216	75.615
2.91408321	75.6102
2.912446047	75.5984
2.910810722	75.6697
2.909177232	75.7234
2.907545575	75.7186
2.905915747	75.7352
2.904287745	75.8016
2.902661566	75.7889
2.901037208	75.8357
2.899414666	75.8484
2.897793938	75.8094
2.896175022	75.8523
2.894557913	75.8904
2.892942609	75.9227
2.891329106	75.9295
2.889717403	75.9627
2.888107495	76.0076
2.886500214	76.0438
2.884893888	76.033
2.883289349	76.0779
2.881686594	76.0828
2.880085619	76.0867
2.878486423	76.0721
2.876889001	76.1023
2.875293352	76.1639
2.873699471	76.2146
2.872107357	76.2273
2.870517006	76.2557
2.868928415	76.2859
2.867341582	76.3396
2.865756502	76.3875
2.864173175	76.4539
2.862591596	76.532
2.861011762	76.6424
2.859433672	76.6697
2.857857321	76.783
2.856282708	76.8982
2.854709829	76.9803
2.853138681	77.0623
2.851569261	77.16
2.850001568	77.2049
2.848436408	77.3172
2.846872156	77.4812
2.845309621	77.576
2.8437488	77.6648
2.842189691	77.7508
2.840632291	77.8211
2.839076596	77.9353
2.837522604	78.0447
2.835970313	78.0428
2.834419719	78.1209
2.83287082	78.2107
2.831323613	78.3377
2.829778094	78.4178
2.828234263	78.533
2.826692114	78.6346
2.825151647	78.7156
2.823612858	78.8172
2.822075744	78.8689
2.820540303	79.0008
2.819006531	79.075
2.817474427	79.1209
2.815943987	79.1853
2.81441521	79.2264
2.812888091	79.3133
2.811363418	79.3416
2.809839609	79.3221
2.80831745	79.2967
2.806796939	79.3055
2.805278075	79.3289
2.803760853	79.2498
2.802245271	79.1502
2.800731327	79.157
2.799219018	79.0564
2.797708341	78.9305
2.796199294	78.8435
2.794691874	78.7674
2.793186078	78.6131
2.791681905	78.4109
2.79017935	78.2156
2.788678412	78.0594
2.787179865	77.825
2.785682151	77.6102
2.784186046	77.4109
2.782691547	77.2078
2.781198652	77.0232
2.779707358	76.9314
2.778217662	76.7312
2.776729562	76.5945
2.775243056	76.4617
2.77375814	76.283
2.772274812	76.0877
2.77079307	75.9705
2.769312911	75.8494
2.767834333	75.6971
2.766357333	75.618
2.764881908	75.5164
2.763408056	75.5125
2.761935774	75.5984
2.760465061	75.7186
2.758995913	75.8494
2.757528328	76.1766
2.756062304	76.6326
2.754597837	77.1062
2.753134926	77.5896
2.751674325	78.1014
2.750214517	78.7195
2.748756257	79.3162
2.747299542	79.8562
2.74584437	80.449
2.74439074	80.9764
2.742938647	81.6297
2.741488091	82.3338
2.740039067	82.9021
2.738591575	83.4734
2.737145611	84.0594
2.735701174	84.5838
2.73425826	85.1834
2.732816867	85.7127
2.731376994	86.2478
2.729938636	86.7312
2.728501793	87.2771
2.727066462	87.8045
2.72563264	88.325
2.724200325	88.8064
2.722769514	89.1531
2.721340206	89.5037
2.719912397	89.867
2.718486086	90.1892
2.717062008	90.4422
2.715638684	90.6931
2.714216851	90.9392
2.712796505	91.1736
2.711377646	91.3943
2.709960269	91.6677
2.708544374	91.8435
2.707129958	92.0115
2.705717018	92.1482
2.704305552	92.3474
2.702895558	92.4578
2.701487034	92.5994
2.700079976	92.742
2.698674384	92.8474
2.697270255	92.9451
2.695867585	93.0398
2.694466374	93.1804
2.693066619	93.238
2.691668318	93.3171
2.690271467	93.3982
2.688876066	93.4617
2.687482111	93.5085
2.686089602	93.5857
2.684698534	93.614
2.683309626	93.5486
2.681921436	93.571
2.680534681	93.5935
2.679149359	93.6648
2.677765469	93.7127
2.676383008	93.7654
2.675001973	93.7459
2.673622363	93.7585
2.672244175	93.7693
2.670867407	93.8445
2.669492057	93.8562
2.668118123	93.8015
2.666745602	93.824
2.665374493	93.9138
2.664004793	93.8533
2.6626365	93.7595
2.66127032	93.8162
2.659904834	93.8455
2.658540748	93.7976
2.657178061	93.7312
2.65581677	93.7781
2.654456873	93.8025
2.653098368	93.7849
2.651741253	93.8601
2.650385525	93.7703
2.649031183	93.7283
2.647678224	93.7498
2.646326647	93.7849
2.644976449	93.7693
2.643627628	93.8044
2.642280182	93.7849
2.640934109	93.8171
2.639589407	93.8523
2.638246073	93.9158
2.636904106	93.9294
2.635563503	93.9587
2.634224263	94.0115
2.632886383	93.9763
2.631549862	93.9373
2.630214697	93.9451
2.628881577	93.8562
2.627549117	93.8289
2.626218007	93.9382
2.624888245	93.9587
2.62355983	93.8162
2.622232758	93.8162
2.620907028	93.8718
2.619582638	93.9412
2.618259585	93.8445
2.616937869	93.8005
2.615617486	93.7781
2.614298435	93.8132
2.612980713	93.8367
2.61166432	93.8171
2.610349252	93.8591
2.609035507	93.907
2.607723085	93.9109
2.606411982	93.9226
2.605102197	93.907
2.603793727	93.9373
2.602486572	93.906
2.601180728	93.946
2.599876194	93.907
2.598572968	93.9734
2.597271722	93.989
2.595971105	94.0359
2.59467179	94.1257
2.593373774	94.0818
2.592077057	93.9568
2.590781636	93.988
2.589487509	94.0974
2.588194675	94.0974
2.58690313	94.1209
2.585612874	94.1287
2.584323905	94.1716
2.58303622	94.1599
2.581749817	94.0544
2.580464695	94.0076
2.579180852	93.9929
2.577898286	93.9656
2.576616995	94.0193
2.575336976	93.9773
2.574058229	93.9841
2.572780751	93.9539
2.571504541	93.9021
2.570229596	93.9617
2.568955915	93.9705
2.567683495	93.9236
2.566412994	93.863
2.565143091	93.8748
2.563874445	93.9294
2.562607053	93.9568
2.561340913	93.8494
2.560076024	93.7693
2.558812384	93.8357
2.55754999	93.8103
2.556288841	93.7654
2.555028936	93.8103
2.553770272	93.8767
2.552512847	93.8689
2.55125666	93.9197
2.550001709	93.8748
2.548747991	93.9275
2.547495506	93.9627
2.546244252	93.9451
2.544994225	93.9412
2.543745426	93.9744
2.542497852	93.9802
2.5412515	93.9841
2.54000637	93.988
2.53876246	93.9939
2.537519767	93.99
2.536278934	93.9099
2.535038671	93.8611
2.53379962	93.8044
2.53256178	93.8142
2.531325149	93.7576
2.530089725	93.7361
2.528855506	93.7302
2.52762249	93.6658
2.526390677	93.6169
2.525160064	93.5447
2.523930648	93.4744
2.52270243	93.5017
2.521475406	93.5544
2.520249575	93.5798
2.519024936	93.656
2.517801486	93.6892
2.516579857	93.738
2.515358781	93.7888
2.514138889	93.7966
2.512920179	93.7459
2.511702651	93.7634
2.510486301	93.7224
2.50927113	93.8123
2.508057134	93.738
2.506844312	93.7908
2.505632662	93.7459
2.504422183	93.7146
2.503212874	93.7439
2.502004731	93.6521
2.500797754	93.6716
2.499591942	93.781
2.498387291	93.7595
2.497183801	93.781
2.49598147	93.781
2.494780296	93.7224
2.493580278	93.7576
2.492381413	93.7283
2.491183701	93.6912
2.489987139	93.6697
2.488791726	93.7517
2.48759808	93.7166
2.486404959	93.8494
2.485212983	93.8103
2.484022149	93.7693
2.482832455	93.8084
2.4816439	93.8904
2.480456483	93.8201
2.479270202	93.7302
2.478085055	93.6912
2.47690104	93.5798
2.475718156	93.6834
2.474536402	93.7009
2.473355775	93.6423
2.472176274	93.6462
2.470997898	93.6521
2.469820644	93.699
2.468644512	93.7341
2.467469499	93.7048
2.466295604	93.5857
2.465122826	93.5193
2.463951163	93.4783
2.462780612	93.4431
2.461611174	93.3884
2.460442845	93.4802
2.45927623	93.5837
2.458110116	93.6072
2.456945108	93.6267
2.455781204	93.738
2.454618401	93.7029
2.4534567	93.5955
2.452296097	93.6013
2.451136592	93.7459
2.449978183	93.6775
2.448820868	93.5564
2.447664646	93.488
2.446509516	93.5388
2.445355475	93.5388
2.444202523	93.5037
2.443050657	93.5193
2.441899876	93.5544
2.440750179	93.5955
2.439601564	93.6189
2.43845403	93.656
2.437307575	93.6013
2.436162197	93.6521
2.435017895	93.5564
2.433874668	93.5037
2.432732513	93.4529
2.431592022	93.4763
2.430452008	93.449
2.429313063	93.4294
2.428175185	93.4294
2.427038372	93.4216
2.425902624	93.4294
2.424767938	93.4255
2.423634312	93.5408
2.422501747	93.6365
2.421370239	93.6248
2.420239788	93.5564
2.419110392	93.5935
2.417982049	93.5447
2.416854758	93.533
2.415728518	93.5798
2.414603328	93.6091
2.413479185	93.6091
2.412356088	93.7361
2.411234036	93.7205
2.410113027	93.7419
2.40899306	93.9002
2.407874134	93.8709
2.406756246	93.658
2.405639396	93.7576
2.40452416	93.7595
2.40340938	93.6658
2.402295634	93.6365
2.401182919	93.5642
2.400071234	93.4705
2.398960578	93.5877
2.39785095	93.6365
2.396742348	93.6326
2.39563477	93.6638
2.394528216	93.6716
2.393422683	93.6716
2.392318171	93.6502
2.391214677	93.7283
2.390112201	93.697
2.389010742	93.5271
2.387910297	93.6873
2.386811435	93.6658
2.385713014	93.572
2.384615605	93.4841
2.383519204	93.3474
2.382423811	93.3865
2.381329425	93.4314
2.380236043	93.4627
2.379143665	93.4373
2.37805229	93.5252
2.376961915	93.5232
2.375872539	93.4236
2.374784162	93.3904
2.373696781	93.3162
2.372610396	93.4919
2.371525004	93.449
2.370440606	93.3201
2.369357198	93.363
2.368274781	93.4373
2.367193351	93.5662
2.366112909	93.5857
2.365033453	93.5642
2.363954982	93.4548
2.362877493	93.5232
2.361800987	93.6892
2.360726018	93.5857
2.35965147	93.4685
2.3585779	93.5544
2.357505307	93.5877
2.356433688	93.6287
2.355363044	93.5935
2.354293372	93.449
2.353224671	93.363
2.35215694	93.3709
2.351090177	93.4177
2.350024382	93.4646
2.348959552	93.4216
2.347895687	93.447
2.346832785	93.4373
2.345770845	93.4294
2.344709866	93.4998
2.343649846	93.5388
2.342590784	93.3689
2.341532678	93.4392
2.340475528	93.533
2.339419333	93.4334
2.33836409	93.4802
2.337309798	93.533
2.336256457	93.6052
2.335204611	93.5584
2.334153166	93.5584
2.333102667	93.3826
2.332053114	93.2361
2.331004504	93.2341
2.329956838	93.3279
2.328910112	93.2673
2.327864326	93.2283
2.32681948	93.406
2.325775571	93.2498
2.324732598	93.2146
2.32369056	93.2654
2.322649456	93.3044
2.321609284	93.3123
2.320570043	93.3298
2.319531733	93.4548
2.318494351	93.4392
2.317457897	93.5095
2.316422369	93.4216
2.315387766	93.4685
2.314354087	93.5017
2.31332133	93.5701
2.312289495	93.5623
2.31125858	93.4002
2.310229117	93.3845
2.309200038	93.4998
2.308171875	93.4861
2.307144627	93.3123
2.306118293	93.572
2.305092872	93.6345
2.304068363	93.6345
2.303044763	93.6502
2.302022073	93.5505
2.301000291	93.4412
2.299979415	93.4451
2.298959445	93.4002
2.297940379	93.4392
2.296922216	93.5642
2.295904955	93.5505
2.294888595	93.4451
2.29387366	93.3689
2.292859097	93.4548
2.291845431	93.4919
2.29083266	93.3845
2.289820785	93.3845
2.288809803	93.3064
2.287799713	93.322
2.286790515	93.3513
2.285782206	93.4236
2.284774786	93.2693
2.283768254	93.3748
2.282762608	93.3709
2.281757848	93.4294
2.280753972	93.3142
2.279750978	93.3298
2.278748867	93.4294
2.277747636	93.5154
2.276747284	93.6033
2.275747811	93.6345
2.274749215	93.7263
2.273751494	93.6169
2.272754649	93.5857
2.271758677	93.6248
2.270763578	93.5076
2.269769866	93.5173
2.268776508	93.5974
2.267784019	93.5564
2.266792398	93.4919
2.265801644	93.5466
2.264811756	93.6248
2.263822732	93.6267
2.262834571	93.5779
2.261847273	93.4724
2.260860836	93.3923
2.259875259	93.3943
2.258890541	93.4529
2.257906681	93.4158
2.256923678	93.5388
2.25594153	93.5408
2.254960236	93.5544
2.253979796	93.6033
2.253000208	93.6189
2.252021471	93.6345
2.251043584	93.4783
2.250066546	93.4841
2.249090355	93.4607
2.248115012	93.4294
2.247140514	93.572
2.246167365	93.6033
2.245194554	93.4861
2.244222586	93.4783
2.243251458	93.6423
2.242281171	93.5193
2.241311723	93.5095
2.240343113	93.6482
2.23937534	93.7185
2.238408402	93.7205
2.237442299	93.6736
2.23647703	93.4861
2.235512593	93.408
2.234548988	93.5017
2.233586213	93.5193
2.232624267	93.533
2.231663149	93.5252
2.230702859	93.5408
2.229743394	93.4685
2.228784755	93.4392
2.22782694	93.3357
2.226869947	93.2263
2.225913777	93.197
2.224958427	93.2576
2.224003896	93.3357
2.223050679	93.2283
2.222097785	93.2146
2.221145707	93.5154
2.220194445	93.5544
2.219243997	93.4841
2.218294362	93.5017
2.21734554	93.5486
2.21639753	93.408
2.215450329	93.5623
2.214503938	93.5896
2.213558355	93.572
2.212613579	93.6716
2.211669609	93.7595
2.210726445	93.6482
2.209784084	93.6052
2.208842527	93.5466
2.207901771	93.5564
2.206961817	93.4841
2.206022662	93.5271
2.205084307	93.408
2.204146749	93.4373
2.203209989	93.4685
2.202274024	93.4705
2.201338854	93.4236
2.200404963	93.3826
2.199471379	93.5173
2.198538587	93.4861
2.197606587	93.3748
2.196675376	93.4783
2.195744954	93.4255
2.194815319	93.5623
2.193886472	93.7341
2.192958411	93.7263
2.192031134	93.7341
2.191104641	93.7127
2.190178931	93.7673
2.189254003	93.7127
2.188329856	93.783
2.187406488	93.7361
2.1864839	93.6404
2.185562567	93.6091
2.184641533	93.7048
2.183721275	93.7966
2.182801792	93.7498
2.181883083	93.6169
2.180965147	93.5701
2.180047983	93.4998
2.17913159	93.4705
2.178215967	93.4529
2.177301113	93.5466
2.176387028	93.4783
2.175473709	93.5232
2.174561157	93.5701
2.17364937	93.7048
2.172738348	93.7732
2.171828089	93.7498
2.170918592	93.6873
2.170009856	93.7498
2.169101881	93.9158
2.168194666	93.9607
2.167288209	93.9783
2.166382509	93.9783
2.165477567	94.2107
2.16457338	94.0408
2.163670416	94.0076
2.162767737	94.2263
2.161865811	94.1794
2.160964637	94.3123
2.160064214	94.2107
2.159164542	94.3357
2.158265618	94.2263
2.157367442	93.9998
2.156470014	93.9294
2.155573332	93.8865
2.154677395	93.8474
2.153782203	93.7615
2.152887754	93.7341
2.151994048	93.6326
2.151101084	93.7732
2.150208861	93.7498
2.149317377	93.6794
2.148426632	93.6091
2.147536625	93.5193
2.146647355	93.8162
2.145758822	93.8162
2.144871024	93.8201
2.14398396	93.7849
2.143097629	93.7966
2.14221249	93.7263
2.141327623	93.8357
2.140443487	93.8357
2.139560081	93.7615
2.138677403	93.9373
2.137795454	93.9177
2.136914232	94.0271
2.136033736	93.9568
2.135153965	93.8982
2.134274919	93.6951
2.133396596	93.7068
2.132518995	93.6638
2.131642117	93.738
2.130765959	93.7459
2.129890521	93.9529
2.129015803	94.0779
2.128141802	93.9685
2.127268519	93.9568
2.126395952	94.1599
2.125524101	94.0271
2.124652964	93.8982
2.123782542	93.863
2.122912832	93.9568
2.122043834	94.0505
2.121175997	94.0623
2.12030842	94.1091
2.119441553	93.949
2.118575394	94.1794
2.117709942	94.156
2.116845198	94.1794
2.115981159	94.3201
2.115117826	94.1912
2.114255197	94.0623
2.113393271	94.199
2.112532047	94.1912
2.111671525	94.1013
2.110811704	93.9763
2.109952583	93.9451
2.109094161	93.8005
2.108236437	93.8435
2.107379855	94.0427
2.106523524	93.9919
2.105667889	93.9099
2.104812949	93.9724
2.103958703	94.1248
2.103105151	94.3005
2.10225229	94.3865
2.101400121	94.4841
2.100548642	94.531
2.099697853	94.4412
2.098847754	94.3162
2.097998342	94.3748
2.097149617	94.4294
2.096301579	94.5037
2.095454226	94.2537
2.094607559	94.2654
2.093761575	94.3279
2.092916274	94.3318
2.092071655	94.0623
2.091227718	94.199
2.090384461	94.2341
2.089541885	94.2185
2.088699987	94.4568
2.087858767	94.4919
2.08701866	94.5037
2.086178794	94.449
2.085339604	94.6169
2.084501088	94.4841
2.083663247	94.5388
2.082826078	94.4919
2.081989583	94.1638
2.081153758	94.1912
2.080318605	94.1443
2.079484122	94.3474
