Name: Smithsonite PbCO_3
Type: Mineral
Class: Carbonates
Subclass: 
Particle Size: 125-500um
Sample No.: C-11A
Owner: JPL
Wavelength range: IR
Origin: 
Collected by JPL
Description: 





Measurement: Hemispherical reflectance
First Column: X
Second Column: Y
X Units:  Wavelength (micrometers)
Y Units:  Reflectance (percent)
First X Value: 15.3853
Last X Value: 2.00032
Number of X Values: 2256
Additional information: c11aa.txt
 
15.3853	6.11512
15.3397	6.04144
15.2945	6.06924
15.2495	6.22677
15.2048	6.25066
15.1603	6.01021
15.1161	5.95357
15.0722	6.12132
15.0285	6.2619
14.9851	6.41563
14.9419	6.30358
14.8989	6.14459
14.8563	6.26353
14.8138	6.29171
14.7716	6.21626
14.7296	6.14447
14.6879	6.09693
14.6464	6.05587
14.6052	6.02197
14.5641	6.23196
14.5233	6.12054
14.4828	5.89117
14.4424	5.9598
14.4023	6.07867
14.3624	5.98628
14.3227	5.77985
14.2833	5.62798
14.244	5.6396
14.205	5.51737
14.1662	5.44581
14.1276	5.3513
14.0892	5.17983
14.051	5.12692
14.0131	5.07841
13.9753	4.96258
13.9377	4.92486
13.9004	4.92771
13.8632	4.91967
13.8262	4.86632
13.7895	4.85265
13.7529	4.79833
13.7165	4.80588
13.6803	5.00737
13.6443	4.93652
13.6085	4.99521
13.5729	5.16854
13.5374	5.66718
13.5022	6.41133
13.4671	7.24233
13.4322	7.21669
13.3975	5.115
13.363	2.89156
13.3286	2.37594
13.2944	2.43742
13.2604	2.61371
13.2266	2.94877
13.193	3.2012
13.1595	3.42636
13.1262	3.64091
13.093	3.83808
13.06	4.1825
13.0272	4.3445
12.9946	4.37208
12.9621	4.56879
12.9298	4.70467
12.8976	4.73155
12.8656	4.92594
12.8337	5.0667
12.8021	5.12304
12.7705	5.29356
12.7391	5.29518
12.7079	5.16954
12.6769	5.31129
12.6459	5.55942
12.6152	5.71596
12.5845	5.77249
12.5541	5.68216
12.5238	5.56421
12.4936	5.68107
12.4635	5.75019
12.4337	5.66149
12.4039	5.74734
12.3743	5.82456
12.3448	5.8261
12.3155	5.90477
12.2863	5.95439
12.2573	5.85165
12.2284	5.69254
12.1996	5.64022
12.171	5.63882
12.1425	5.68014
12.1141	5.72393
12.0859	5.7353
12.0578	5.75742
12.0298	5.8817
12.0019	5.91645
11.9742	5.80817
11.9466	5.84835
11.9192	5.87952
11.8918	5.77773
11.8646	5.60334
11.8375	5.70421
11.8106	5.93478
11.7837	6.17445
11.757	6.43052
11.7304	6.69553
11.7039	7.13726
11.6776	7.74271
11.6513	8.48256
11.6252	9.80306
11.5992	11.3918
11.5733	12.529
11.5475	13.4324
11.5219	14.7225
11.4963	16.8048
11.4709	19.2465
11.4455	20.9126
11.4203	22.0234
11.3952	22.8379
11.3702	23.3467
11.3454	23.1642
11.3206	21.3731
11.2959	16.7756
11.2714	10.6121
11.2469	6.49882
11.2226	4.71639
11.1983	4.03291
11.1742	3.73225
11.1502	3.54568
11.1263	3.62269
11.1024	3.7526
11.0787	3.71734
11.0551	3.6453
11.0316	3.49373
11.0081	3.57274
10.9848	3.79115
10.9616	3.91699
10.9385	3.92205
10.9154	4.02197
10.8925	3.99134
10.8697	4.00272
10.8469	4.09093
10.8243	4.16451
10.8017	4.29241
10.7793	4.2472
10.7569	4.23017
10.7346	4.29847
10.7125	4.39408
10.6904	4.40659
10.6684	4.34924
10.6465	4.33217
10.6247	4.32818
10.6029	4.29192
10.5813	4.27346
10.5597	4.29155
10.5383	4.2906
10.5169	4.37892
10.4956	4.44612
10.4744	4.43379
10.4533	4.43044
10.4323	4.42358
10.4113	4.51254
10.3904	4.64524
10.3697	4.63091
10.349	4.61479
10.3284	4.62794
10.3078	4.73242
10.2874	4.72555
10.267	4.66939
10.2467	4.70242
10.2265	4.79091
10.2064	4.91735
10.1863	5.01733
10.1663	4.96409
10.1464	4.94114
10.1266	5.11004
10.1069	5.1113
10.0872	5.10067
10.0676	5.12017
10.0481	5.10166
10.0287	5.07655
10.0093	5.12346
9.99005	5.22726
9.97084	5.29616
9.95169	5.32625
9.93263	5.2719
9.91364	5.221
9.89472	5.16719
9.87587	5.08767
9.8571	5.09805
9.83839	5.10755
9.81976	5.0657
9.80119	5.07924
9.78271	5.07867
9.76428	5.10981
9.74592	5.11823
9.72764	5.03517
9.70943	4.95589
9.69128	4.95747
9.6732	4.92168
9.65518	4.92103
9.63724	4.939
9.61935	4.91949
9.60155	4.89668
9.5838	4.79291
9.56611	4.87479
9.5485	4.88239
9.53094	4.86237
9.51345	4.87126
9.49604	4.86885
9.47867	4.87901
9.46137	4.91621
9.44414	4.93914
9.42697	4.97521
9.40986	5.04334
9.39281	5.0815
9.37583	5.08998
9.35891	5.0275
9.34204	4.91618
9.32524	4.91914
9.3085	4.96276
9.29182	4.96932
9.27519	5.06516
9.25863	5.17723
9.24213	5.14782
9.22568	5.00697
9.2093	5.08626
9.19297	5.06541
9.17669	4.92003
9.16048	5.08875
9.14433	5.18041
9.12823	5.01823
9.11218	4.98805
9.0962	5.12996
9.08027	5.17106
9.06439	5.14972
9.04858	5.1314
9.03281	5.21229
9.0171	5.24694
9.00145	5.2289
8.98585	5.21016
8.9703	5.19207
8.9548	5.15845
8.93937	5.22537
8.92398	5.33051
8.90865	5.40762
8.89337	5.39771
8.87814	5.44751
8.86296	5.56569
8.84784	5.60146
8.83277	5.50688
8.81774	5.43513
8.80277	5.50612
8.78786	5.58188
8.77298	5.64366
8.75816	5.62694
8.7434	5.56942
8.72868	5.67551
8.714	5.74164
8.69938	5.5677
8.68481	5.52209
8.67029	5.61462
8.65581	5.65491
8.64139	5.63157
8.62701	5.57999
8.61268	5.60011
8.5984	5.54043
8.58416	5.52716
8.56997	5.5521
8.55583	5.56681
8.54174	5.61551
8.52769	5.54163
8.51368	5.56529
8.49973	5.73257
8.48582	5.78872
8.47195	5.72608
8.45813	5.63002
8.44436	5.71719
8.43062	5.78883
8.41693	5.71553
8.4033	5.6516
8.3897	5.70256
8.37614	5.72338
8.36264	5.79408
8.34917	5.88976
8.33574	5.96673
8.32236	5.94759
8.30903	5.86325
8.29573	5.86848
8.28248	5.93449
8.26927	5.97989
8.2561	5.94286
8.24298	5.97416
8.2299	6.01293
8.21685	6.0945
8.20385	6.13872
8.19089	6.0111
8.17797	5.94788
8.16509	5.98905
8.15225	6.08848
8.13946	6.20966
8.1267	6.24393
8.11398	6.16852
8.10131	6.16316
8.08867	6.23604
8.07606	6.24173
8.0635	6.29135
8.05099	6.33103
8.0385	6.36066
8.02606	6.48821
8.01366	6.56889
8.00129	6.55985
7.98896	6.56617
7.97667	6.57875
7.96442	6.5335
7.9522	6.54277
7.94002	6.70208
7.92788	6.85678
7.91578	6.85773
7.90371	6.84309
7.89168	6.89313
7.87969	6.8811
7.86773	6.896
7.85581	6.99048
7.84392	7.01085
7.83207	6.96539
7.82026	7.05776
7.80849	7.19891
7.79674	7.30999
7.78503	7.32177
7.77337	7.33631
7.76173	7.37195
7.75012	7.42463
7.73856	7.51435
7.72703	7.6023
7.71553	7.5856
7.70406	7.60546
7.69263	7.71199
7.68123	7.7989
7.66987	7.92689
7.65855	8.0251
7.64725	8.0142
7.63598	8.03723
7.62475	8.16165
7.61356	8.26032
7.60239	8.29654
7.59126	8.36727
7.58017	8.4546
7.5691	8.52126
7.55806	8.60039
7.54707	8.75405
7.5361	8.90339
7.52516	8.89935
7.51425	9.00694
7.50338	9.14013
7.49253	9.23075
7.48172	9.42852
7.47094	9.60901
7.46019	9.692
7.44947	9.77926
7.43879	9.93737
7.42813	10.0516
7.4175	10.1219
7.4069	10.3088
7.39634	10.5566
7.3858	10.7296
7.37529	10.8018
7.36482	10.9243
7.35437	11.1339
7.34396	11.3962
7.33357	11.6377
7.32321	11.8022
7.31288	12.0654
7.30258	12.3939
7.29231	12.7528
7.28207	13.0128
7.27185	13.3407
7.26167	13.7897
7.25152	14.2327
7.24139	14.616
7.23129	15.0296
7.22122	15.3895
7.21117	15.7083
7.20116	16.1112
7.19117	16.7892
7.18121	17.905
7.17128	19.3171
7.16137	20.6572
7.1515	21.892
7.14164	22.9466
7.13182	23.5934
7.12203	23.9712
7.11225	24.1045
7.10251	24.0903
7.0928	24.2637
7.08311	24.4629
7.07344	24.5471
7.06381	24.6205
7.0542	24.803
7.04461	24.88
7.03506	24.6899
7.02552	24.7099
7.01601	24.7841
7.00653	24.7666
6.99708	24.8282
6.98765	24.8722
6.97824	24.868
6.96886	24.9828
6.95951	25.1071
6.95018	24.9336
6.94087	24.9069
6.9316	25.0092
6.92234	25.2336
6.91311	25.4272
6.90391	25.5653
6.89473	25.628
6.88557	25.7415
6.87644	26.0497
6.86733	26.6775
6.85824	26.8277
6.84918	26.6432
6.84015	26.7771
6.83114	27.1742
6.82215	27.4615
6.81319	27.6025
6.80424	27.8798
6.79532	28.4409
6.78643	28.8466
6.77756	29.1039
6.76871	29.3248
6.75989	29.5189
6.75109	30.0258
6.74231	30.54
6.73355	31.0791
6.72482	31.8059
6.71611	32.5277
6.70742	33.0479
6.69875	33.4259
6.69011	34.1178
6.68149	34.8186
6.67289	35.1252
6.66431	35.3419
6.65576	35.6382
6.64722	36.3361
6.63871	37.1943
6.63022	37.1549
6.62175	36.9368
6.61331	37.0921
6.60488	37.3129
6.59648	37.723
6.5881	38.0771
6.57974	38.4329
6.5714	38.7989
6.56308	38.7116
6.55478	38.7036
6.54651	38.5575
6.53825	38.4687
6.53001	38.4963
6.5218	38.571
6.51361	38.1806
6.50544	38.0272
6.49729	38.3661
6.48915	38.0857
6.48104	37.1579
6.47295	36.2132
6.46488	35.0163
6.45683	33.8628
6.4488	32.5073
6.44079	31.1783
6.4328	29.8033
6.42482	28.2991
6.41687	26.9013
6.40894	24.7354
6.40103	22.2168
6.39314	20.1935
6.38526	18.4232
6.37741	16.7325
6.36957	14.9087
6.36176	13.0716
6.35396	11.402
6.34618	9.85409
6.33843	8.30282
6.33069	6.9676
6.32297	5.71804
6.31527	4.71844
6.30758	4.01623
6.29992	3.42772
6.29227	2.97686
6.28465	2.65666
6.27704	2.23042
6.26945	1.84046
6.26188	1.53758
6.25432	1.34916
6.24679	1.2614
6.23927	1.18561
6.23177	1.03348
6.22429	0.990586
6.21683	1.00329
6.20938	0.998007
6.20195	0.899428
6.19454	0.791091
6.18715	0.682573
6.17978	0.552203
6.17242	0.560113
6.16508	0.590505
6.15776	0.547756
6.15045	0.530971
6.14317	0.534498
6.1359	0.497166
6.12864	0.483623
6.12141	0.555717
6.11419	0.469242
6.10699	0.353489
6.0998	0.419325
6.09263	0.52402
6.08549	0.522177
6.07835	0.464794
6.07123	0.450292
6.06413	0.482285
6.05705	0.519051
6.04998	0.574706
6.04293	0.633297
6.0359	0.616749
6.02888	0.555415
6.02187	0.541375
6.01489	0.553535
6.00792	0.63436
6.00096	0.677665
5.99403	0.606295
5.98711	0.598312
5.9802	0.666246
5.97331	0.623371
5.96644	0.686563
5.95958	0.719449
5.95274	0.697569
5.94591	0.668188
5.9391	0.731118
5.9323	0.761997
5.92552	0.711514
5.91876	0.794973
5.91201	0.846212
5.90528	0.830873
5.89856	0.899364
5.89186	0.886653
5.88517	0.886371
5.8785	0.904215
5.87184	0.834205
5.8652	0.829672
5.85857	0.953323
5.85196	0.995723
5.84536	0.96534
5.83878	0.998536
5.83221	1.16818
5.82566	1.22924
5.81912	1.17973
5.81259	1.11642
5.80608	1.07547
5.79959	1.09687
5.79311	1.15495
5.78665	1.18769
5.78019	1.22852
5.77376	1.22753
5.76734	1.244
5.76093	1.16781
5.75453	1.15613
5.74815	1.17265
5.74179	1.14826
5.73543	1.14489
5.7291	1.28413
5.72277	1.41682
5.71646	1.40332
5.71017	1.44645
5.70389	1.47925
5.69762	1.43704
5.69136	1.43956
5.68513	1.49569
5.6789	1.51396
5.67268	1.47188
5.66648	1.39592
5.6603	1.37099
5.65413	1.42449
5.64797	1.47357
5.64182	1.48279
5.63569	1.5255
5.62957	1.57121
5.62347	1.57919
5.61737	1.61259
5.61129	1.59518
5.60522	1.52583
5.59917	1.60676
5.59313	1.67047
5.5871	1.60631
5.58109	1.56489
5.57509	1.57294
5.5691	1.51892
5.56312	1.49968
5.55716	1.48228
5.55121	1.54314
5.54528	1.57779
5.53935	1.47205
5.53344	1.43339
5.52754	1.49352
5.52166	1.57833
5.51578	1.57188
5.50992	1.53618
5.50407	1.5314
5.49823	1.50488
5.49241	1.54315
5.4866	1.55666
5.4808	1.50829
5.47501	1.51658
5.46923	1.56955
5.46347	1.62026
5.45772	1.66453
5.45198	1.70916
5.44625	1.80455
5.44054	1.75388
5.43484	1.786
5.42914	1.92247
5.42347	2.18722
5.4178	2.44655
5.41214	2.58737
5.4065	2.81421
5.40087	3.08048
5.39525	3.34617
5.38964	3.63995
5.38404	3.96198
5.37846	4.239
5.37288	4.47265
5.36732	4.66716
5.36177	4.94587
5.35623	5.23008
5.35071	5.48655
5.34519	5.72737
5.33968	5.96452
5.33419	6.20746
5.32871	6.39089
5.32324	6.64676
5.31778	6.90211
5.31233	7.08669
5.30689	7.27759
5.30147	7.52965
5.29605	7.76468
5.29065	7.94517
5.28525	8.14566
5.27987	8.26889
5.2745	8.32527
5.26914	8.42968
5.26379	8.60711
5.25845	8.76808
5.25312	8.8956
5.24781	9.00954
5.2425	9.10343
5.23721	9.19037
5.23192	9.29909
5.22665	9.42758
5.22138	9.52614
5.21613	9.71018
5.21089	9.81049
5.20566	9.82264
5.20044	9.90208
5.19522	9.92524
5.19002	9.91183
5.18483	9.93875
5.17965	10.0349
5.17448	10.0766
5.16933	10.0505
5.16418	10.0306
5.15904	10.071
5.15391	10.1846
5.14879	10.1588
5.14368	9.90185
5.13859	9.4706
5.1335	8.88873
5.12842	8.2391
5.12335	7.61041
5.1183	7.16946
5.11325	7.00994
5.10821	7.35033
5.10318	8.07161
5.09817	8.79553
5.09316	9.34504
5.08816	9.78331
5.08317	10.191
5.07819	10.5327
5.07322	10.7217
5.06826	10.9285
5.06331	11.2118
5.05837	11.3696
5.05344	11.3789
5.04852	11.402
5.04361	11.4462
5.03871	11.5391
5.03382	11.6247
5.02894	11.6235
5.02406	11.658
5.0192	11.6885
5.01435	11.6864
5.0095	11.6725
5.00467	11.6903
4.99984	11.7136
4.99502	11.7563
4.99021	11.7711
4.98542	11.8367
4.98063	11.9313
4.97585	11.9519
4.97108	11.8989
4.96632	11.9472
4.96156	12.0506
4.95682	12.1193
4.95209	12.1303
4.94736	12.1207
4.94264	12.1415
4.93794	12.2363
4.93324	12.2293
4.92855	12.309
4.92387	12.379
4.9192	12.3477
4.91453	12.389
4.90988	12.4124
4.90524	12.3803
4.9006	12.4005
4.89597	12.4698
4.89135	12.4951
4.88674	12.5321
4.88214	12.5806
4.87755	12.556
4.87296	12.5639
4.86839	12.5497
4.86382	12.5581
4.85926	12.5881
4.85471	12.6247
4.85017	12.6351
4.84564	12.5795
4.84111	12.5768
4.8366	12.5589
4.83209	12.5869
4.82759	12.6351
4.8231	12.5999
4.81862	12.5571
4.81415	12.5007
4.80968	12.4331
4.80522	12.3853
4.80077	12.2813
4.79633	12.318
4.7919	12.3738
4.78747	12.32
4.78306	12.2109
4.77865	12.0605
4.77425	11.9517
4.76986	11.8986
4.76547	11.7787
4.7611	11.5582
4.75673	11.4103
4.75237	11.2697
4.74802	11.0768
4.74367	10.8203
4.73934	10.4848
4.73501	10.1465
4.73069	9.79563
4.72638	9.45099
4.72207	8.99071
4.71777	8.31569
4.71348	7.68587
4.7092	7.03623
4.70493	6.42596
4.70066	5.91758
4.69641	5.63685
4.69216	5.46889
4.68791	5.2774
4.68368	5.17992
4.67945	5.14861
4.67523	5.13511
4.67102	5.11934
4.66682	5.17615
4.66262	5.2362
4.65843	5.25968
4.65425	5.35701
4.65007	5.46773
4.64591	5.69165
4.64175	5.94215
4.6376	6.15403
4.63345	6.31478
4.62932	6.57795
4.62519	6.94117
4.62106	7.21005
4.61695	7.4233
4.61284	7.61488
4.60874	7.75567
4.60465	7.83698
4.60056	7.88892
4.59648	8.02806
4.59241	8.21856
4.58835	8.33857
4.58429	8.47379
4.58024	8.65012
4.5762	8.75109
4.57216	8.83524
4.56814	8.87449
4.56411	8.97609
4.5601	9.09101
4.55609	9.15582
4.55209	9.22424
4.5481	9.25006
4.54411	9.26309
4.54013	9.251
4.53616	9.27578
4.5322	9.35993
4.52824	9.41253
4.52429	9.43771
4.52034	9.42115
4.51641	9.34774
4.51247	9.27606
4.50855	9.24439
4.50463	9.31921
4.50072	9.3287
4.49682	9.3436
4.49292	9.34318
4.48903	9.30858
4.48515	9.31913
4.48127	9.39655
4.4774	9.45203
4.47354	9.50812
4.46968	9.51878
4.46584	9.5694
4.46199	9.70017
4.45815	9.86239
4.45432	9.951
4.4505	10.0201
4.44668	10.0445
4.44287	10.0238
4.43907	10.1781
4.43527	10.3859
4.43148	10.5224
4.4277	10.6501
4.42392	10.699
4.42015	10.7146
4.41638	10.7072
4.41262	10.6657
4.40887	10.5347
4.40513	10.3623
4.40139	10.2533
4.39765	10.2695
4.39393	10.3566
4.39021	10.4638
4.38649	10.5633
4.38278	10.662
4.37908	10.8015
4.37539	10.9045
4.3717	10.9542
4.36801	10.937
4.36434	11.0077
4.36067	11.0714
4.357	11.0974
4.35335	11.1273
4.34969	11.1161
4.34605	11.1151
4.34241	11.2228
4.33877	11.2771
4.33514	11.3346
4.33152	11.4506
4.32791	11.509
4.3243	11.5308
4.32069	11.5352
4.3171	11.5238
4.31351	11.5837
4.30992	11.713
4.30634	11.7123
4.30277	11.739
4.2992	11.7623
4.29564	11.7475
4.29208	11.902
4.28853	12.0555
4.28499	12.0761
4.28145	12.0442
4.27792	11.9436
4.27439	11.9547
4.27087	11.9857
4.26735	11.9224
4.26384	11.8189
4.26034	11.7789
4.25684	11.7366
4.25335	11.7019
4.24986	11.717
4.24638	11.662
4.24291	11.5917
4.23944	11.5266
4.23598	11.4996
4.23252	11.4403
4.22906	11.2568
4.22562	11.0997
4.22218	11.0196
4.21874	11.0052
4.21531	10.9277
4.21189	10.7175
4.20847	10.6468
4.20506	10.627
4.20165	10.461
4.19825	10.3631
4.19485	10.3166
4.19146	10.1944
4.18807	10.1579
4.18469	10.1732
4.18132	10.1344
4.17795	10.0146
4.17458	9.95652
4.17123	9.82176
4.16787	9.68718
4.16453	9.61322
4.16118	9.53142
4.15785	9.37699
4.15451	9.20676
4.15119	9.05724
4.14787	8.83342
4.14455	8.74284
4.14124	8.67654
4.13794	8.57197
4.13464	8.46488
4.13134	8.26754
4.12805	8.06903
4.12477	7.91264
4.12149	7.76338
4.11822	7.63333
4.11495	7.44234
4.11168	7.22976
4.10843	7.0138
4.10517	6.84175
4.10192	6.63519
4.09868	6.50874
4.09545	6.35413
4.09221	6.07253
4.08899	5.8463
4.08576	5.63998
4.08255	5.43593
4.07933	5.19959
4.07613	4.99072
4.07292	4.84935
4.06973	4.6629
4.06654	4.37075
4.06335	4.10041
4.06017	3.90922
4.05699	3.80391
4.05382	3.68659
4.05065	3.54843
4.04749	3.47959
4.04433	3.40598
4.04118	3.22396
4.03803	3.09146
4.03489	3.00057
4.03175	2.95222
4.02862	2.92903
4.02549	2.93642
4.02237	2.96826
4.01925	2.97963
4.01614	2.92845
4.01303	2.81914
4.00993	2.78903
4.00683	2.76933
4.00373	2.74838
4.00064	2.68818
3.99756	2.69008
3.99448	2.81761
3.9914	2.8449
3.98833	2.7435
3.98527	2.70275
3.98221	2.76488
3.97915	2.83338
3.9761	2.8287
3.97305	2.83652
3.97001	2.83825
3.96697	2.77795
3.96394	2.81216
3.96091	2.8952
3.95789	2.86499
3.95487	2.85692
3.95186	2.93599
3.94885	3.00324
3.94584	2.98139
3.94284	3.01494
3.93984	3.03237
3.93685	3.07267
3.93386	3.10701
3.93088	3.08824
3.9279	3.10737
3.92493	3.13994
3.92196	3.17085
3.919	3.11158
3.91604	3.0568
3.91308	3.11494
3.91013	3.18828
3.90718	3.19696
3.90424	3.24367
3.9013	3.29336
3.89837	3.22689
3.89544	3.14665
3.89252	3.12065
3.8896	3.1007
3.88668	3.17991
3.88377	3.25638
3.88086	3.19808
3.87796	3.14767
3.87506	3.14346
3.87217	3.11594
3.86928	3.18298
3.86639	3.31203
3.86351	3.27291
3.86064	3.21848
3.85776	3.27028
3.8549	3.33595
3.85203	3.30549
3.84917	3.2777
3.84631	3.28483
3.84346	3.27548
3.84062	3.33542
3.83777	3.34682
3.83494	3.3356
3.8321	3.3731
3.82927	3.45505
3.82644	3.49539
3.82362	3.49342
3.82081	3.54888
3.81799	3.61129
3.81518	3.70119
3.81238	3.8095
3.80958	3.90533
3.80678	4.01731
3.80399	4.10674
3.8012	4.16916
3.79841	4.29456
3.79563	4.36291
3.79286	4.42374
3.79008	4.61234
3.78731	4.73107
3.78455	4.7833
3.78179	5.00389
3.77903	5.24822
3.77628	5.48895
3.77353	5.79533
3.77079	6.1259
3.76805	6.42892
3.76531	6.67136
3.76258	6.88205
3.75985	7.11742
3.75713	7.29559
3.7544	7.5207
3.75169	7.70683
3.74898	7.86721
3.74627	7.96968
3.74356	7.98838
3.74086	8.10628
3.73816	8.18894
3.73547	8.20187
3.73278	8.21386
3.7301	8.26372
3.72741	8.28232
3.72474	8.29899
3.72206	8.35695
3.71939	8.40997
3.71673	8.51288
3.71406	8.65468
3.71141	8.70178
3.70875	8.69198
3.7061	8.72235
3.70345	8.78292
3.70081	8.91977
3.69817	9.02963
3.69553	9.06932
3.6929	9.0965
3.69027	9.19787
3.68765	9.26144
3.68503	9.31291
3.68241	9.34754
3.6798	9.30795
3.67719	9.37032
3.67458	9.41369
3.67198	9.38296
3.66938	9.3711
3.66678	9.36936
3.66419	9.32975
3.66161	9.24346
3.65902	9.21015
3.65644	9.23919
3.65387	9.24863
3.65129	9.15506
3.64872	9.13095
3.64616	9.14317
3.64359	9.08648
3.64103	8.98363
3.63848	8.85967
3.63593	8.74013
3.63338	8.67366
3.63084	8.54437
3.6283	8.418
3.62576	8.24777
3.62322	8.11769
3.62069	7.88841
3.61817	7.51946
3.61564	7.19969
3.61312	6.82795
3.61061	6.55433
3.6081	6.52182
3.60559	6.61659
3.60308	6.77322
3.60058	6.7874
3.59808	6.66882
3.59558	6.54091
3.59309	6.42255
3.59061	6.11042
3.58812	5.79092
3.58564	5.52727
3.58316	5.27729
3.58069	5.032
3.57822	4.74702
3.57575	4.44024
3.57328	4.07821
3.57082	3.76823
3.56836	3.57176
3.56591	3.50886
3.56346	3.55886
3.56101	3.54346
3.55857	3.39716
3.55613	3.34072
3.55369	3.36522
3.55126	3.34012
3.54883	3.21357
3.5464	3.17118
3.54397	3.28697
3.54155	3.33659
3.53914	3.33237
3.53672	3.37987
3.53431	3.26412
3.5319	3.12916
3.5295	3.20657
3.5271	3.22706
3.5247	3.22146
3.52231	3.20885
3.51991	3.20047
3.51753	3.20534
3.51514	3.15382
3.51276	3.08402
3.51038	3.05647
3.50801	3.04674
3.50563	3.04452
3.50327	3.0449
3.5009	3.01403
3.49854	3.00522
3.49618	3.02925
3.49382	3.11628
3.49147	3.20386
3.48912	3.3528
3.48677	3.41336
3.48443	3.36252
3.48209	3.33125
3.47975	3.31226
3.47742	3.36349
3.47509	3.45499
3.47276	3.43149
3.47044	3.31033
3.46812	3.24374
3.4658	3.23013
3.46348	3.18824
3.46117	3.30004
3.45886	3.40757
3.45656	3.35855
3.45425	3.36642
3.45195	3.42285
3.44966	3.43408
3.44736	3.34351
3.44507	3.33066
3.44279	3.39918
3.4405	3.43584
3.43822	3.43465
3.43594	3.34254
3.43367	3.32809
3.43139	3.48642
3.42912	3.49253
3.42686	3.37519
3.42459	3.42699
3.42233	3.51002
3.42007	3.48652
3.41782	3.41801
3.41557	3.40293
3.41332	3.36181
3.41108	3.41062
3.40883	3.4253
3.40659	3.28465
3.40435	3.23477
3.40212	3.27353
3.39989	3.32719
3.39766	3.40533
3.39544	3.46063
3.39322	3.45324
3.391	3.39321
3.38878	3.2614
3.38657	3.17114
3.38436	3.22088
3.38215	3.29634
3.37994	3.31194
3.37774	3.2712
3.37554	3.32692
3.37335	3.33447
3.37115	3.26098
3.36896	3.22742
3.36678	3.28029
3.36459	3.32612
3.36241	3.35242
3.36023	3.31956
3.35805	3.26311
3.35588	3.25464
3.35371	3.3289
3.35154	3.3156
3.34938	3.25551
3.34721	3.26128
3.34505	3.30853
3.3429	3.26812
3.34074	3.18199
3.33859	3.10995
3.33644	3.17067
3.3343	3.27929
3.33215	3.34493
3.33001	3.38949
3.32788	3.49455
3.32574	3.65095
3.32361	3.74426
3.32148	3.76753
3.31936	3.93404
3.31723	4.06335
3.31511	4.1468
3.31299	4.21834
3.31088	4.18396
3.30876	4.24745
3.30665	4.47272
3.30455	4.53412
3.30244	4.42119
3.30034	4.45411
3.29824	4.49221
3.29614	4.4536
3.29405	4.49232
3.29196	4.59149
3.28987	4.62775
3.28778	4.6069
3.2857	4.67313
3.28362	4.76587
3.28154	4.73866
3.27946	4.69303
3.27739	4.67398
3.27532	4.79101
3.27325	4.92711
3.27119	4.80991
3.26913	4.79753
3.26707	4.87755
3.26501	4.87456
3.26295	4.88759
3.2609	4.92854
3.25885	4.92375
3.2568	4.90768
3.25476	4.8666
3.25272	4.84618
3.25068	4.80938
3.24864	4.80989
3.24661	4.88142
3.24458	4.95385
3.24255	4.98304
3.24052	5.06881
3.2385	5.16617
3.23648	5.04668
3.23446	4.82611
3.23244	4.88307
3.23043	4.9311
3.22841	4.88352
3.2264	4.89982
3.2244	4.95713
3.22239	4.92207
3.22039	4.87344
3.21839	4.91505
3.2164	4.91529
3.2144	4.79801
3.21241	4.73568
3.21042	4.82892
3.20844	4.93482
3.20645	4.82577
3.20447	4.87876
3.20249	4.95381
3.20051	4.89621
3.19854	4.83501
3.19657	4.79717
3.1946	4.78047
3.19263	4.75373
3.19067	4.77425
3.1887	4.80748
3.18674	4.76244
3.18479	4.71564
3.18283	4.73982
3.18088	4.73623
3.17893	4.67222
3.17698	4.73074
3.17504	4.80988
3.17309	4.784
3.17115	4.66762
3.16921	4.71775
3.16728	4.66465
3.16534	4.65958
3.16341	4.8199
3.16148	4.80422
3.15956	4.7434
3.15763	4.68755
3.15571	4.68941
3.15379	4.70657
3.15187	4.6269
3.14996	4.5791
3.14805	4.67369
3.14614	4.77439
3.14423	4.75656
3.14232	4.68513
3.14042	4.66363
3.13852	4.70112
3.13662	4.74347
3.13472	4.76415
3.13283	4.65633
3.13094	4.55269
3.12905	4.52215
3.12716	4.59064
3.12528	4.58718
3.12339	4.50861
3.12151	4.5238
3.11964	4.52428
3.11776	4.4956
3.11589	4.46891
3.11401	4.51243
3.11214	4.50769
3.11028	4.42892
3.10841	4.45681
3.10655	4.46681
3.10469	4.36164
3.10283	4.42915
3.10098	4.41251
3.09912	4.4022
3.09727	4.43191
3.09542	4.39124
3.09358	4.34682
3.09173	4.44354
3.08989	4.46686
3.08805	4.46509
3.08621	4.52402
3.08437	4.54085
3.08254	4.52352
3.08071	4.53975
3.07888	4.5061
3.07705	4.50977
3.07523	4.47599
3.0734	4.46168
3.07158	4.44708
3.06977	4.36766
3.06795	4.29183
3.06613	4.35368
3.06432	4.39075
3.06251	4.32862
3.0607	4.40332
3.0589	4.49447
3.0571	4.46482
3.05529	4.39949
3.05349	4.32899
3.0517	4.37196
3.0499	4.46858
3.04811	4.46842
3.04632	4.40194
3.04453	4.35299
3.04274	4.34825
3.04096	4.38824
3.03918	4.45125
3.0374	4.4251
3.03562	4.32239
3.03384	4.22127
3.03207	4.34452
3.03029	4.42741
3.02852	4.37646
3.02676	4.36069
3.02499	4.39058
3.02323	4.47949
3.02146	4.47654
3.0197	4.3342
3.01795	4.33273
3.01619	4.37162
3.01444	4.4332
3.01269	4.46693
3.01094	4.36861
3.00919	4.2883
3.00744	4.28403
3.0057	4.43165
3.00396	4.52326
3.00222	4.45232
3.00048	4.39429
2.99875	4.39581
2.99701	4.42236
2.99528	4.4549
2.99355	4.47391
2.99183	4.52898
2.9901	4.56589
2.98838	4.54507
2.98666	4.47361
2.98494	4.39496
2.98322	4.36381
2.9815	4.40238
2.97979	4.46458
2.97808	4.46325
2.97637	4.51311
2.97466	4.55727
2.97295	4.44734
2.97125	4.44735
2.96955	4.46965
2.96785	4.47546
2.96615	4.42458
2.96446	4.38419
2.96276	4.32771
2.96107	4.34428
2.95938	4.43781
2.95769	4.52517
2.95601	4.51168
2.95432	4.49841
2.95264	4.65251
2.95096	4.66336
2.94928	4.48798
2.9476	4.31688
2.94593	4.42885
2.94425	4.71676
2.94258	4.84934
2.94092	4.6815
2.93925	4.56691
2.93758	4.73608
2.93592	4.90577
2.93426	4.73474
2.9326	4.59296
2.93094	4.56911
2.92928	4.68909
2.92763	4.80435
2.92598	4.7851
2.92433	4.76298
2.92268	4.89213
2.92103	4.98624
2.91939	5.07111
2.91775	5.23047
2.9161	5.21952
2.91447	5.03644
2.91283	4.96683
2.91119	4.94722
2.90956	5.01814
2.90793	4.98439
2.9063	5.06448
2.90467	5.12806
2.90304	5.09871
2.90142	5.154
2.89979	5.31141
2.89817	5.42521
2.89656	5.32803
2.89494	5.28196
2.89332	5.40198
2.89171	5.42299
2.8901	5.44809
2.88849	5.54408
2.88688	5.51293
2.88527	5.46607
2.88367	5.44845
2.88206	5.51241
2.88046	5.61685
2.87886	5.70928
2.87727	5.77683
2.87567	5.82855
2.87408	5.87099
2.87248	5.91534
2.87089	5.92844
2.8693	5.90675
2.86772	5.91091
2.86613	6.00901
2.86455	6.08174
2.86297	6.07703
2.86139	6.03163
2.85981	6.02933
2.85823	6.16397
2.85666	6.2448
2.85508	6.37724
2.85351	6.42514
2.85194	6.46678
2.85038	6.52679
2.84881	6.55485
2.84724	6.71801
2.84568	6.74273
2.84412	6.69653
2.84256	6.75115
2.841	6.87488
2.83945	6.88194
2.83789	6.84097
2.83634	6.92787
2.83479	6.91469
2.83324	6.88599
2.83169	6.93582
2.83015	7.06213
2.82861	7.1108
2.82706	7.08321
2.82552	7.13097
2.82398	7.2422
2.82245	7.38063
2.82091	7.43374
2.81938	7.52066
2.81784	7.81851
2.81631	7.94368
2.81479	7.9329
2.81326	7.90648
2.81173	7.9214
2.81021	8.01282
2.80869	8.14954
2.80716	8.09468
2.80565	8.03138
2.80413	8.12291
2.80261	8.14068
2.8011	8.07518
2.79959	8.18036
2.79808	8.28418
2.79657	8.48963
2.79506	8.67683
2.79355	8.82897
2.79205	9.02255
2.79055	9.25301
2.78904	9.43563
2.78754	9.68356
2.78605	9.92064
2.78455	10.0878
2.78306	10.3764
2.78156	10.5635
2.78007	10.7482
2.77858	11.0871
2.77709	11.3631
2.77561	11.7117
2.77412	12.0753
2.77264	12.3262
2.77116	12.7444
2.76968	13.0048
2.7682	13.122
2.76672	13.3979
2.76524	13.7501
2.76377	14.1583
2.7623	14.4477
2.76083	14.7267
2.75936	15.2331
2.75789	15.8339
2.75642	16.4869
2.75496	17.0616
2.7535	17.4324
2.75203	17.986
2.75057	18.4555
2.74912	18.9244
2.74766	19.4856
2.7462	19.9876
2.74475	20.4373
2.7433	20.9139
2.74185	21.5127
2.7404	22.1375
2.73895	22.6676
2.7375	23.1093
2.73606	23.4706
2.73462	23.8357
2.73318	24.2636
2.73174	24.6723
2.7303	25.1568
2.72886	25.6149
2.72742	26.0745
2.72599	26.8771
2.72456	27.607
2.72313	27.858
2.7217	28.3889
2.72027	29.0758
2.71884	29.2976
2.71742	29.5298
2.71599	29.777
2.71457	30.1947
2.71315	30.8289
2.71173	31.7418
2.71032	32.1337
2.7089	32.401
2.70748	32.7791
2.70607	33.2015
2.70466	33.6456
2.70325	34.0846
2.70184	34.6578
2.70043	35.0898
2.69903	35.4274
2.69762	35.9821
2.69622	36.5905
2.69482	37.1689
2.69342	37.5276
2.69202	37.5831
2.69062	37.7893
2.68923	38.1694
2.68783	38.7213
2.68644	39.2758
2.68505	39.5665
2.68366	39.8127
2.68227	40.0276
2.68089	40.4009
2.6795	40.9453
2.67812	41.1939
2.67673	41.5923
2.67535	41.7154
2.67397	41.6362
2.6726	41.8618
2.67122	42.6259
2.66984	42.9152
2.66847	42.7172
2.6671	43.1862
2.66572	43.4848
2.66435	43.4183
2.66299	43.1851
2.66162	43.3242
2.66025	43.5267
2.65889	43.4993
2.65753	43.5337
2.65616	43.7528
2.65481	43.7695
2.65345	44.0396
2.65209	44.22
2.65073	44.1234
2.64938	44.1167
2.64803	44.1779
2.64667	44.3907
2.64532	44.6131
2.64397	44.6847
2.64263	44.8336
2.64128	44.8198
2.63994	44.9127
2.63859	45.0834
2.63725	45.1866
2.63591	45.2308
2.63457	45.3488
2.63323	45.3585
2.6319	45.4218
2.63056	45.7158
2.62923	45.635
2.62789	45.627
2.62656	45.7984
2.62523	45.5226
2.6239	45.585
2.62258	45.6457
2.62125	45.8257
2.61993	45.8307
2.6186	45.6803
2.61728	46.0029
2.61596	45.925
2.61464	45.6013
2.61332	45.5524
2.61201	45.3273
2.61069	45.1504
2.60938	45.0686
2.60807	44.9639
2.60675	45.0029
2.60544	44.955
2.60414	44.5143
2.60283	44.129
2.60152	43.8021
2.60022	43.3918
2.59891	43.0209
2.59761	43.0402
2.59631	43.484
2.59501	43.9278
2.59371	43.1889
2.59242	42.3044
2.59112	41.7902
2.58983	41.3246
2.58853	40.7962
2.58724	40.3234
2.58595	39.6253
2.58466	38.9758
2.58338	38.0655
2.58209	36.9372
2.5808	35.7858
2.57952	34.5185
2.57824	33.4969
2.57695	32.3426
2.57567	30.92
2.5744	29.8303
2.57312	28.7222
2.57184	27.552
2.57057	26.6537
2.56929	25.8635
2.56802	25.0682
2.56675	24.3636
2.56548	23.9407
2.56421	23.7143
2.56294	23.4889
2.56168	23.2656
2.56041	22.8227
2.55915	22.478
2.55789	22.2549
2.55662	22.2026
2.55536	22.2948
2.5541	22.3672
2.55285	22.4205
2.55159	22.5061
2.55034	22.6265
2.54908	22.7609
2.54783	22.8834
2.54658	22.9888
2.54533	23.3242
2.54408	23.7053
2.54283	23.976
2.54159	24.303
2.54034	24.46
2.5391	24.6693
2.53785	24.9187
2.53661	25.2242
2.53537	25.483
2.53413	25.6783
2.53289	25.794
2.53166	25.9247
2.53042	26.0417
2.52919	26.2381
2.52795	26.5379
2.52672	26.6785
2.52549	26.745
2.52426	26.8212
2.52303	26.9128
2.52181	27.1599
2.52058	27.3706
2.51936	27.3908
2.51813	27.5353
2.51691	27.724
2.51569	27.6959
2.51447	27.722
2.51325	27.8487
2.51203	27.9414
2.51082	28.0522
2.5096	28.2247
2.50839	28.3462
2.50717	28.399
2.50596	28.4036
2.50475	28.5186
2.50354	28.7261
2.50233	28.9197
2.50113	29.0191
2.49992	28.9753
2.49872	29.0501
2.49751	29.2695
2.49631	29.4886
2.49511	29.7107
2.49391	29.9689
2.49271	30.176
2.49151	30.3583
2.49031	30.5204
2.48912	30.7745
2.48792	31.1451
2.48673	31.472
2.48554	31.6203
2.48435	31.7566
2.48316	32.0812
2.48197	32.5001
2.48078	32.8509
2.4796	33.1833
2.47841	33.481
2.47723	33.8216
2.47604	34.2602
2.47486	34.6237
2.47368	34.9329
2.4725	35.3215
2.47132	35.7732
2.47014	36.14
2.46897	36.5838
2.46779	37.0874
2.46662	37.4517
2.46545	37.6867
2.46427	38.0064
2.4631	38.4262
2.46193	38.8203
2.46077	39.099
2.4596	39.433
2.45843	39.7454
2.45727	39.9443
2.4561	40.1334
2.45494	40.4017
2.45378	40.6874
2.45262	41.0614
2.45146	41.3589
2.4503	41.6125
2.44914	41.857
2.44799	42.2252
2.44683	42.4601
2.44568	42.5219
2.44452	42.7006
2.44337	43.0219
2.44222	43.3512
2.44107	43.6383
2.43992	43.9876
2.43877	44.0836
2.43763	44.2023
2.43648	44.4412
2.43534	44.7447
2.43419	44.8278
2.43305	44.9887
2.43191	45.2335
2.43077	45.3255
2.42963	45.4571
2.42849	45.5607
2.42736	45.6665
2.42622	45.8996
2.42509	46.2061
2.42395	46.2835
2.42282	46.304
2.42169	46.476
2.42056	46.6541
2.41943	46.9572
2.4183	47.2859
2.41717	47.4174
2.41605	47.5106
2.41492	47.8136
2.4138	48.0853
2.41267	48.1964
2.41155	48.3299
2.41043	48.4203
2.40931	48.375
2.40819	48.3798
2.40707	48.4382
2.40595	48.403
2.40484	48.5387
2.40372	48.6575
2.40261	48.7258
2.4015	48.6906
2.40039	48.4655
2.39928	48.3418
2.39817	48.1806
2.39706	47.9328
2.39595	47.5839
2.39484	47.2811
2.39374	46.9392
2.39263	46.4439
2.39153	45.8611
2.39043	45.2967
2.38932	44.6325
2.38822	43.8861
2.38712	43.0722
2.38603	42.27
2.38493	41.561
2.38383	40.6128
2.38274	39.746
2.38164	39.0429
2.38055	38.4441
2.37946	37.9468
2.37836	37.4083
2.37727	36.8955
2.37618	36.5732
2.3751	36.2098
2.37401	36.0311
2.37292	35.9078
2.37184	35.6302
2.37075	35.4843
2.36967	35.4052
2.36859	35.2493
2.3675	35.1157
2.36642	35.141
2.36534	35.1613
2.36427	35.2682
2.36319	35.3142
2.36211	35.3213
2.36104	35.3117
2.35996	35.3488
2.35889	35.563
2.35781	35.7824
2.35674	35.8045
2.35567	35.8886
2.3546	36.0837
2.35353	36.1997
2.35247	36.4007
2.3514	36.7358
2.35033	36.8672
2.34927	36.8902
2.3482	37.078
2.34714	37.3757
2.34608	37.5151
2.34502	37.5181
2.34396	37.6484
2.3429	37.683
2.34184	37.7962
2.34078	37.9733
2.33973	38.0492
2.33867	38.2119
2.33762	38.2785
2.33656	38.3852
2.33551	38.3984
2.33446	38.4354
2.33341	38.5343
2.33236	38.4777
2.33131	38.4618
2.33026	38.6813
2.32922	38.9503
2.32817	39.0598
2.32712	39.0494
2.32608	39.084
2.32504	39.1723
2.324	39.2615
2.32295	39.2805
2.32191	39.5339
2.32087	39.9322
2.31984	40.0132
2.3188	40.0609
2.31776	40.2837
2.31673	40.464
2.31569	40.6738
2.31466	40.8535
2.31362	40.9144
2.31259	41.0344
2.31156	41.1221
2.31053	41.4776
2.3095	41.8036
2.30847	41.9228
2.30745	42.0561
2.30642	42.2053
2.3054	42.5816
2.30437	42.8819
2.30335	43.0343
2.30232	43.1457
2.3013	43.2864
2.30028	43.5665
2.29926	43.8477
2.29824	44.0792
2.29722	44.2704
2.29621	44.5351
2.29519	44.8802
2.29417	45.2745
2.29316	45.573
2.29215	45.879
2.29113	46.1426
2.29012	46.4097
2.28911	46.6318
2.2881	46.8851
2.28709	47.224
2.28608	47.4922
2.28507	47.6565
2.28407	47.7834
2.28306	48.0942
2.28206	48.3969
2.28105	48.5995
2.28005	48.8148
2.27905	49.1179
2.27805	49.4576
2.27705	49.6636
2.27605	49.79
2.27505	49.7847
2.27405	50.0811
2.27305	50.3646
2.27206	50.4196
2.27106	50.6452
2.27007	50.9231
2.26907	51.0821
2.26808	51.2384
2.26709	51.5587
2.2661	51.8372
2.26511	52.0179
2.26412	52.1854
2.26313	52.2769
2.26214	52.5078
2.26116	52.7966
2.26017	52.971
2.25919	53.1404
2.2582	53.3588
2.25722	53.6752
2.25624	53.8331
2.25526	53.9539
2.25428	54.114
2.2533	54.3151
2.25232	54.5386
2.25134	54.6597
2.25036	54.9635
2.24939	55.2173
2.24841	55.2638
2.24744	55.3316
2.24646	55.579
2.24549	55.8171
2.24452	55.9638
2.24355	56.1854
2.24257	56.339
2.24161	56.4412
2.24064	56.5408
2.23967	56.692
2.2387	56.7989
2.23774	57.0355
2.23677	57.3254
2.23581	57.419
2.23484	57.6027
2.23388	57.8689
2.23292	57.8862
2.23196	57.9936
2.231	58.1654
2.23004	58.163
2.22908	58.2899
2.22812	58.5792
2.22716	58.7515
2.22621	58.8287
2.22525	58.882
2.2243	58.8589
2.22334	58.9316
2.22239	59.201
2.22144	59.5417
2.22049	59.7262
2.21953	59.7733
2.21859	59.8942
2.21764	59.9893
2.21669	60.0756
2.21574	60.1329
2.21479	60.1891
2.21385	60.2804
2.2129	60.3752
2.21196	60.4879
2.21102	60.6273
2.21007	60.7523
2.20913	60.7644
2.20819	60.7215
2.20725	60.8051
2.20631	60.7585
2.20537	60.6982
2.20444	60.8167
2.2035	61.0252
2.20256	61.1844
2.20163	61.1243
2.20069	61.1747
2.19976	61.3867
2.19883	61.3894
2.19789	61.3744
2.19696	61.4281
2.19603	61.3794
2.1951	61.3669
2.19417	61.3833
2.19325	61.4763
2.19232	61.4834
2.19139	61.5874
2.19047	61.6165
2.18954	61.5588
2.18862	61.5
2.18769	61.5805
2.18677	61.5351
2.18585	61.6358
2.18493	61.7499
2.18401	61.8674
2.18309	61.8471
2.18217	61.7328
2.18125	61.6782
2.18033	61.6276
2.17942	61.5881
2.1785	61.5031
2.17759	61.4028
2.17667	61.2687
2.17576	61.1447
2.17485	61.1141
2.17393	61.0947
2.17302	61.0472
2.17211	61.0488
2.1712	61.0981
2.17029	60.9899
2.16939	60.9557
2.16848	60.9962
2.16757	60.8664
2.16667	60.6725
2.16576	60.7191
2.16486	60.8612
2.16395	60.8844
2.16305	60.7832
2.16215	60.7234
2.16125	60.8255
2.16035	61.0316
2.15945	61.1048
2.15855	61.0296
2.15765	61.0162
2.15675	60.9179
2.15586	60.8541
2.15496	60.9108
2.15406	60.9852
2.15317	61.0808
2.15228	61.1632
2.15138	61.1959
2.15049	61.2208
2.1496	61.2009
2.14871	61.4065
2.14782	61.516
2.14693	61.5155
2.14604	61.5467
2.14515	61.6264
2.14427	61.6156
2.14338	61.8264
2.14249	61.9773
2.14161	61.9909
2.14072	62.085
2.13984	62.0948
2.13896	62.1416
2.13808	62.2603
2.13719	62.1434
2.13631	62.0627
2.13543	62.2445
2.13455	62.3633
2.13368	62.4228
2.1328	62.5331
2.13192	62.5003
2.13105	62.4041
2.13017	62.2855
2.1293	62.4215
2.12842	62.5195
2.12755	62.5127
2.12668	62.4486
2.1258	62.4623
2.12493	62.5293
2.12406	62.406
2.12319	62.3602
2.12232	62.3402
2.12145	62.3443
2.12059	62.4801
2.11972	62.5287
2.11885	62.5236
2.11799	62.6138
2.11712	62.636
2.11626	62.6504
2.1154	62.555
2.11453	62.5776
2.11367	62.4689
2.11281	62.3892
2.11195	62.3459
2.11109	62.2433
2.11023	62.3785
2.10937	62.459
2.10851	62.4108
2.10766	62.2363
2.1068	62.2757
2.10594	62.547
2.10509	62.6616
2.10423	62.6431
2.10338	62.6693
2.10253	62.6919
2.10168	62.8041
2.10082	62.7935
2.09997	62.6119
2.09912	62.5355
2.09827	62.4833
2.09742	62.439
2.09658	62.4606
2.09573	62.4682
2.09488	62.5435
2.09404	62.5218
2.09319	62.5523
2.09235	62.7489
2.0915	62.7522
2.09066	62.6895
2.08982	62.4972
2.08897	62.3499
2.08813	62.4333
2.08729	62.5558
2.08645	62.4934
2.08561	62.4461
2.08477	62.4245
2.08394	62.3813
2.0831	62.4296
2.08226	62.5456
2.08143	62.4687
2.08059	62.4053
2.07976	62.482
2.07892	62.4368
2.07809	62.4574
2.07726	62.4049
2.07643	62.2014
2.07559	62.0553
2.07476	62.0586
2.07393	62.2514
2.0731	62.4464
2.07228	62.4672
2.07145	62.4235
2.07062	62.291
2.06979	62.2136
2.06897	62.2193
2.06814	62.228
2.06732	62.2648
2.06649	62.1997
2.06567	62.2017
2.06485	62.2235
2.06403	62.362
2.0632	62.3452
2.06238	62.2763
2.06156	62.3091
2.06074	62.2272
2.05993	62.1721
2.05911	62.2848
2.05829	62.2174
2.05747	62.033
2.05666	62.0574
2.05584	62.0497
2.05503	61.9926
2.05421	61.9931
2.0534	61.9961
2.05259	62.1803
2.05177	62.4017
2.05096	62.2848
2.05015	62.0928
2.04934	61.9477
2.04853	61.9678
2.04772	61.9719
2.04691	61.8492
2.04611	61.893
2.0453	61.9071
2.04449	61.8061
2.04369	61.8295
2.04288	61.8649
2.04208	61.762
2.04127	61.8212
2.04047	61.9809
2.03967	61.9246
2.03886	61.9091
2.03806	61.9983
2.03726	62.0336
2.03646	61.9026
2.03566	61.6825
2.03486	61.5853
2.03407	61.5456
2.03327	61.5912
2.03247	61.6674
2.03167	61.5601
2.03088	61.3949
2.03008	61.2336
2.02929	61.272
2.0285	61.4266
2.0277	61.3951
2.02691	61.3464
2.02612	61.3811
2.02533	61.2745
2.02453	61.1365
2.02374	60.9196
2.02295	60.8833
2.02217	60.9538
2.02138	60.846
2.02059	60.7331
2.0198	60.7872
2.01902	60.6772
2.01823	60.4596
2.01744	60.2792
2.01666	60.1694
2.01588	60.072
2.01509	59.8801
2.01431	59.8888
2.01353	59.8357
2.01275	59.4809
2.01196	59.3693
2.01118	59.6057
2.0104	59.5672
2.00963	59.5702
2.00885	59.4665
2.00807	59.4516
2.00729	59.6378
2.00651	59.6967
2.00574	59.5411
2.00496	59.5097
2.00419	59.5764
2.00341	59.6997
2.00264	59.7922
2.00187	59.7834
2.00109	59.7544
2.00032	59.8682
