Name:  Olivenza
Type:  Stony Meteorites
Class:  Ordinary Chondrite
Subclass:  LL6
Particle Size:  0-75 micrometers
Sample No.:  Olivenza
Owner:  JHU
Wavelength range:  IR
Origin:  Meteorite seen to fall in 1924.  Smithsonian sample No. USNM 5955.

Description:  None.





Measurement:  Bidirectional reflectance
First Column:  X
Second Column:  Y
X Units:  Wavelength (micrometers)
Y Units:  Reflectance (percent)
First X Value:  25.044
Last X Value:  2.0795
Number of X Values:  2286
Additional information:  None

25.044	1.0967
24.924	1.1072
24.805	1.1084
24.686	1.0994
24.569	1.0803
24.454	1.0510
24.339	1.0139
24.225	0.97190
24.112	0.92970
24.001	0.89280
23.890	0.86550
23.781	0.85080
23.672	0.84740
23.564	0.85160
23.458	0.85790
23.352	0.86030
23.247	0.85500
23.144	0.84060
23.041	0.81810
22.939	0.78980
22.838	0.75880
22.738	0.72730
22.638	0.69730
22.540	0.66990
22.442	0.64670
22.345	0.62870
22.250	0.61570
22.154	0.60820
22.060	0.60500
21.967	0.60450
21.874	0.60600
21.782	0.60840
21.691	0.61160
21.601	0.61520
21.511	0.62010
21.422	0.62620
21.334	0.63430
21.247	0.64480
21.160	0.65820
21.074	0.67530
20.988	0.69580
20.904	0.71850
20.820	0.74190
20.737	0.76510
20.654	0.78640
20.572	0.80540
20.491	0.82280
20.410	0.83890
20.330	0.85420
20.251	0.86940
20.172	0.88380
20.094	0.89770
20.016	0.91040
19.939	0.92210
19.863	0.93290
19.787	0.94260
19.712	0.95170
19.637	0.95970
19.563	0.96700
19.489	0.97290
19.416	0.97630
19.344	0.97630
19.272	0.97170
19.201	0.96190
19.130	0.94730
19.059	0.92940
18.990	0.91110
18.920	0.89600
18.851	0.88720
18.783	0.88600
18.715	0.89230
18.648	0.90410
18.581	0.91750
18.515	0.92850
18.449	0.93360
18.384	0.93140
18.319	0.92210
18.254	0.90800
18.190	0.89110
18.126	0.87450
18.063	0.85990
18.001	0.84720
17.938	0.83620
17.876	0.82570
17.815	0.81540
17.754	0.80540
17.693	0.79590
17.633	0.78780
17.573	0.78170
17.514	0.77710
17.455	0.77320
17.396	0.76930
17.338	0.76440
17.280	0.75830
17.223	0.75050
17.166	0.74170
17.109	0.73240
17.053	0.72310
16.997	0.71410
16.942	0.70650
16.886	0.70070
16.832	0.69750
16.777	0.69730
16.723	0.69990
16.669	0.70460
16.616	0.71020
16.563	0.71680
16.510	0.72340
16.458	0.72970
16.406	0.73560
16.354	0.74100
16.302	0.74490
16.251	0.74730
16.200	0.74760
16.150	0.74580
16.100	0.74240
16.050	0.73780
16.000	0.73190
15.951	0.72490
15.902	0.71630
15.854	0.70530
15.805	0.69260
15.757	0.67820
15.710	0.66310
15.662	0.64920
15.615	0.63700
15.568	0.62740
15.521	0.62060
15.475	0.61650
15.429	0.61470
15.383	0.61620
15.338	0.62180
15.292	0.63280
15.248	0.64970
15.203	0.67280
15.158	0.70090
15.114	0.73170
15.070	0.76320
15.027	0.79220
14.983	0.81710
14.940	0.83720
14.897	0.85180
14.854	0.86230
14.812	0.87040
14.770	0.87840
14.728	0.88870
14.686	0.90280
14.645	0.92240
14.603	0.94750
14.562	0.97680
14.521	1.0088
14.481	1.0410
14.441	1.0713
14.400	1.0981
14.361	1.1211
14.321	1.1404
14.281	1.1565
14.242	1.1707
14.203	1.1826
14.164	1.1921
14.126	1.1982
14.087	1.2004
14.049	1.1978
14.011	1.1912
13.973	1.1811
13.936	1.1702
13.899	1.1594
13.861	1.1514
13.824	1.1470
13.788	1.1475
13.751	1.1531
13.715	1.1638
13.679	1.1787
13.643	1.1970
13.607	1.2173
13.571	1.2388
13.536	1.2607
13.500	1.2834
13.465	1.3069
13.430	1.3323
13.396	1.3591
13.361	1.3874
13.327	1.4160
13.293	1.4436
13.259	1.4687
13.225	1.4902
13.191	1.5078
13.158	1.5210
13.124	1.5305
13.091	1.5371
13.058	1.5413
13.026	1.5442
12.993	1.5471
12.960	1.5503
12.928	1.5540
12.896	1.5576
12.864	1.5603
12.832	1.5613
12.800	1.5601
12.769	1.5566
12.737	1.5515
12.706	1.5452
12.675	1.5386
12.644	1.5317
12.614	1.5247
12.583	1.5168
12.552	1.5083
12.522	1.4993
12.492	1.4905
12.462	1.4822
12.432	1.4744
12.402	1.4665
12.373	1.4568
12.343	1.4431
12.314	1.4241
12.285	1.3982
12.256	1.3652
12.227	1.3259
12.198	1.2817
12.169	1.2344
12.141	1.1851
12.113	1.1355
12.084	1.0867
12.056	1.0398
12.028	0.99610
12.000	0.95730
11.973	0.92550
11.945	0.90230
11.918	0.88840
11.890	0.88310
11.863	0.88530
11.836	0.89260
11.809	0.90210
11.782	0.91240
11.755	0.92210
11.729	0.93160
11.702	0.94120
11.676	0.95290
11.650	0.96780
11.624	0.98710
11.598	1.0107
11.572	1.0388
11.546	1.0696
11.520	1.1020
11.495	1.1343
11.469	1.1650
11.444	1.1936
11.419	1.2195
11.394	1.2419
11.369	1.2612
11.344	1.2769
11.319	1.2886
11.294	1.2959
11.270	1.2993
11.245	1.2986
11.221	1.2942
11.197	1.2876
11.173	1.2798
11.149	1.2715
11.125	1.2639
11.101	1.2573
11.077	1.2522
11.054	1.2483
11.030	1.2461
11.007	1.2456
10.983	1.2471
10.960	1.2502
10.937	1.2549
10.914	1.2605
10.891	1.2664
10.868	1.2722
10.846	1.2776
10.823	1.2825
10.800	1.2864
10.778	1.2893
10.755	1.2908
10.733	1.2903
10.711	1.2866
10.689	1.2788
10.667	1.2656
10.645	1.2463
10.623	1.2207
10.602	1.1899
10.580	1.1555
10.558	1.1201
10.537	1.0864
10.516	1.0564
10.494	1.0315
10.473	1.0115
10.452	0.99630
10.431	0.98460
10.410	0.97560
10.389	0.96900
10.368	0.96440
10.348	0.96260
10.327	0.96360
10.306	0.96680
10.286	0.97140
10.266	0.97580
10.245	0.97880
10.225	0.97880
10.205	0.97530
10.185	0.96870
10.165	0.95970
10.145	0.94990
10.125	0.94020
10.106	0.93190
10.086	0.92550
10.066	0.92140
10.047	0.91920
10.027	0.91890
10.008	0.91990
9.9887	0.92210
9.9695	0.92460
9.9504	0.92750
9.9313	0.93020
9.9123	0.93260
9.8934	0.93480
9.8746	0.93700
9.8558	0.93970
9.8371	0.94340
9.8185	0.94800
9.7999	0.95410
9.7814	0.96170
9.7630	0.97000
9.7447	0.97880
9.7264	0.98750
9.7082	0.99630
9.6900	1.0049
9.6719	1.0127
9.6539	1.0200
9.6360	1.0264
9.6181	1.0317
9.6003	1.0359
9.5825	1.0388
9.5649	1.0408
9.5472	1.0417
9.5297	1.0415
9.5122	1.0403
9.4948	1.0378
9.4774	1.0337
9.4601	1.0276
9.4429	1.0193
9.4257	1.0093
9.4086	0.99760
9.3916	0.98460
9.3746	0.97070
9.3577	0.95610
9.3408	0.94140
9.3240	0.92720
9.3073	0.91360
9.2906	0.90090
9.2740	0.88990
9.2574	0.88060
9.2409	0.87350
9.2245	0.86840
9.2081	0.86500
9.1918	0.86330
9.1755	0.86230
9.1593	0.86160
9.1431	0.86080
9.1270	0.85990
9.1110	0.85860
9.0950	0.85690
9.0791	0.85550
9.0632	0.85420
9.0474	0.85300
9.0316	0.85160
9.0159	0.84940
9.0003	0.84640
8.9847	0.84300
8.9691	0.83960
8.9536	0.83640
8.9382	0.83450
8.9228	0.83350
8.9075	0.83370
8.8922	0.83450
8.8770	0.83500
8.8618	0.83500
8.8467	0.83450
8.8316	0.83320
8.8166	0.83250
8.8016	0.83280
8.7867	0.83450
8.7718	0.83760
8.7570	0.84180
8.7422	0.84640
8.7275	0.85080
8.7129	0.85450
8.6982	0.85770
8.6837	0.86010
8.6692	0.86300
8.6547	0.86690
8.6403	0.87230
8.6259	0.87910
8.6116	0.88790
8.5973	0.89840
8.5830	0.91040
8.5688	0.92380
8.5547	0.93870
8.5406	0.95480
8.5266	0.97240
8.5126	0.99170
8.4986	1.0124
8.4847	1.0347
8.4708	1.0583
8.4570	1.0835
8.4432	1.1099
8.4295	1.1377
8.4158	1.1675
8.4022	1.1997
8.3886	1.2349
8.3750	1.2732
8.3615	1.3152
8.3481	1.3603
8.3347	1.4087
8.3213	1.4595
8.3079	1.5117
8.2946	1.5644
8.2814	1.6172
8.2682	1.6694
8.2550	1.7202
8.2419	1.7695
8.2288	1.8174
8.2158	1.8635
8.2028	1.9080
8.1898	1.9504
8.1769	1.9914
8.1640	2.0308
8.1512	2.0684
8.1384	2.1042
8.1256	2.1392
8.1129	2.1731
8.1002	2.2063
8.0876	2.2395
8.0750	2.2725
8.0624	2.3054
8.0499	2.3381
8.0374	2.3706
8.0250	2.4026
8.0126	2.4333
8.0002	2.4631
7.9879	2.4910
7.9756	2.5171
7.9634	2.5415
7.9512	2.5647
7.9390	2.5872
7.9268	2.6094
7.9147	2.6321
7.9027	2.6555
7.8906	2.6797
7.8786	2.7041
7.8667	2.7283
7.8548	2.7519
7.8429	2.7751
7.8310	2.7978
7.8192	2.8198
7.8075	2.8415
7.7957	2.8628
7.7840	2.8840
7.7723	2.9048
7.7607	2.9250
7.7491	2.9446
7.7375	2.9639
7.7260	2.9822
7.7145	2.9993
7.7031	3.0154
7.6916	3.0303
7.6802	3.0437
7.6689	3.0561
7.6575	3.0681
7.6462	3.0801
7.6350	3.0925
7.6238	3.1055
7.6126	3.1194
7.6014	3.1345
7.5903	3.1506
7.5792	3.1677
7.5681	3.1860
7.5571	3.2053
7.5461	3.2256
7.5351	3.2468
7.5242	3.2688
7.5133	3.2910
7.5024	3.3135
7.4916	3.3357
7.4807	3.3577
7.4700	3.3787
7.4592	3.3989
7.4485	3.4187
7.4378	3.4382
7.4272	3.4578
7.4165	3.4775
7.4059	3.4971
7.3954	3.5161
7.3848	3.5339
7.3743	3.5498
7.3639	3.5632
7.3534	3.5745
7.3430	3.5840
7.3326	3.5928
7.3223	3.6018
7.3119	3.6113
7.3016	3.6221
7.2914	3.6338
7.2811	3.6465
7.2709	3.6597
7.2607	3.6731
7.2506	3.6875
7.2404	3.7029
7.2303	3.7197
7.2203	3.7375
7.2102	3.7563
7.2002	3.7754
7.1902	3.7934
7.1803	3.8096
7.1703	3.8225
7.1604	3.8323
7.1506	3.8391
7.1407	3.8452
7.1309	3.8520
7.1211	3.8621
7.1113	3.8769
7.1016	3.8970
7.0919	3.9209
7.0822	3.9470
7.0725	3.9731
7.0629	3.9973
7.0533	4.0188
7.0437	4.0378
7.0341	4.0549
7.0246	4.0710
7.0151	4.0867
7.0056	4.1023
6.9962	4.1174
6.9867	4.1318
6.9773	4.1453
6.9679	4.1572
6.9586	4.1682
6.9493	4.1782
6.9400	4.1875
6.9307	4.1958
6.9214	4.2038
6.9122	4.2114
6.9030	4.2190
6.8938	4.2270
6.8847	4.2361
6.8755	4.2463
6.8664	4.2580
6.8573	4.2712
6.8483	4.2859
6.8393	4.3017
6.8302	4.3186
6.8213	4.3367
6.8123	4.3555
6.8034	4.3750
6.7944	4.3953
6.7855	4.4153
6.7767	4.4346
6.7678	4.4519
6.7590	4.4663
6.7502	4.4778
6.7414	4.4858
6.7327	4.4914
6.7239	4.4946
6.7152	4.4968
6.7065	4.4983
6.6979	4.4993
6.6892	4.4995
6.6806	4.4988
6.6720	4.4966
6.6634	4.4927
6.6549	4.4873
6.6464	4.4807
6.6378	4.4741
6.6294	4.4678
6.6209	4.4624
6.6124	4.4578
6.6040	4.4541
6.5956	4.4514
6.5872	4.4492
6.5789	4.4473
6.5705	4.4458
6.5622	4.4441
6.5539	4.4421
6.5456	4.4392
6.5374	4.4350
6.5292	4.4292
6.5209	4.4219
6.5128	4.4131
6.5046	4.4033
6.4964	4.3931
6.4883	4.3823
6.4802	4.3716
6.4721	4.3606
6.4640	4.3489
6.4560	4.3362
6.4480	4.3223
6.4399	4.3071
6.4320	4.2910
6.4240	4.2739
6.4160	4.2563
6.4081	4.2385
6.4002	4.2200
6.3923	4.2012
6.3844	4.1816
6.3766	4.1614
6.3687	4.1401
6.3609	4.1184
6.3531	4.0959
6.3454	4.0735
6.3376	4.0505
6.3299	4.0281
6.3221	4.0056
6.3144	3.9839
6.3068	3.9631
6.2991	3.9443
6.2914	3.9282
6.2838	3.9148
6.2762	3.9045
6.2686	3.8977
6.2611	3.8938
6.2535	3.8931
6.2460	3.8945
6.2385	3.8984
6.2310	3.9043
6.2235	3.9111
6.2160	3.9192
6.2086	3.9282
6.2011	3.9377
6.1937	3.9485
6.1863	3.9600
6.1790	3.9729
6.1716	3.9868
6.1643	4.0019
6.1570	4.0173
6.1496	4.0325
6.1424	4.0464
6.1351	4.0583
6.1278	4.0671
6.1206	4.0725
6.1134	4.0737
6.1062	4.0703
6.0990	4.0625
6.0918	4.0503
6.0847	4.0337
6.0776	4.0141
6.0704	3.9922
6.0633	3.9702
6.0563	3.9497
6.0492	3.9324
6.0421	3.9202
6.0351	3.9136
6.0281	3.9131
6.0211	3.9180
6.0141	3.9275
6.0071	3.9409
6.0002	3.9573
5.9932	3.9758
5.9863	3.9956
5.9794	4.0161
5.9725	4.0366
5.9657	4.0569
5.9588	4.0764
5.9520	4.0959
5.9451	4.1152
5.9383	4.1348
5.9315	4.1548
5.9247	4.1750
5.9180	4.1953
5.9112	4.2151
5.9045	4.2339
5.8978	4.2517
5.8911	4.2685
5.8844	4.2847
5.8777	4.2998
5.8711	4.3142
5.8644	4.3276
5.8578	4.3398
5.8512	4.3506
5.8446	4.3608
5.8380	4.3701
5.8314	4.3794
5.8249	4.3889
5.8184	4.3982
5.8118	4.4075
5.8053	4.4155
5.7988	4.4219
5.7923	4.4255
5.7859	4.4260
5.7794	4.4228
5.7730	4.4160
5.7666	4.4058
5.7602	4.3923
5.7538	4.3757
5.7474	4.3564
5.7410	4.3345
5.7347	4.3100
5.7283	4.2837
5.7220	4.2558
5.7157	4.2273
5.7094	4.1990
5.7031	4.1714
5.6969	4.1455
5.6906	4.1216
5.6844	4.1006
5.6782	4.0832
5.6719	4.0698
5.6657	4.0615
5.6596	4.0583
5.6534	4.0610
5.6472	4.0698
5.6411	4.0842
5.6349	4.1040
5.6288	4.1282
5.6227	4.1558
5.6166	4.1858
5.6106	4.2173
5.6045	4.2493
5.5984	4.2810
5.5924	4.3115
5.5864	4.3406
5.5804	4.3674
5.5744	4.3918
5.5684	4.4138
5.5624	4.4331
5.5564	4.4495
5.5505	4.4631
5.5445	4.4739
5.5386	4.4822
5.5327	4.4880
5.5268	4.4922
5.5209	4.4953
5.5151	4.4975
5.5092	4.4997
5.5033	4.5022
5.4975	4.5051
5.4917	4.5090
5.4859	4.5139
5.4801	4.5205
5.4743	4.5283
5.4685	4.5383
5.4628	4.5498
5.4570	4.5630
5.4513	4.5774
5.4455	4.5932
5.4398	4.6099
5.4341	4.6272
5.4284	4.6448
5.4228	4.6626
5.4171	4.6804
5.4114	4.6982
5.4058	4.7156
5.4002	4.7324
5.3945	4.7488
5.3889	4.7644
5.3833	4.7788
5.3778	4.7925
5.3722	4.8047
5.3666	4.8157
5.3611	4.8252
5.3555	4.8337
5.3500	4.8413
5.3445	4.8479
5.3390	4.8533
5.3335	4.8577
5.3280	4.8608
5.3225	4.8628
5.3171	4.8638
5.3116	4.8638
5.3062	4.8633
5.3008	4.8625
5.2954	4.8616
5.2900	4.8611
5.2846	4.8608
5.2792	4.8611
5.2738	4.8625
5.2684	4.8652
5.2631	4.8694
5.2578	4.8747
5.2524	4.8816
5.2471	4.8891
5.2418	4.8970
5.2365	4.9048
5.2312	4.9126
5.2260	4.9197
5.2207	4.9265
5.2154	4.9328
5.2102	4.9394
5.2050	4.9458
5.1998	4.9521
5.1945	4.9590
5.1893	4.9661
5.1842	4.9736
5.1790	4.9819
5.1738	4.9910
5.1686	5.0010
5.1635	5.0120
5.1584	5.0239
5.1532	5.0366
5.1481	5.0498
5.1430	5.0635
5.1379	5.0774
5.1328	5.0915
5.1277	5.1055
5.1227	5.1189
5.1176	5.1316
5.1126	5.1435
5.1075	5.1543
5.1025	5.1640
5.0975	5.1731
5.0925	5.1816
5.0875	5.1897
5.0825	5.1977
5.0775	5.2063
5.0726	5.2153
5.0676	5.2246
5.0627	5.2344
5.0577	5.2444
5.0528	5.2539
5.0479	5.2632
5.0430	5.2717
5.0380	5.2790
5.0332	5.2856
5.0283	5.2912
5.0234	5.2961
5.0185	5.3008
5.0137	5.3052
5.0088	5.3096
5.0040	5.3147
4.9992	5.3210
4.9944	5.3288
4.9896	5.3386
4.9848	5.3508
4.9800	5.3652
4.9752	5.3816
4.9704	5.3994
4.9657	5.4180
4.9609	5.4372
4.9562	5.4570
4.9514	5.4770
4.9467	5.4975
4.9420	5.5185
4.9373	5.5400
4.9326	5.5618
4.9279	5.5830
4.9232	5.6040
4.9186	5.6240
4.9139	5.6433
4.9092	5.6616
4.9046	5.6792
4.9000	5.6960
4.8953	5.7119
4.8907	5.7268
4.8861	5.7402
4.8815	5.7524
4.8769	5.7639
4.8723	5.7744
4.8678	5.7847
4.8632	5.7949
4.8586	5.8056
4.8541	5.8164
4.8495	5.8271
4.8450	5.8376
4.8405	5.8479
4.8360	5.8577
4.8315	5.8669
4.8270	5.8764
4.8225	5.8862
4.8180	5.8962
4.8135	5.9065
4.8090	5.9172
4.8046	5.9277
4.8001	5.9382
4.7957	5.9480
4.7913	5.9575
4.7868	5.9668
4.7824	5.9758
4.7780	5.9848
4.7736	5.9934
4.7692	6.0019
4.7648	6.0098
4.7605	6.0171
4.7561	6.0239
4.7517	6.0300
4.7474	6.0356
4.7431	6.0410
4.7387	6.0461
4.7344	6.0510
4.7301	6.0564
4.7258	6.0618
4.7215	6.0676
4.7172	6.0742
4.7129	6.0808
4.7086	6.0879
4.7043	6.0950
4.7000	6.1020
4.6958	6.1089
4.6915	6.1160
4.6873	6.1233
4.6831	6.1308
4.6788	6.1387
4.6746	6.1470
4.6704	6.1550
4.6662	6.1633
4.6620	6.1716
4.6578	6.1799
4.6536	6.1885
4.6495	6.1972
4.6453	6.2068
4.6411	6.2165
4.6370	6.2265
4.6328	6.2368
4.6287	6.2468
4.6246	6.2563
4.6205	6.2654
4.6163	6.2742
4.6122	6.2825
4.6081	6.2905
4.6040	6.2983
4.6000	6.3056
4.5959	6.3127
4.5918	6.3196
4.5877	6.3257
4.5837	6.3315
4.5796	6.3374
4.5756	6.3430
4.5716	6.3486
4.5675	6.3545
4.5635	6.3603
4.5595	6.3662
4.5555	6.3721
4.5515	6.3779
4.5475	6.3838
4.5435	6.3896
4.5395	6.3957
4.5356	6.4018
4.5316	6.4077
4.5276	6.4131
4.5237	6.4177
4.5197	6.4219
4.5158	6.4255
4.5119	6.4292
4.5080	6.4333
4.5040	6.4377
4.5001	6.4431
4.4962	6.4487
4.4923	6.4543
4.4884	6.4602
4.4846	6.4658
4.4807	6.4712
4.4768	6.4763
4.4730	6.4814
4.4691	6.4866
4.4652	6.4914
4.4614	6.4966
4.4576	6.5012
4.4537	6.5058
4.4499	6.5107
4.4461	6.5154
4.4423	6.5205
4.4385	6.5259
4.4347	6.5312
4.4309	6.5368
4.4271	6.5422
4.4233	6.5471
4.4196	6.5517
4.4158	6.5559
4.4120	6.5596
4.4083	6.5630
4.4045	6.5664
4.4008	6.5698
4.3971	6.5732
4.3934	6.5769
4.3896	6.5810
4.3859	6.5849
4.3822	6.5891
4.3785	6.5932
4.3748	6.5974
4.3711	6.6013
4.3674	6.6050
4.3638	6.6086
4.3601	6.6125
4.3564	6.6162
4.3528	6.6199
4.3491	6.6235
4.3455	6.6269
4.3418	6.6304
4.3382	6.6333
4.3346	6.6360
4.3310	6.6382
4.3273	6.6401
4.3237	6.6418
4.3201	6.6430
4.3165	6.6445
4.3129	6.6460
4.3094	6.6479
4.3058	6.6506
4.3022	6.6540
4.2986	6.6582
4.2951	6.6623
4.2915	6.6667
4.2880	6.6709
4.2844	6.6748
4.2809	6.6780
4.2774	6.6811
4.2738	6.6841
4.2703	6.6868
4.2668	6.6897
4.2633	6.6926
4.2598	6.6953
4.2563	6.6982
4.2528	6.7012
4.2493	6.7041
4.2458	6.7073
4.2424	6.7104
4.2389	6.7139
4.2354	6.7175
4.2320	6.7212
4.2285	6.7246
4.2251	6.7280
4.2216	6.7307
4.2182	6.7331
4.2148	6.7351
4.2113	6.7370
4.2079	6.7390
4.2045	6.7412
4.2011	6.7436
4.1977	6.7461
4.1943	6.7485
4.1909	6.7507
4.1875	6.7527
4.1841	6.7544
4.1808	6.7561
4.1774	6.7576
4.1740	6.7590
4.1707	6.7605
4.1673	6.7619
4.1640	6.7632
4.1606	6.7641
4.1573	6.7651
4.1540	6.7656
4.1506	6.7663
4.1473	6.7668
4.1440	6.7673
4.1407	6.7678
4.1374	6.7680
4.1341	6.7685
4.1308	6.7688
4.1275	6.7690
4.1242	6.7698
4.1209	6.7707
4.1177	6.7724
4.1144	6.7744
4.1111	6.7766
4.1079	6.7788
4.1046	6.7805
4.1014	6.7820
4.0981	6.7827
4.0949	6.7832
4.0917	6.7837
4.0884	6.7842
4.0852	6.7847
4.0820	6.7856
4.0788	6.7866
4.0756	6.7878
4.0724	6.7888
4.0692	6.7895
4.0660	6.7903
4.0628	6.7910
4.0596	6.7920
4.0565	6.7934
4.0533	6.7949
4.0501	6.7964
4.0470	6.7978
4.0438	6.7988
4.0406	6.7995
4.0375	6.7998
4.0344	6.8003
4.0312	6.8008
4.0281	6.8017
4.0250	6.8025
4.0218	6.8034
4.0187	6.8039
4.0156	6.8042
4.0125	6.8039
4.0094	6.8032
4.0063	6.8030
4.0032	6.8027
4.0001	6.8032
3.9970	6.8042
3.9940	6.8056
3.9909	6.8069
3.9878	6.8081
3.9847	6.8088
3.9817	6.8096
3.9786	6.8098
3.9756	6.8100
3.9725	6.8100
3.9695	6.8105
3.9665	6.8110
3.9634	6.8120
3.9604	6.8135
3.9574	6.8152
3.9544	6.8169
3.9513	6.8186
3.9483	6.8201
3.9453	6.8208
3.9423	6.8213
3.9393	6.8218
3.9363	6.8222
3.9333	6.8230
3.9304	6.8244
3.9274	6.8264
3.9244	6.8286
3.9214	6.8308
3.9185	6.8327
3.9155	6.8342
3.9126	6.8354
3.9096	6.8359
3.9067	6.8362
3.9037	6.8364
3.9008	6.8364
3.8979	6.8367
3.8949	6.8371
3.8920	6.8379
3.8891	6.8388
3.8862	6.8398
3.8833	6.8406
3.8804	6.8410
3.8775	6.8410
3.8746	6.8410
3.8717	6.8408
3.8688	6.8410
3.8659	6.8418
3.8630	6.8425
3.8601	6.8437
3.8573	6.8447
3.8544	6.8457
3.8515	6.8462
3.8487	6.8464
3.8458	6.8467
3.8430	6.8464
3.8401	6.8464
3.8373	6.8462
3.8344	6.8462
3.8316	6.8462
3.8288	6.8462
3.8259	6.8462
3.8231	6.8462
3.8203	6.8462
3.8175	6.8459
3.8147	6.8459
3.8119	6.8454
3.8091	6.8450
3.8063	6.8442
3.8035	6.8432
3.8007	6.8428
3.7979	6.8425
3.7951	6.8432
3.7924	6.8445
3.7896	6.8459
3.7868	6.8476
3.7841	6.8489
3.7813	6.8491
3.7785	6.8486
3.7758	6.8476
3.7730	6.8462
3.7703	6.8450
3.7676	6.8442
3.7648	6.8437
3.7621	6.8440
3.7594	6.8440
3.7566	6.8442
3.7539	6.8437
3.7512	6.8430
3.7485	6.8418
3.7458	6.8403
3.7431	6.8388
3.7404	6.8376
3.7377	6.8371
3.7350	6.8369
3.7323	6.8374
3.7296	6.8376
3.7269	6.8379
3.7242	6.8374
3.7216	6.8362
3.7189	6.8342
3.7162	6.8318
3.7136	6.8291
3.7109	6.8269
3.7083	6.8249
3.7056	6.8237
3.7030	6.8230
3.7003	6.8220
3.6977	6.8205
3.6950	6.8188
3.6924	6.8164
3.6898	6.8137
3.6872	6.8110
3.6845	6.8086
3.6819	6.8066
3.6793	6.8047
3.6767	6.8030
3.6741	6.8013
3.6715	6.7998
3.6689	6.7981
3.6663	6.7969
3.6637	6.7954
3.6611	6.7944
3.6585	6.7937
3.6560	6.7927
3.6534	6.7920
3.6508	6.7910
3.6482	6.7900
3.6457	6.7890
3.6431	6.7883
3.6406	6.7876
3.6380	6.7871
3.6355	6.7866
3.6329	6.7859
3.6304	6.7842
3.6278	6.7817
3.6253	6.7785
3.6227	6.7744
3.6202	6.7702
3.6177	6.7663
3.6152	6.7629
3.6127	6.7605
3.6101	6.7588
3.6076	6.7576
3.6051	6.7563
3.6026	6.7554
3.6001	6.7541
3.5976	6.7524
3.5951	6.7507
3.5926	6.7488
3.5901	6.7463
3.5876	6.7436
3.5852	6.7407
3.5827	6.7375
3.5802	6.7341
3.5777	6.7307
3.5753	6.7273
3.5728	6.7239
3.5704	6.7207
3.5679	6.7175
3.5654	6.7143
3.5630	6.7112
3.5605	6.7077
3.5581	6.7043
3.5557	6.7007
3.5532	6.6970
3.5508	6.6933
3.5484	6.6899
3.5459	6.6863
3.5435	6.6826
3.5411	6.6792
3.5387	6.6755
3.5363	6.6719
3.5338	6.6680
3.5314	6.6631
3.5290	6.6570
3.5266	6.6494
3.5242	6.6396
3.5218	6.6274
3.5195	6.6128
3.5171	6.5957
3.5147	6.5766
3.5123	6.5564
3.5099	6.5366
3.5075	6.5180
3.5052	6.5029
3.5028	6.4919
3.5004	6.4856
3.4981	6.4841
3.4957	6.4868
3.4934	6.4919
3.4910	6.4985
3.4887	6.5049
3.4863	6.5102
3.4840	6.5139
3.4816	6.5161
3.4793	6.5168
3.4770	6.5163
3.4746	6.5149
3.4723	6.5129
3.4700	6.5105
3.4677	6.5073
3.4653	6.5039
3.4630	6.4997
3.4607	6.4951
3.4584	6.4900
3.4561	6.4839
3.4538	6.4770
3.4515	6.4687
3.4492	6.4592
3.4469	6.4487
3.4446	6.4377
3.4423	6.4263
3.4400	6.4150
3.4378	6.4038
3.4355	6.3916
3.4332	6.3777
3.4309	6.3616
3.4287	6.3428
3.4264	6.3222
3.4241	6.3008
3.4219	6.2807
3.4196	6.2641
3.4174	6.2524
3.4151	6.2471
3.4129	6.2478
3.4106	6.2546
3.4084	6.2661
3.4061	6.2815
3.4039	6.2988
3.4017	6.3169
3.3994	6.3345
3.3972	6.3496
3.3950	6.3613
3.3928	6.3689
3.3906	6.3718
3.3883	6.3706
3.3861	6.3657
3.3839	6.3589
3.3817	6.3515
3.3795	6.3457
3.3773	6.3423
3.3751	6.3428
3.3729	6.3469
3.3707	6.3550
3.3685	6.3657
3.3663	6.3784
3.3641	6.3916
3.3620	6.4043
3.3598	6.4155
3.3576	6.4248
3.3554	6.4321
3.3533	6.4377
3.3511	6.4419
3.3489	6.4448
3.3468	6.4465
3.3446	6.4472
3.3425	6.4470
3.3403	6.4458
3.3382	6.4436
3.3360	6.4414
3.3339	6.4389
3.3317	6.4372
3.3296	6.4358
3.3274	6.4350
3.3253	6.4346
3.3232	6.4338
3.3210	6.4328
3.3189	6.4316
3.3168	6.4294
3.3147	6.4270
3.3126	6.4243
3.3104	6.4214
3.3083	6.4187
3.3062	6.4162
3.3041	6.4143
3.3020	6.4123
3.2999	6.4104
3.2978	6.4084
3.2957	6.4062
3.2936	6.4038
3.2915	6.4014
3.2894	6.3984
3.2874	6.3957
3.2853	6.3926
3.2832	6.3894
3.2811	6.3862
3.2790	6.3830
3.2770	6.3799
3.2749	6.3767
3.2728	6.3738
3.2708	6.3706
3.2687	6.3672
3.2666	6.3635
3.2646	6.3598
3.2625	6.3557
3.2605	6.3513
3.2584	6.3469
3.2564	6.3425
3.2543	6.3386
3.2523	6.3352
3.2503	6.3323
3.2482	6.3303
3.2462	6.3291
3.2442	6.3279
3.2421	6.3264
3.2401	6.3244
3.2381	6.3215
3.2361	6.3176
3.2340	6.3135
3.2320	6.3088
3.2300	6.3047
3.2280	6.3005
3.2260	6.2966
3.2240	6.2927
3.2220	6.2888
3.2200	6.2844
3.2180	6.2803
3.2160	6.2759
3.2140	6.2720
3.2120	6.2683
3.2100	6.2649
3.2080	6.2615
3.2060	6.2585
3.2040	6.2554
3.2021	6.2524
3.2001	6.2495
3.1981	6.2466
3.1961	6.2431
3.1942	6.2392
3.1922	6.2346
3.1902	6.2295
3.1883	6.2239
3.1863	6.2185
3.1844	6.2134
3.1824	6.2087
3.1805	6.2051
3.1785	6.2019
3.1766	6.1990
3.1746	6.1960
3.1727	6.1926
3.1707	6.1889
3.1688	6.1850
3.1669	6.1809
3.1649	6.1767
3.1630	6.1726
3.1611	6.1682
3.1591	6.1640
3.1572	6.1597
3.1553	6.1555
3.1534	6.1509
3.1515	6.1465
3.1495	6.1423
3.1476	6.1382
3.1457	6.1340
3.1438	6.1299
3.1419	6.1257
3.1400	6.1216
3.1381	6.1174
3.1362	6.1133
3.1343	6.1096
3.1324	6.1062
3.1305	6.1025
3.1286	6.0989
3.1268	6.0950
3.1249	6.0903
3.1230	6.0857
3.1211	6.0806
3.1192	6.0757
3.1174	6.0710
3.1155	6.0664
3.1136	6.0620
3.1117	6.0578
3.1099	6.0537
3.1080	6.0498
3.1061	6.0456
3.1043	6.0412
3.1024	6.0366
3.1006	6.0315
3.0987	6.0259
3.0969	6.0205
3.0950	6.0154
3.0932	6.0107
3.0913	6.0063
3.0895	6.0022
3.0876	5.9975
3.0858	5.9924
3.0840	5.9863
3.0821	5.9797
3.0803	5.9731
3.0785	5.9670
3.0766	5.9619
3.0748	5.9575
3.0730	5.9541
3.0712	5.9512
3.0694	5.9480
3.0675	5.9443
3.0657	5.9404
3.0639	5.9358
3.0621	5.9311
3.0603	5.9265
3.0585	5.9221
3.0567	5.9180
3.0549	5.9140
3.0531	5.9099
3.0513	5.9053
3.0495	5.9004
3.0477	5.8950
3.0459	5.8894
3.0441	5.8838
3.0423	5.8789
3.0406	5.8745
3.0388	5.8708
3.0370	5.8677
3.0352	5.8645
3.0334	5.8616
3.0317	5.8584
3.0299	5.8552
3.0281	5.8525
3.0264	5.8506
3.0246	5.8494
3.0228	5.8486
3.0211	5.8484
3.0193	5.8484
3.0176	5.8481
3.0158	5.8476
3.0140	5.8472
3.0123	5.8467
3.0105	5.8459
3.0088	5.8454
3.0070	5.8445
3.0053	5.8435
3.0036	5.8423
3.0018	5.8413
3.0001	5.8403
2.9984	5.8398
2.9966	5.8398
2.9949	5.8401
2.9932	5.8406
2.9914	5.8408
2.9897	5.8408
2.9880	5.8406
2.9863	5.8396
2.9845	5.8381
2.9828	5.8362
2.9811	5.8337
2.9794	5.8306
2.9777	5.8274
2.9760	5.8240
2.9743	5.8208
2.9726	5.8181
2.9709	5.8157
2.9692	5.8135
2.9675	5.8113
2.9658	5.8086
2.9641	5.8056
2.9624	5.8025
2.9607	5.7995
2.9590	5.7966
2.9573	5.7949
2.9556	5.7939
2.9539	5.7939
2.9523	5.7949
2.9506	5.7966
2.9489	5.7986
2.9472	5.8008
2.9455	5.8032
2.9439	5.8056
2.9422	5.8083
2.9405	5.8115
2.9389	5.8154
2.9372	5.8198
2.9355	5.8244
2.9339	5.8288
2.9322	5.8330
2.9306	5.8362
2.9289	5.8386
2.9272	5.8403
2.9256	5.8420
2.9239	5.8440
2.9223	5.8462
2.9207	5.8489
2.9190	5.8515
2.9174	5.8540
2.9157	5.8559
2.9141	5.8574
2.9124	5.8584
2.9108	5.8594
2.9092	5.8601
2.9075	5.8611
2.9059	5.8618
2.9043	5.8628
2.9027	5.8635
2.9010	5.8642
2.8994	5.8652
2.8978	5.8662
2.8962	5.8674
2.8946	5.8689
2.8929	5.8706
2.8913	5.8723
2.8897	5.8745
2.8881	5.8767
2.8865	5.8789
2.8849	5.8808
2.8833	5.8830
2.8817	5.8850
2.8801	5.8867
2.8785	5.8884
2.8769	5.8901
2.8753	5.8921
2.8737	5.8940
2.8721	5.8962
2.8705	5.8987
2.8689	5.9014
2.8673	5.9038
2.8658	5.9062
2.8642	5.9089
2.8626	5.9116
2.8610	5.9145
2.8594	5.9180
2.8579	5.9219
2.8563	5.9263
2.8547	5.9304
2.8531	5.9343
2.8516	5.9377
2.8500	5.9404
2.8484	5.9426
2.8469	5.9448
2.8453	5.9473
2.8437	5.9499
2.8422	5.9534
2.8406	5.9573
2.8391	5.9617
2.8375	5.9660
2.8360	5.9704
2.8344	5.9746
2.8329	5.9785
2.8313	5.9822
2.8298	5.9858
2.8282	5.9895
2.8267	5.9934
2.8252	5.9975
2.8236	6.0014
2.8221	6.0051
2.8205	6.0083
2.8190	6.0115
2.8175	6.0146
2.8159	6.0183
2.8144	6.0227
2.8129	6.0283
2.8114	6.0344
2.8098	6.0410
2.8083	6.0471
2.8068	6.0527
2.8053	6.0578
2.8038	6.0625
2.8022	6.0669
2.8007	6.0718
2.7992	6.0769
2.7977	6.0820
2.7962	6.0871
2.7947	6.0923
2.7932	6.0969
2.7917	6.1015
2.7902	6.1067
2.7887	6.1125
2.7872	6.1191
2.7857	6.1262
2.7842	6.1333
2.7827	6.1399
2.7812	6.1460
2.7797	6.1516
2.7782	6.1567
2.7767	6.1621
2.7752	6.1682
2.7738	6.1753
2.7723	6.1836
2.7708	6.1926
2.7693	6.2016
2.7678	6.2104
2.7664	6.2182
2.7649	6.2251
2.7634	6.2312
2.7619	6.2370
2.7605	6.2429
2.7590	6.2493
2.7575	6.2563
2.7561	6.2639
2.7546	6.2722
2.7531	6.2805
2.7517	6.2890
2.7502	6.2969
2.7488	6.3044
2.7473	6.3113
2.7458	6.3174
2.7444	6.3230
2.7429	6.3288
2.7415	6.3347
2.7400	6.3415
2.7386	6.3496
2.7371	6.3586
2.7357	6.3686
2.7343	6.3789
2.7328	6.3887
2.7314	6.3977
2.7299	6.4050
2.7285	6.4111
2.7271	6.4160
2.7256	6.4201
2.7242	6.4243
2.7228	6.4285
2.7213	6.4324
2.7199	6.4365
2.7185	6.4404
2.7171	6.4443
2.7156	6.4482
2.7142	6.4524
2.7128	6.4570
2.7114	6.4624
2.7100	6.4682
2.7085	6.4743
2.7071	6.4807
2.7057	6.4873
2.7043	6.4939
2.7029	6.5007
2.7015	6.5078
2.7001	6.5149
2.6987	6.5217
2.6973	6.5278
2.6959	6.5332
2.6945	6.5378
2.6931	6.5417
2.6917	6.5449
2.6903	6.5476
2.6889	6.5503
2.6875	6.5527
2.6861	6.5552
2.6847	6.5574
2.6833	6.5593
2.6819	6.5608
2.6805	6.5618
2.6791	6.5622
2.6778	6.5622
2.6764	6.5618
2.6750	6.5613
2.6736	6.5608
2.6722	6.5608
2.6709	6.5613
2.6695	6.5625
2.6681	6.5642
2.6667	6.5659
2.6654	6.5674
2.6640	6.5686
2.6626	6.5688
2.6613	6.5688
2.6599	6.5683
2.6585	6.5679
2.6572	6.5676
2.6558	6.5676
2.6545	6.5674
2.6531	6.5666
2.6517	6.5654
2.6504	6.5637
2.6490	6.5618
2.6477	6.5600
2.6463	6.5586
2.6450	6.5574
2.6436	6.5564
2.6423	6.5554
2.6409	6.5537
2.6396	6.5515
2.6382	6.5488
2.6369	6.5459
2.6356	6.5432
2.6342	6.5412
2.6329	6.5398
2.6315	6.5393
2.6302	6.5393
2.6289	6.5398
2.6275	6.5408
2.6262	6.5422
2.6249	6.5437
2.6236	6.5451
2.6222	6.5466
2.6209	6.5476
2.6196	6.5481
2.6183	6.5476
2.6169	6.5459
2.6156	6.5432
2.6143	6.5393
2.6130	6.5349
2.6117	6.5303
2.6103	6.5256
2.6090	6.5217
2.6077	6.5185
2.6064	6.5161
2.6051	6.5146
2.6038	6.5134
2.6025	6.5129
2.6012	6.5124
2.5999	6.5119
2.5986	6.5112
2.5973	6.5102
2.5960	6.5085
2.5947	6.5066
2.5934	6.5041
2.5921	6.5012
2.5908	6.4985
2.5895	6.4958
2.5882	6.4934
2.5869	6.4917
2.5856	6.4907
2.5843	6.4897
2.5830	6.4890
2.5817	6.4878
2.5805	6.4861
2.5792	6.4836
2.5779	6.4809
2.5766	6.4783
2.5753	6.4761
2.5741	6.4748
2.5728	6.4746
2.5715	6.4743
2.5702	6.4741
2.5690	6.4731
2.5677	6.4714
2.5664	6.4697
2.5651	6.4678
2.5639	6.4663
2.5626	6.4658
2.5613	6.4660
2.5601	6.4665
2.5588	6.4670
2.5575	6.4678
2.5563	6.4678
2.5550	6.4678
2.5538	6.4675
2.5525	6.4668
2.5513	6.4656
2.5500	6.4636
2.5487	6.4604
2.5475	6.4565
2.5462	6.4516
2.5450	6.4468
2.5437	6.4419
2.5425	6.4380
2.5413	6.4346
2.5400	6.4321
2.5388	6.4304
2.5375	6.4289
2.5363	6.4277
2.5350	6.4267
2.5338	6.4260
2.5326	6.4258
2.5313	6.4258
2.5301	6.4263
2.5289	6.4267
2.5276	6.4267
2.5264	6.4258
2.5252	6.4238
2.5239	6.4206
2.5227	6.4172
2.5215	6.4136
2.5202	6.4109
2.5190	6.4092
2.5178	6.4084
2.5166	6.4077
2.5154	6.4062
2.5141	6.4033
2.5129	6.3984
2.5117	6.3918
2.5105	6.3845
2.5093	6.3777
2.5081	6.3725
2.5068	6.3699
2.5056	6.3694
2.5044	6.3706
2.5032	6.3723
2.5020	6.3740
2.5008	6.3745
2.4996	6.3735
2.4984	6.3711
2.4972	6.3674
2.4960	6.3633
2.4948	6.3589
2.4936	6.3555
2.4924	6.3533
2.4912	6.3528
2.4900	6.3535
2.4888	6.3552
2.4876	6.3569
2.4864	6.3584
2.4852	6.3584
2.4840	6.3569
2.4828	6.3542
2.4816	6.3503
2.4805	6.3459
2.4793	6.3415
2.4781	6.3376
2.4769	6.3345
2.4757	6.3323
2.4745	6.3308
2.4734	6.3301
2.4722	6.3296
2.4710	6.3291
2.4698	6.3288
2.4686	6.3284
2.4675	6.3279
2.4663	6.3279
2.4651	6.3279
2.4640	6.3281
2.4628	6.3281
2.4616	6.3271
2.4604	6.3254
2.4593	6.3225
2.4581	6.3186
2.4569	6.3144
2.4558	6.3105
2.4546	6.3071
2.4535	6.3047
2.4523	6.3030
2.4511	6.3017
2.4500	6.3010
2.4488	6.3003
2.4477	6.2998
2.4465	6.2993
2.4454	6.2988
2.4442	6.2986
2.4431	6.2978
2.4419	6.2966
2.4408	6.2947
2.4396	6.2920
2.4385	6.2883
2.4373	6.2844
2.4362	6.2807
2.4350	6.2776
2.4339	6.2751
2.4327	6.2737
2.4316	6.2724
2.4305	6.2715
2.4293	6.2707
2.4282	6.2700
2.4270	6.2695
2.4259	6.2695
2.4248	6.2702
2.4236	6.2712
2.4225	6.2722
2.4214	6.2729
2.4202	6.2729
2.4191	6.2720
2.4180	6.2700
2.4169	6.2673
2.4157	6.2641
2.4146	6.2607
2.4135	6.2573
2.4124	6.2544
2.4112	6.2519
2.4101	6.2500
2.4090	6.2480
2.4079	6.2461
2.4068	6.2431
2.4056	6.2400
2.4045	6.2363
2.4034	6.2329
2.4023	6.2307
2.4012	6.2297
2.4001	6.2297
2.3990	6.2305
2.3979	6.2309
2.3967	6.2307
2.3956	6.2292
2.3945	6.2270
2.3934	6.2243
2.3923	6.2217
2.3912	6.2190
2.3901	6.2170
2.3890	6.2153
2.3879	6.2139
2.3868	6.2124
2.3857	6.2109
2.3846	6.2087
2.3835	6.2058
2.3824	6.2026
2.3813	6.1990
2.3802	6.1958
2.3791	6.1931
2.3781	6.1914
2.3770	6.1907
2.3759	6.1904
2.3748	6.1907
2.3737	6.1911
2.3726	6.1916
2.3715	6.1921
2.3704	6.1924
2.3694	6.1921
2.3683	6.1907
2.3672	6.1880
2.3661	6.1843
2.3650	6.1799
2.3640	6.1755
2.3629	6.1719
2.3618	6.1692
2.3607	6.1680
2.3597	6.1675
2.3586	6.1675
2.3575	6.1672
2.3564	6.1667
2.3554	6.1658
2.3543	6.1650
2.3532	6.1645
2.3522	6.1645
2.3511	6.1648
2.3500	6.1655
2.3490	6.1658
2.3479	6.1653
2.3468	6.1638
2.3458	6.1611
2.3447	6.1577
2.3436	6.1545
2.3426	6.1518
2.3415	6.1499
2.3405	6.1489
2.3394	6.1482
2.3384	6.1472
2.3373	6.1452
2.3363	6.1423
2.3352	6.1387
2.3342	6.1355
2.3331	6.1328
2.3321	6.1318
2.3310	6.1318
2.3300	6.1326
2.3289	6.1328
2.3279	6.1318
2.3268	6.1296
2.3258	6.1262
2.3247	6.1223
2.3237	6.1189
2.3226	6.1164
2.3216	6.1155
2.3206	6.1155
2.3195	6.1160
2.3185	6.1162
2.3175	6.1160
2.3164	6.1150
2.3154	6.1140
2.3144	6.1128
2.3133	6.1125
2.3123	6.1133
2.3113	6.1147
2.3102	6.1169
2.3092	6.1191
2.3082	6.1208
2.3071	6.1221
2.3061	6.1223
2.3051	6.1218
2.3041	6.1203
2.3030	6.1181
2.3020	6.1155
2.3010	6.1123
2.3000	6.1094
2.2990	6.1074
2.2979	6.1072
2.2969	6.1089
2.2959	6.1123
2.2949	6.1164
2.2939	6.1203
2.2929	6.1228
2.2918	6.1228
2.2908	6.1206
2.2898	6.1164
2.2888	6.1113
2.2878	6.1064
2.2868	6.1028
2.2858	6.1011
2.2848	6.1015
2.2838	6.1042
2.2828	6.1084
2.2818	6.1135
2.2808	6.1179
2.2798	6.1213
2.2787	6.1225
2.2777	6.1216
2.2767	6.1189
2.2757	6.1152
2.2747	6.1118
2.2738	6.1094
2.2728	6.1084
2.2718	6.1091
2.2708	6.1108
2.2698	6.1133
2.2688	6.1155
2.2678	6.1174
2.2668	6.1184
2.2658	6.1184
2.2648	6.1174
2.2638	6.1155
2.2628	6.1123
2.2618	6.1084
2.2609	6.1037
2.2599	6.0991
2.2589	6.0952
2.2579	6.0928
2.2569	6.0915
2.2559	6.0923
2.2550	6.0937
2.2540	6.0954
2.2530	6.0959
2.2520	6.0947
2.2510	6.0913
2.2501	6.0869
2.2491	6.0825
2.2481	6.0798
2.2471	6.0798
2.2462	6.0825
2.2452	6.0871
2.2442	6.0928
2.2433	6.0976
2.2423	6.1011
2.2413	6.1023
2.2403	6.1015
2.2394	6.0996
2.2384	6.0969
2.2374	6.0942
2.2365	6.0920
2.2355	6.0908
2.2345	6.0903
2.2336	6.0906
2.2326	6.0910
2.2317	6.0915
2.2307	6.0918
2.2297	6.0915
2.2288	6.0913
2.2278	6.0908
2.2269	6.0903
2.2259	6.0898
2.2250	6.0891
2.2240	6.0879
2.2231	6.0862
2.2221	6.0837
2.2211	6.0808
2.2202	6.0771
2.2192	6.0735
2.2183	6.0696
2.2173	6.0659
2.2164	6.0625
2.2155	6.0598
2.2145	6.0581
2.2136	6.0581
2.2126	6.0598
2.2117	6.0632
2.2107	6.0679
2.2098	6.0732
2.2088	6.0784
2.2079	6.0830
2.2070	6.0867
2.2060	6.0889
2.2051	6.0898
2.2041	6.0891
2.2032	6.0871
2.2023	6.0840
2.2013	6.0801
2.2004	6.0757
2.1995	6.0715
2.1985	6.0681
2.1976	6.0657
2.1967	6.0639
2.1957	6.0625
2.1948	6.0610
2.1939	6.0593
2.1930	6.0576
2.1920	6.0561
2.1911	6.0556
2.1902	6.0559
2.1893	6.0571
2.1883	6.0583
2.1874	6.0591
2.1865	6.0591
2.1856	6.0581
2.1846	6.0571
2.1837	6.0576
2.1828	6.0596
2.1819	6.0632
2.1810	6.0679
2.1800	6.0723
2.1791	6.0747
2.1782	6.0742
2.1773	6.0713
2.1764	6.0661
2.1755	6.0600
2.1746	6.0542
2.1736	6.0493
2.1727	6.0459
2.1718	6.0434
2.1709	6.0417
2.1700	6.0405
2.1691	6.0395
2.1682	6.0383
2.1673	6.0368
2.1664	6.0351
2.1655	6.0334
2.1646	6.0317
2.1637	6.0310
2.1628	6.0317
2.1619	6.0339
2.1610	6.0378
2.1601	6.0422
2.1592	6.0454
2.1583	6.0464
2.1574	6.0439
2.1565	6.0383
2.1556	6.0312
2.1547	6.0246
2.1538	6.0205
2.1529	6.0198
2.1520	6.0220
2.1511	6.0264
2.1502	6.0310
2.1493	6.0344
2.1484	6.0359
2.1475	6.0354
2.1466	6.0337
2.1458	6.0310
2.1449	6.0285
2.1440	6.0268
2.1431	6.0266
2.1422	6.0283
2.1413	6.0317
2.1404	6.0364
2.1396	6.0417
2.1387	6.0464
2.1378	6.0498
2.1369	6.0513
2.1360	6.0505
2.1352	6.0481
2.1343	6.0444
2.1334	6.0400
2.1325	6.0354
2.1316	6.0307
2.1308	6.0261
2.1299	6.0217
2.1290	6.0176
2.1281	6.0146
2.1273	6.0129
2.1264	6.0129
2.1255	6.0144
2.1247	6.0171
2.1238	6.0205
2.1229	6.0239
2.1220	6.0271
2.1212	6.0298
2.1203	6.0317
2.1194	6.0332
2.1186	6.0347
2.1177	6.0361
2.1168	6.0378
2.1160	6.0395
2.1151	6.0408
2.1143	6.0420
2.1134	6.0422
2.1125	6.0417
2.1117	6.0403
2.1108	6.0378
2.1100	6.0342
2.1091	6.0300
2.1082	6.0256
2.1074	6.0220
2.1065	6.0193
2.1057	6.0181
2.1048	6.0178
2.1040	6.0185
2.1031	6.0190
2.1023	6.0190
2.1014	6.0181
2.1005	6.0159
2.0997	6.0132
2.0988	6.0098
2.0980	6.0061
2.0971	6.0022
2.0963	5.9985
2.0955	5.9956
2.0946	5.9941
2.0938	5.9939
2.0929	5.9956
2.0921	5.9985
2.0912	6.0024
2.0904	6.0066
2.0895	6.0095
2.0887	6.0117
2.0879	6.0122
2.0870	6.0117
2.0862	6.0117
2.0853	6.0115
2.0845	6.0141
2.0837	6.0181
2.0828	6.0159
2.0820	6.0234
2.0812	6.0083
2.0803	5.9819
2.0795	5.9907
