Name:  Orgueil.2
Type:  Stony Meteorites
Class:  Carbonaceous Chondrite
Subclass:  CI
Particle Size:  0-75 micrometers
Sample No.:  Orgueil.2
Owner:  JHU
Wavelength range:  IR
Origin:  Meteorite seen to fall in France in 1864..  Arizona State University 
sample No. 222.s obtained via Tom Jones.
Description:  None.





Measurement:  Bidirectional reflectance
First Column:  X
Second Column:  Y
X Units:  Wavelength (micrometers)
Y Units:  Reflectance (percent)
First X Value:  25.044
Last X Value:  2.0795
Number of X Values:  2286
Additional information:  None

25.044	0.73930
24.924	0.78660
24.805	0.74390
24.686	0.69680
24.569	0.63740
24.454	0.58080
24.339	0.69850
24.225	0.71170
24.112	0.72020
24.001	0.75540
23.890	0.71440
23.781	0.66190
23.672	0.68600
23.564	0.65450
23.458	0.67630
23.352	0.69850
23.247	0.74370
23.144	0.79570
23.041	0.74410
22.939	0.60130
22.838	0.66450
22.738	0.80400
22.638	0.80830
22.540	0.80830
22.442	0.81540
22.345	0.87650
22.250	0.84420
22.154	0.73560
22.060	0.69900
21.967	0.71070
21.874	0.73680
21.782	0.72460
21.691	0.74900
21.601	0.76780
21.511	0.71660
21.422	0.69900
21.334	0.71390
21.247	0.71730
21.160	0.68310
21.074	0.69310
20.988	0.67580
20.904	0.65090
20.820	0.64280
20.737	0.65210
20.654	0.65310
20.572	0.63960
20.491	0.61500
20.410	0.59890
20.330	0.58740
20.251	0.56350
20.172	0.55370
20.094	0.54810
20.016	0.50560
19.939	0.50270
19.863	0.50730
19.787	0.49900
19.712	0.49730
19.637	0.44410
19.563	0.40230
19.489	0.42530
19.416	0.44950
19.344	0.43190
19.272	0.40060
19.201	0.38230
19.130	0.37230
19.059	0.36670
18.990	0.37450
18.920	0.38310
18.851	0.39160
18.783	0.36250
18.715	0.33740
18.648	0.34250
18.581	0.35990
18.515	0.35160
18.449	0.33080
18.384	0.30620
18.319	0.29030
18.254	0.33840
18.190	0.37550
18.126	0.39090
18.063	0.39010
18.001	0.39360
17.938	0.39940
17.876	0.39940
17.815	0.39770
17.754	0.40720
17.693	0.39260
17.633	0.39330
17.573	0.38380
17.514	0.38350
17.455	0.39770
17.396	0.38350
17.338	0.38500
17.280	0.40260
17.223	0.38750
17.166	0.35960
17.109	0.37380
17.053	0.37520
16.997	0.37450
16.942	0.38700
16.886	0.38110
16.832	0.38260
16.777	0.37620
16.723	0.38090
16.669	0.38530
16.616	0.36230
16.563	0.34160
16.510	0.35420
16.458	0.35740
16.406	0.35030
16.354	0.33130
16.302	0.34620
16.251	0.35840
16.200	0.36400
16.150	0.37060
16.100	0.36500
16.050	0.35180
16.000	0.36110
15.951	0.36010
15.902	0.35180
15.854	0.34230
15.805	0.34080
15.757	0.34790
15.710	0.34740
15.662	0.34110
15.615	0.34060
15.568	0.33350
15.521	0.32690
15.475	0.33030
15.429	0.33230
15.383	0.33010
15.338	0.33890
15.292	0.35820
15.248	0.35470
15.203	0.34060
15.158	0.32810
15.114	0.33620
15.070	0.33350
15.027	0.31980
14.983	0.33640
14.940	0.32960
14.897	0.31790
14.854	0.33130
14.812	0.34110
14.770	0.34030
14.728	0.31910
14.686	0.30420
14.645	0.30960
14.603	0.30470
14.562	0.31710
14.521	0.32930
14.481	0.30690
14.441	0.29740
14.400	0.31230
14.361	0.33250
14.321	0.33350
14.281	0.33350
14.242	0.33740
14.203	0.34550
14.164	0.33890
14.126	0.34400
14.087	0.36300
14.049	0.35420
14.011	0.35820
13.973	0.37380
13.936	0.37770
13.899	0.37700
13.861	0.36820
13.824	0.36910
13.788	0.38110
13.751	0.39770
13.715	0.39820
13.679	0.39550
13.643	0.41720
13.607	0.42820
13.571	0.42070
13.536	0.42190
13.500	0.43510
13.465	0.43950
13.430	0.44510
13.396	0.45260
13.361	0.45920
13.327	0.47170
13.293	0.46800
13.259	0.46800
13.225	0.47970
13.191	0.48360
13.158	0.48410
13.124	0.49100
13.091	0.50760
13.058	0.51660
13.026	0.51170
12.993	0.51610
12.960	0.52290
12.928	0.51980
12.896	0.51710
12.864	0.52880
12.832	0.54100
12.800	0.54250
12.769	0.54320
12.737	0.55980
12.706	0.56300
12.675	0.56620
12.644	0.56790
12.614	0.57840
12.583	0.58280
12.552	0.58890
12.522	0.57570
12.492	0.57570
12.462	0.59840
12.432	0.59940
12.402	0.59180
12.373	0.60250
12.343	0.61940
12.314	0.62350
12.285	0.62600
12.256	0.62280
12.227	0.62060
12.198	0.63040
12.169	0.64380
12.141	0.64890
12.113	0.65580
12.084	0.66310
12.056	0.66720
12.028	0.66750
12.000	0.67110
11.973	0.67720
11.945	0.67460
11.918	0.67240
11.890	0.67750
11.863	0.69430
11.836	0.69730
11.809	0.69240
11.782	0.69870
11.755	0.70040
11.729	0.70290
11.702	0.71830
11.676	0.72310
11.650	0.70730
11.624	0.70260
11.598	0.71120
11.572	0.70870
11.546	0.70290
11.520	0.71120
11.495	0.71700
11.469	0.70900
11.444	0.72050
11.419	0.72390
11.394	0.71120
11.369	0.71580
11.344	0.71700
11.319	0.71290
11.294	0.70920
11.270	0.70680
11.245	0.70630
11.221	0.71340
11.197	0.71800
11.173	0.71750
11.149	0.71120
11.125	0.70700
11.101	0.70510
11.077	0.70730
11.054	0.70390
11.030	0.69950
11.007	0.69650
10.983	0.69020
10.960	0.68290
10.937	0.66380
10.914	0.65310
10.891	0.64970
10.868	0.64180
10.846	0.63500
10.823	0.62080
10.800	0.60250
10.778	0.58940
10.755	0.58080
10.733	0.57010
10.711	0.55200
10.689	0.53780
10.667	0.53810
10.645	0.53340
10.623	0.52710
10.602	0.52250
10.580	0.51880
10.558	0.51490
10.537	0.50760
10.516	0.50370
10.494	0.49680
10.473	0.48630
10.452	0.48020
10.431	0.47510
10.410	0.47630
10.389	0.48290
10.368	0.47780
10.348	0.46850
10.327	0.46970
10.306	0.46800
10.286	0.45560
10.266	0.45730
10.245	0.46730
10.225	0.46610
10.205	0.46290
10.185	0.47440
10.165	0.48120
10.145	0.46610
10.125	0.47020
10.106	0.47460
10.086	0.47190
10.066	0.46900
10.047	0.46440
10.027	0.46260
10.008	0.46560
9.9887	0.46240
9.9695	0.45800
9.9504	0.46000
9.9313	0.46730
9.9123	0.47360
9.8934	0.47440
9.8746	0.47240
9.8558	0.47000
9.8371	0.47580
9.8185	0.48340
9.7999	0.48490
9.7814	0.48510
9.7630	0.48440
9.7447	0.48220
9.7264	0.47630
9.7082	0.47780
9.6900	0.47730
9.6719	0.47460
9.6539	0.46970
9.6360	0.46140
9.6181	0.45360
9.6003	0.45430
9.5825	0.44530
9.5649	0.43510
9.5472	0.43380
9.5297	0.43290
9.5122	0.42410
9.4948	0.41360
9.4774	0.40090
9.4601	0.39360
9.4429	0.38700
9.4257	0.37430
9.4086	0.36400
9.3916	0.36940
9.3746	0.35740
9.3577	0.34810
9.3408	0.35740
9.3240	0.35690
9.3073	0.34130
9.2906	0.33280
9.2740	0.33230
9.2574	0.33060
9.2409	0.32810
9.2245	0.32740
9.2081	0.31690
9.1918	0.31230
9.1755	0.31030
9.1593	0.31300
9.1431	0.31080
9.1270	0.30760
9.1110	0.30100
9.0950	0.29760
9.0791	0.29910
9.0632	0.30050
9.0474	0.30180
9.0316	0.29490
9.0159	0.28810
9.0003	0.29050
8.9847	0.29000
8.9691	0.29390
8.9536	0.30030
8.9382	0.30440
8.9228	0.30440
8.9075	0.30620
8.8922	0.30130
8.8770	0.29960
8.8618	0.30150
8.8467	0.29520
8.8316	0.29470
8.8166	0.29300
8.8016	0.29370
8.7867	0.29830
8.7718	0.30000
8.7570	0.30050
8.7422	0.29520
8.7275	0.29050
8.7129	0.30130
8.6982	0.31270
8.6837	0.32030
8.6692	0.32130
8.6547	0.32230
8.6403	0.32500
8.6259	0.32590
8.6116	0.32400
8.5973	0.32130
8.5830	0.31960
8.5688	0.32060
8.5547	0.31860
8.5406	0.32130
8.5266	0.32520
8.5126	0.32860
8.4986	0.32790
8.4847	0.33030
8.4708	0.33450
8.4570	0.33150
8.4432	0.33250
8.4295	0.33960
8.4158	0.34350
8.4022	0.33840
8.3886	0.34030
8.3750	0.34790
8.3615	0.34960
8.3481	0.35420
8.3347	0.35990
8.3213	0.36250
8.3079	0.36740
8.2946	0.37500
8.2814	0.37840
8.2682	0.38160
8.2550	0.38920
8.2419	0.39720
8.2288	0.40820
8.2158	0.41750
8.2028	0.42040
8.1898	0.42990
8.1769	0.44040
8.1640	0.45310
8.1512	0.46900
8.1384	0.48340
8.1256	0.49610
8.1129	0.50290
8.1002	0.51340
8.0876	0.53270
8.0750	0.54570
8.0624	0.55710
8.0499	0.57370
8.0374	0.59450
8.0250	0.61160
8.0126	0.62430
8.0002	0.64230
7.9879	0.65800
7.9756	0.67770
7.9634	0.69730
7.9512	0.71610
7.9390	0.73560
7.9268	0.75390
7.9147	0.76860
7.9027	0.78540
7.8906	0.80350
7.8786	0.81660
7.8667	0.82710
7.8548	0.84450
7.8429	0.85910
7.8310	0.87380
7.8192	0.88840
7.8075	0.90310
7.7957	0.91500
7.7840	0.92530
7.7723	0.93410
7.7607	0.94600
7.7491	0.95290
7.7375	0.95900
7.7260	0.97290
7.7145	0.98490
7.7031	0.99020
7.6916	0.99460
7.6802	1.0005
7.6689	1.0039
7.6575	1.0078
7.6462	1.0173
7.6350	1.0227
7.6238	1.0215
7.6126	1.0256
7.6014	1.0310
7.5903	1.0334
7.5792	1.0359
7.5681	1.0447
7.5571	1.0540
7.5461	1.0557
7.5351	1.0596
7.5242	1.0671
7.5133	1.0723
7.5024	1.0771
7.4916	1.0803
7.4807	1.0825
7.4700	1.0850
7.4592	1.0867
7.4485	1.0876
7.4378	1.0915
7.4272	1.0955
7.4165	1.0967
7.4059	1.0999
7.3954	1.1040
7.3848	1.1062
7.3743	1.1094
7.3639	1.1140
7.3534	1.1189
7.3430	1.1216
7.3326	1.1255
7.3223	1.1267
7.3119	1.1250
7.3016	1.1250
7.2914	1.1238
7.2811	1.1221
7.2709	1.1213
7.2607	1.1174
7.2506	1.1150
7.2404	1.1140
7.2303	1.1157
7.2203	1.1179
7.2102	1.1160
7.2002	1.1145
7.1902	1.1167
7.1803	1.1152
7.1703	1.1133
7.1604	1.1118
7.1506	1.1077
7.1407	1.1016
7.1309	1.1011
7.1211	1.0991
7.1113	1.0940
7.1016	1.0920
7.0919	1.0920
7.0822	1.0923
7.0725	1.0908
7.0629	1.0884
7.0533	1.0869
7.0437	1.0828
7.0341	1.0791
7.0246	1.0842
7.0151	1.0847
7.0056	1.0793
6.9962	1.0752
6.9867	1.0723
6.9773	1.0713
6.9679	1.0706
6.9586	1.0740
6.9493	1.0808
6.9400	1.0823
6.9307	1.0874
6.9214	1.0884
6.9122	1.0823
6.9030	1.0813
6.8938	1.0920
6.8847	1.0981
6.8755	1.1028
6.8664	1.1042
6.8573	1.1074
6.8483	1.1165
6.8393	1.1299
6.8302	1.1394
6.8213	1.1475
6.8123	1.1562
6.8034	1.1650
6.7944	1.1719
6.7855	1.1853
6.7767	1.2004
6.7678	1.2085
6.7590	1.2180
6.7502	1.2249
6.7414	1.2290
6.7327	1.2317
6.7239	1.2327
6.7152	1.2366
6.7065	1.2415
6.6979	1.2402
6.6892	1.2415
6.6806	1.2449
6.6720	1.2432
6.6634	1.2441
6.6549	1.2456
6.6464	1.2388
6.6378	1.2290
6.6294	1.2314
6.6209	1.2307
6.6124	1.2244
6.6040	1.2231
6.5956	1.2197
6.5872	1.2163
6.5789	1.2126
6.5705	1.2092
6.5622	1.2063
6.5539	1.2048
6.5456	1.2046
6.5374	1.1970
6.5292	1.1916
6.5209	1.1902
6.5128	1.1909
6.5046	1.1868
6.4964	1.1772
6.4883	1.1746
6.4802	1.1748
6.4721	1.1724
6.4640	1.1719
6.4560	1.1692
6.4480	1.1667
6.4399	1.1619
6.4320	1.1514
6.4240	1.1421
6.4160	1.1357
6.4081	1.1326
6.4002	1.1335
6.3923	1.1277
6.3844	1.1201
6.3766	1.1147
6.3687	1.1111
6.3609	1.1113
6.3531	1.1033
6.3454	1.0908
6.3376	1.0852
6.3299	1.0796
6.3221	1.0715
6.3144	1.0625
6.3068	1.0561
6.2991	1.0508
6.2914	1.0442
6.2838	1.0374
6.2762	1.0264
6.2686	1.0132
6.2611	1.0007
6.2535	0.99440
6.2460	0.98830
6.2385	0.97340
6.2310	0.96070
6.2235	0.94870
6.2160	0.93240
6.2086	0.91870
6.2011	0.90410
6.1937	0.88870
6.1863	0.87230
6.1790	0.85280
6.1716	0.83760
6.1643	0.82300
6.1570	0.80930
6.1496	0.79910
6.1424	0.78860
6.1351	0.78050
6.1278	0.77440
6.1206	0.76810
6.1134	0.76590
6.1062	0.76540
6.0990	0.76390
6.0918	0.76290
6.0847	0.76440
6.0776	0.76810
6.0704	0.76900
6.0633	0.77200
6.0563	0.77270
6.0492	0.77470
6.0421	0.79030
6.0351	0.80350
6.0281	0.80790
6.0211	0.81470
6.0141	0.82640
6.0071	0.83450
6.0002	0.83980
5.9932	0.85450
5.9863	0.87110
5.9794	0.88230
5.9725	0.89280
5.9657	0.90890
5.9588	0.92650
5.9520	0.94380
5.9451	0.96140
5.9383	0.97780
5.9315	1.0024
5.9247	1.0300
5.9180	1.0503
5.9112	1.0701
5.9045	1.0891
5.8978	1.1060
5.8911	1.1252
5.8844	1.1460
5.8777	1.1675
5.8711	1.1877
5.8644	1.2036
5.8578	1.2195
5.8512	1.2349
5.8446	1.2505
5.8380	1.2646
5.8314	1.2766
5.8249	1.2939
5.8184	1.3120
5.8118	1.3284
5.8053	1.3428
5.7988	1.3552
5.7923	1.3696
5.7859	1.3843
5.7794	1.4006
5.7730	1.4087
5.7666	1.4141
5.7602	1.4287
5.7538	1.4443
5.7474	1.4548
5.7410	1.4658
5.7347	1.4785
5.7283	1.4919
5.7220	1.4983
5.7157	1.5034
5.7094	1.5151
5.7031	1.5239
5.6969	1.5330
5.6906	1.5430
5.6844	1.5461
5.6782	1.5520
5.6719	1.5644
5.6657	1.5713
5.6596	1.5745
5.6534	1.5806
5.6472	1.5859
5.6411	1.5874
5.6349	1.5962
5.6288	1.6086
5.6227	1.6143
5.6166	1.6191
5.6106	1.6265
5.6045	1.6326
5.5984	1.6372
5.5924	1.6433
5.5864	1.6484
5.5804	1.6465
5.5744	1.6497
5.5684	1.6602
5.5624	1.6672
5.5564	1.6689
5.5505	1.6721
5.5445	1.6782
5.5386	1.6811
5.5327	1.6807
5.5268	1.6851
5.5209	1.6924
5.5151	1.6929
5.5092	1.6985
5.5033	1.7041
5.4975	1.7070
5.4917	1.7095
5.4859	1.7126
5.4801	1.7153
5.4743	1.7180
5.4685	1.7187
5.4628	1.7207
5.4570	1.7290
5.4513	1.7363
5.4455	1.7375
5.4398	1.7402
5.4341	1.7446
5.4284	1.7441
5.4228	1.7385
5.4171	1.7429
5.4114	1.7512
5.4058	1.7534
5.4002	1.7544
5.3945	1.7576
5.3889	1.7656
5.3833	1.7683
5.3778	1.7695
5.3722	1.7705
5.3666	1.7688
5.3611	1.7698
5.3555	1.7744
5.3500	1.7742
5.3445	1.7732
5.3390	1.7788
5.3335	1.7832
5.3280	1.7800
5.3225	1.7810
5.3171	1.7861
5.3116	1.7915
5.3062	1.7944
5.3008	1.7969
5.2954	1.7964
5.2900	1.7961
5.2846	1.7993
5.2792	1.8000
5.2738	1.8015
5.2684	1.8035
5.2631	1.8035
5.2578	1.8040
5.2524	1.8044
5.2471	1.8059
5.2418	1.8093
5.2365	1.8144
5.2312	1.8181
5.2260	1.8142
5.2207	1.8135
5.2154	1.8171
5.2102	1.8196
5.2050	1.8201
5.1998	1.8247
5.1945	1.8257
5.1893	1.8271
5.1842	1.8308
5.1790	1.8332
5.1738	1.8330
5.1686	1.8337
5.1635	1.8369
5.1584	1.8435
5.1532	1.8415
5.1481	1.8418
5.1430	1.8494
5.1379	1.8518
5.1328	1.8535
5.1277	1.8567
5.1227	1.8596
5.1176	1.8581
5.1126	1.8572
5.1075	1.8572
5.1025	1.8611
5.0975	1.8655
5.0925	1.8655
5.0875	1.8657
5.0825	1.8662
5.0775	1.8706
5.0726	1.8689
5.0676	1.8662
5.0627	1.8728
5.0577	1.8762
5.0528	1.8765
5.0479	1.8801
5.0430	1.8826
5.0380	1.8796
5.0332	1.8777
5.0283	1.8794
5.0234	1.8828
5.0185	1.8865
5.0137	1.8896
5.0088	1.8914
5.0040	1.8945
4.9992	1.8940
4.9944	1.8918
4.9896	1.8914
4.9848	1.8940
4.9800	1.8933
4.9752	1.8945
4.9704	1.8970
4.9657	1.8977
4.9609	1.8967
4.9562	1.8940
4.9514	1.8938
4.9467	1.8970
4.9420	1.8967
4.9373	1.8994
4.9326	1.8989
4.9279	1.8960
4.9232	1.8945
4.9186	1.8975
4.9139	1.8962
4.9092	1.8943
4.9046	1.8962
4.9000	1.8965
4.8953	1.8943
4.8907	1.8953
4.8861	1.8999
4.8815	1.8997
4.8769	1.8953
4.8723	1.8918
4.8678	1.8945
4.8632	1.8972
4.8586	1.8984
4.8541	1.8957
4.8495	1.8960
4.8450	1.8953
4.8405	1.8935
4.8360	1.8914
4.8315	1.8916
4.8270	1.8928
4.8225	1.8914
4.8180	1.8882
4.8135	1.8916
4.8090	1.8914
4.8046	1.8857
4.8001	1.8838
4.7957	1.8865
4.7913	1.8896
4.7868	1.8855
4.7824	1.8852
4.7780	1.8899
4.7736	1.8848
4.7692	1.8821
4.7648	1.8857
4.7605	1.8860
4.7561	1.8872
4.7517	1.8852
4.7474	1.8787
4.7431	1.8799
4.7387	1.8811
4.7344	1.8787
4.7301	1.8813
4.7258	1.8833
4.7215	1.8823
4.7172	1.8769
4.7129	1.8726
4.7086	1.8752
4.7043	1.8782
4.7000	1.8755
4.6958	1.8762
4.6915	1.8784
4.6873	1.8752
4.6831	1.8708
4.6788	1.8735
4.6746	1.8774
4.6704	1.8794
4.6662	1.8801
4.6620	1.8809
4.6578	1.8811
4.6536	1.8777
4.6495	1.8767
4.6453	1.8750
4.6411	1.8784
4.6370	1.8799
4.6328	1.8811
4.6287	1.8811
4.6246	1.8767
4.6205	1.8772
4.6163	1.8799
4.6122	1.8794
4.6081	1.8801
4.6040	1.8767
4.6000	1.8774
4.5959	1.8818
4.5918	1.8804
4.5877	1.8804
4.5837	1.8823
4.5796	1.8799
4.5756	1.8816
4.5716	1.8833
4.5675	1.8818
4.5635	1.8848
4.5595	1.8826
4.5555	1.8850
4.5515	1.8857
4.5475	1.8813
4.5435	1.8813
4.5395	1.8867
4.5356	1.8870
4.5316	1.8840
4.5276	1.8821
4.5237	1.8855
4.5197	1.8901
4.5158	1.8901
4.5119	1.8857
4.5080	1.8855
4.5040	1.8843
4.5001	1.8838
4.4962	1.8860
4.4923	1.8835
4.4884	1.8821
4.4846	1.8889
4.4807	1.8926
4.4768	1.8874
4.4730	1.8848
4.4691	1.8887
4.4652	1.8894
4.4614	1.8870
4.4576	1.8914
4.4537	1.8957
4.4499	1.8916
4.4461	1.8879
4.4423	1.8887
4.4385	1.8928
4.4347	1.8970
4.4309	1.9009
4.4271	1.8982
4.4233	1.8926
4.4196	1.8945
4.4158	1.8987
4.4120	1.8989
4.4083	1.8957
4.4045	1.8945
4.4008	1.8962
4.3971	1.9006
4.3934	1.9033
4.3896	1.9004
4.3859	1.8957
4.3822	1.8967
4.3785	1.8982
4.3748	1.8984
4.3711	1.9011
4.3674	1.9021
4.3638	1.8984
4.3601	1.8955
4.3564	1.8970
4.3528	1.9004
4.3491	1.9004
4.3455	1.8992
4.3418	1.9014
4.3382	1.9060
4.3346	1.9070
4.3310	1.9033
4.3273	1.9001
4.3237	1.9026
4.3201	1.9070
4.3165	1.9028
4.3129	1.8982
4.3094	1.9033
4.3058	1.9077
4.3022	1.9028
4.2986	1.8977
4.2951	1.9011
4.2915	1.9026
4.2880	1.9016
4.2844	1.9023
4.2809	1.9053
4.2774	1.9048
4.2738	1.9038
4.2703	1.9048
4.2668	1.9028
4.2633	1.8977
4.2598	1.8982
4.2563	1.9026
4.2528	1.9053
4.2493	1.9050
4.2458	1.9043
4.2424	1.9040
4.2389	1.9038
4.2354	1.9053
4.2320	1.9075
4.2285	1.9075
4.2251	1.9087
4.2216	1.9089
4.2182	1.9077
4.2148	1.9092
4.2113	1.9111
4.2079	1.9111
4.2045	1.9102
4.2011	1.9099
4.1977	1.9111
4.1943	1.9097
4.1909	1.9072
4.1875	1.9053
4.1841	1.9055
4.1808	1.9050
4.1774	1.9077
4.1740	1.9077
4.1707	1.9072
4.1673	1.9084
4.1640	1.9065
4.1606	1.9048
4.1573	1.9072
4.1540	1.9084
4.1506	1.9102
4.1473	1.9070
4.1440	1.9045
4.1407	1.9055
4.1374	1.9080
4.1341	1.9055
4.1308	1.9053
4.1275	1.9070
4.1242	1.9094
4.1209	1.9072
4.1177	1.9001
4.1144	1.8970
4.1111	1.9016
4.1079	1.9065
4.1046	1.9045
4.1014	1.9004
4.0981	1.9040
4.0949	1.9043
4.0917	1.9045
4.0884	1.8997
4.0852	1.8950
4.0820	1.8994
4.0788	1.8984
4.0756	1.8965
4.0724	1.9016
4.0692	1.9028
4.0660	1.9004
4.0628	1.8989
4.0596	1.8962
4.0565	1.8948
4.0533	1.8926
4.0501	1.8896
4.0470	1.8918
4.0438	1.8943
4.0406	1.8948
4.0375	1.8957
4.0344	1.8953
4.0312	1.8972
4.0281	1.8943
4.0250	1.8884
4.0218	1.8867
4.0187	1.8906
4.0156	1.8931
4.0125	1.8938
4.0094	1.8901
4.0063	1.8877
4.0032	1.8852
4.0001	1.8806
3.9970	1.8796
3.9940	1.8801
3.9909	1.8784
3.9878	1.8738
3.9847	1.8757
3.9817	1.8735
3.9786	1.8716
3.9756	1.8708
3.9725	1.8696
3.9695	1.8647
3.9665	1.8638
3.9634	1.8655
3.9604	1.8630
3.9574	1.8608
3.9544	1.8623
3.9513	1.8616
3.9483	1.8579
3.9453	1.8542
3.9423	1.8547
3.9393	1.8599
3.9363	1.8603
3.9333	1.8586
3.9304	1.8538
3.9274	1.8520
3.9244	1.8523
3.9214	1.8518
3.9185	1.8506
3.9155	1.8533
3.9126	1.8542
3.9096	1.8567
3.9067	1.8542
3.9037	1.8494
3.9008	1.8452
3.8979	1.8459
3.8949	1.8503
3.8920	1.8508
3.8891	1.8494
3.8862	1.8506
3.8833	1.8491
3.8804	1.8437
3.8775	1.8428
3.8746	1.8411
3.8717	1.8372
3.8688	1.8364
3.8659	1.8354
3.8630	1.8350
3.8601	1.8340
3.8573	1.8328
3.8544	1.8352
3.8515	1.8354
3.8487	1.8315
3.8458	1.8284
3.8430	1.8262
3.8401	1.8247
3.8373	1.8276
3.8344	1.8257
3.8316	1.8232
3.8288	1.8230
3.8259	1.8188
3.8231	1.8147
3.8203	1.8135
3.8175	1.8091
3.8147	1.8076
3.8119	1.8093
3.8091	1.8071
3.8063	1.8049
3.8035	1.8064
3.8007	1.8052
3.7979	1.8018
3.7951	1.7952
3.7924	1.7947
3.7896	1.7959
3.7868	1.7900
3.7841	1.7900
3.7813	1.7917
3.7785	1.7866
3.7758	1.7837
3.7730	1.7808
3.7703	1.7808
3.7676	1.7771
3.7648	1.7761
3.7621	1.7781
3.7594	1.7769
3.7566	1.7749
3.7539	1.7683
3.7512	1.7607
3.7485	1.7617
3.7458	1.7639
3.7431	1.7629
3.7404	1.7629
3.7377	1.7595
3.7350	1.7544
3.7323	1.7515
3.7296	1.7517
3.7269	1.7468
3.7242	1.7400
3.7216	1.7407
3.7189	1.7410
3.7162	1.7351
3.7136	1.7314
3.7109	1.7302
3.7083	1.7302
3.7056	1.7261
3.7030	1.7190
3.7003	1.7209
3.6977	1.7209
3.6950	1.7153
3.6924	1.7117
3.6898	1.7073
3.6872	1.7017
3.6845	1.7012
3.6819	1.6980
3.6793	1.6929
3.6767	1.6909
3.6741	1.6875
3.6715	1.6880
3.6689	1.6885
3.6663	1.6848
3.6637	1.6794
3.6611	1.6741
3.6585	1.6726
3.6560	1.6755
3.6534	1.6724
3.6508	1.6665
3.6482	1.6645
3.6457	1.6614
3.6431	1.6538
3.6406	1.6462
3.6380	1.6497
3.6355	1.6514
3.6329	1.6448
3.6304	1.6394
3.6278	1.6362
3.6253	1.6338
3.6227	1.6328
3.6202	1.6279
3.6177	1.6250
3.6152	1.6240
3.6127	1.6204
3.6101	1.6162
3.6076	1.6145
3.6051	1.6155
3.6026	1.6111
3.6001	1.6079
3.5976	1.6011
3.5951	1.5947
3.5926	1.5945
3.5901	1.5925
3.5876	1.5898
3.5852	1.5842
3.5827	1.5806
3.5802	1.5793
3.5777	1.5762
3.5753	1.5691
3.5728	1.5696
3.5704	1.5666
3.5679	1.5593
3.5654	1.5532
3.5630	1.5457
3.5605	1.5439
3.5581	1.5469
3.5557	1.5400
3.5532	1.5310
3.5508	1.5320
3.5484	1.5317
3.5459	1.5283
3.5435	1.5232
3.5411	1.5166
3.5387	1.5105
3.5363	1.5081
3.5338	1.5027
3.5314	1.4944
3.5290	1.4868
3.5266	1.4878
3.5242	1.4853
3.5218	1.4744
3.5195	1.4607
3.5171	1.4573
3.5147	1.4543
3.5123	1.4451
3.5099	1.4341
3.5075	1.4260
3.5052	1.4155
3.5028	1.4082
3.5004	1.4043
3.4981	1.3984
3.4957	1.4006
3.4934	1.3972
3.4910	1.3862
3.4887	1.3804
3.4863	1.3804
3.4840	1.3809
3.4816	1.3762
3.4793	1.3718
3.4770	1.3699
3.4746	1.3655
3.4723	1.3674
3.4700	1.3662
3.4677	1.3596
3.4653	1.3528
3.4630	1.3528
3.4607	1.3499
3.4584	1.3457
3.4561	1.3433
3.4538	1.3347
3.4515	1.3274
3.4492	1.3242
3.4469	1.3208
3.4446	1.3147
3.4423	1.3096
3.4400	1.3005
3.4378	1.2920
3.4355	1.2847
3.4332	1.2761
3.4309	1.2707
3.4287	1.2683
3.4264	1.2622
3.4241	1.2505
3.4219	1.2380
3.4196	1.2317
3.4174	1.2305
3.4151	1.2227
3.4129	1.2153
3.4106	1.2146
3.4084	1.2168
3.4061	1.2180
3.4039	1.2168
3.4017	1.2139
3.3994	1.2080
3.3972	1.2014
3.3950	1.2007
3.3928	1.2024
3.3906	1.1997
3.3883	1.1960
3.3861	1.1892
3.3839	1.1821
3.3817	1.1772
3.3795	1.1768
3.3773	1.1750
3.3751	1.1694
3.3729	1.1689
3.3707	1.1694
3.3685	1.1716
3.3663	1.1750
3.3641	1.1704
3.3620	1.1643
3.3598	1.1653
3.3576	1.1648
3.3554	1.1672
3.3533	1.1680
3.3511	1.1619
3.3489	1.1633
3.3468	1.1638
3.3446	1.1572
3.3425	1.1536
3.3403	1.1572
3.3382	1.1560
3.3360	1.1487
3.3339	1.1482
3.3317	1.1443
3.3296	1.1387
3.3274	1.1355
3.3253	1.1335
3.3232	1.1311
3.3210	1.1267
3.3189	1.1196
3.3168	1.1145
3.3147	1.1150
3.3126	1.1167
3.3104	1.1123
3.3083	1.1025
3.3062	1.1003
3.3041	1.0957
3.3020	1.0896
3.2999	1.0857
3.2978	1.0818
3.2957	1.0803
3.2936	1.0776
3.2915	1.0681
3.2894	1.0637
3.2874	1.0596
3.2853	1.0557
3.2832	1.0549
3.2811	1.0535
3.2790	1.0439
3.2770	1.0354
3.2749	1.0330
3.2728	1.0317
3.2708	1.0271
3.2687	1.0217
3.2666	1.0193
3.2646	1.0203
3.2625	1.0176
3.2605	1.0037
3.2584	0.99850
3.2564	0.99710
3.2543	0.99360
3.2523	0.99020
3.2503	0.98950
3.2482	0.98240
3.2462	0.97730
3.2442	0.97360
3.2421	0.96870
3.2401	0.95820
3.2381	0.95090
3.2361	0.94870
3.2340	0.95120
3.2320	0.95240
3.2300	0.94510
3.2280	0.93800
3.2260	0.93160
3.2240	0.92480
3.2220	0.92140
3.2200	0.92110
3.2180	0.92160
3.2160	0.91920
3.2140	0.91160
3.2120	0.90380
3.2100	0.89870
3.2080	0.89920
3.2060	0.89280
3.2040	0.88840
3.2021	0.88500
3.2001	0.88260
3.1981	0.87910
3.1961	0.87180
3.1942	0.86870
3.1922	0.86650
3.1902	0.85790
3.1883	0.85200
3.1863	0.84840
3.1844	0.84350
3.1824	0.84030
3.1805	0.84330
3.1785	0.83910
3.1766	0.82910
3.1746	0.82710
3.1727	0.82670
3.1707	0.82080
3.1688	0.81930
3.1669	0.81590
3.1649	0.80830
3.1630	0.80370
3.1611	0.80370
3.1591	0.79440
3.1572	0.79640
3.1553	0.79760
3.1534	0.78910
3.1515	0.78250
3.1495	0.77950
3.1476	0.77930
3.1457	0.77470
3.1438	0.77070
3.1419	0.77030
3.1400	0.76830
3.1381	0.76240
3.1362	0.75850
3.1343	0.76390
3.1324	0.76440
3.1305	0.75590
3.1286	0.74980
3.1268	0.74580
3.1249	0.74440
3.1230	0.74170
3.1211	0.73850
3.1192	0.73830
3.1174	0.74020
3.1155	0.73510
3.1136	0.73410
3.1117	0.73730
3.1099	0.73220
3.1080	0.72920
3.1061	0.73070
3.1043	0.72630
3.1024	0.72310
3.1006	0.71870
3.0987	0.71530
3.0969	0.71310
3.0950	0.71480
3.0932	0.71340
3.0913	0.71040
3.0895	0.71190
3.0876	0.71240
3.0858	0.70950
3.0840	0.70260
3.0821	0.69870
3.0803	0.70090
3.0785	0.70260
3.0766	0.70340
3.0748	0.70040
3.0730	0.70120
3.0712	0.69920
3.0694	0.69380
3.0675	0.69120
3.0657	0.69120
3.0639	0.69360
3.0621	0.69530
3.0603	0.69020
3.0585	0.69020
3.0567	0.69460
3.0549	0.69310
3.0531	0.68800
3.0513	0.68530
3.0495	0.68240
3.0477	0.68020
3.0459	0.67800
3.0441	0.67720
3.0423	0.67920
3.0406	0.68140
3.0388	0.67480
3.0370	0.66920
3.0352	0.67140
3.0334	0.67310
3.0317	0.67070
3.0299	0.66480
3.0281	0.66970
3.0264	0.67020
3.0246	0.66890
3.0228	0.66820
3.0211	0.66310
3.0193	0.66330
3.0176	0.66240
3.0158	0.65890
3.0140	0.65800
3.0123	0.65650
3.0105	0.65550
3.0088	0.65600
3.0070	0.65670
3.0053	0.64670
3.0036	0.64180
3.0018	0.64650
3.0001	0.64500
2.9984	0.64140
2.9966	0.64180
2.9949	0.63790
2.9932	0.63350
2.9914	0.63210
2.9897	0.63400
2.9880	0.63480
2.9863	0.63530
2.9845	0.63430
2.9828	0.63400
2.9811	0.63350
2.9794	0.62700
2.9777	0.62840
2.9760	0.62650
2.9743	0.62380
2.9726	0.62820
2.9709	0.62550
2.9692	0.61820
2.9675	0.62060
2.9658	0.62400
2.9641	0.62280
2.9624	0.61570
2.9607	0.61330
2.9590	0.62040
2.9573	0.62280
2.9556	0.61740
2.9539	0.61840
2.9523	0.61650
2.9506	0.61250
2.9489	0.61210
2.9472	0.61500
2.9455	0.61520
2.9439	0.61650
2.9422	0.61130
2.9405	0.60670
2.9389	0.61010
2.9372	0.61400
2.9355	0.61620
2.9339	0.61840
2.9322	0.61430
2.9306	0.60600
2.9289	0.60380
2.9272	0.60720
2.9256	0.60790
2.9239	0.61080
2.9223	0.61210
2.9207	0.61040
2.9190	0.60640
2.9174	0.60910
2.9157	0.60600
2.9141	0.59840
2.9124	0.59550
2.9108	0.59250
2.9092	0.59420
2.9075	0.60030
2.9059	0.60330
2.9043	0.60740
2.9027	0.61500
2.9010	0.61060
2.8994	0.60600
2.8978	0.60820
2.8962	0.60470
2.8946	0.60400
2.8929	0.60330
2.8913	0.60010
2.8897	0.60160
2.8881	0.59990
2.8865	0.60080
2.8849	0.59770
2.8833	0.60130
2.8817	0.60520
2.8801	0.60200
2.8785	0.60470
2.8769	0.60960
2.8753	0.60770
2.8737	0.60420
2.8721	0.60640
2.8705	0.60300
2.8689	0.60080
2.8673	0.60010
2.8658	0.60200
2.8642	0.60200
2.8626	0.60300
2.8610	0.60890
2.8594	0.61160
2.8579	0.60860
2.8563	0.61230
2.8547	0.61250
2.8531	0.60890
2.8516	0.60910
2.8500	0.61250
2.8484	0.60690
2.8469	0.60620
2.8453	0.60400
2.8437	0.60400
2.8422	0.60990
2.8406	0.61620
2.8391	0.61600
2.8375	0.60990
2.8360	0.60940
2.8344	0.60690
2.8329	0.61500
2.8313	0.62010
2.8298	0.61720
2.8282	0.61600
2.8267	0.61670
2.8252	0.61430
2.8236	0.61600
2.8221	0.61790
2.8205	0.61550
2.8190	0.62080
2.8175	0.62790
2.8159	0.62910
2.8144	0.62770
2.8129	0.62430
2.8114	0.62080
2.8098	0.61990
2.8083	0.62770
2.8068	0.63280
2.8053	0.63550
2.8038	0.63790
2.8022	0.63650
2.8007	0.63840
2.7992	0.64090
2.7977	0.63740
2.7962	0.64820
2.7947	0.65580
2.7932	0.65380
2.7917	0.64870
2.7902	0.64840
2.7887	0.64990
2.7872	0.65410
2.7857	0.65600
2.7842	0.66500
2.7827	0.67090
2.7812	0.66580
2.7797	0.66800
2.7782	0.67460
2.7767	0.67020
2.7752	0.67110
2.7738	0.67480
2.7723	0.67500
2.7708	0.67410
2.7693	0.67820
2.7678	0.68310
2.7664	0.68510
2.7649	0.69090
2.7634	0.69460
2.7619	0.69950
2.7605	0.70190
2.7590	0.70070
2.7575	0.70580
2.7561	0.70780
2.7546	0.70780
2.7531	0.71000
2.7517	0.70970
2.7502	0.71040
2.7488	0.71970
2.7473	0.72630
2.7458	0.72950
2.7444	0.72730
2.7429	0.73440
2.7415	0.73900
2.7400	0.73750
2.7386	0.74710
2.7371	0.75170
2.7357	0.73850
2.7343	0.73440
2.7328	0.73390
2.7314	0.73240
2.7299	0.73000
2.7285	0.72880
2.7271	0.72560
2.7256	0.71630
2.7242	0.70920
2.7228	0.71390
2.7213	0.69700
2.7199	0.67820
2.7185	0.67970
2.7171	0.67530
2.7156	0.65770
2.7142	0.64990
2.7128	0.64670
2.7114	0.64230
2.7100	0.64550
2.7085	0.66650
2.7071	0.69430
2.7057	0.71920
2.7043	0.75460
2.7029	0.79570
2.7015	0.82980
2.7001	0.85420
2.6987	0.88870
2.6973	0.94190
2.6959	0.99800
2.6945	1.0388
2.6931	1.0762
2.6917	1.1174
2.6903	1.1575
2.6889	1.1992
2.6875	1.2349
2.6861	1.2795
2.6847	1.3286
2.6833	1.3557
2.6819	1.3806
2.6805	1.4143
2.6791	1.4436
2.6778	1.4626
2.6764	1.4756
2.6750	1.4878
2.6736	1.4976
2.6722	1.5090
2.6709	1.5127
2.6695	1.5159
2.6681	1.5266
2.6667	1.5322
2.6654	1.5286
2.6640	1.5327
2.6626	1.5515
2.6613	1.5618
2.6599	1.5586
2.6585	1.5540
2.6572	1.5547
2.6558	1.5630
2.6545	1.5659
2.6531	1.5715
2.6517	1.5727
2.6504	1.5740
2.6490	1.5725
2.6477	1.5703
2.6463	1.5691
2.6450	1.5681
2.6436	1.5740
2.6423	1.5732
2.6409	1.5727
2.6396	1.5730
2.6382	1.5771
2.6369	1.5784
2.6356	1.5742
2.6342	1.5740
2.6329	1.5798
2.6315	1.5830
2.6302	1.5786
2.6289	1.5771
2.6275	1.5737
2.6262	1.5813
2.6249	1.5896
2.6236	1.5820
2.6222	1.5776
2.6209	1.5789
2.6196	1.5813
2.6183	1.5801
2.6169	1.5796
2.6156	1.5798
2.6143	1.5820
2.6130	1.5742
2.6117	1.5735
2.6103	1.5784
2.6090	1.5852
2.6077	1.5808
2.6064	1.5684
2.6051	1.5698
2.6038	1.5830
2.6025	1.5901
2.6012	1.5779
2.5999	1.5757
2.5986	1.5815
2.5973	1.5823
2.5960	1.5840
2.5947	1.5735
2.5934	1.5730
2.5921	1.5842
2.5908	1.5886
2.5895	1.5815
2.5882	1.5786
2.5869	1.5803
2.5856	1.5718
2.5843	1.5644
2.5830	1.5706
2.5817	1.5798
2.5805	1.5781
2.5792	1.5774
2.5779	1.5749
2.5766	1.5713
2.5753	1.5710
2.5741	1.5654
2.5728	1.5644
2.5715	1.5735
2.5702	1.5781
2.5690	1.5718
2.5677	1.5686
2.5664	1.5764
2.5651	1.5696
2.5639	1.5671
2.5626	1.5676
2.5613	1.5706
2.5601	1.5698
2.5588	1.5720
2.5575	1.5671
2.5563	1.5601
2.5550	1.5623
2.5538	1.5620
2.5525	1.5596
2.5513	1.5671
2.5500	1.5718
2.5487	1.5715
2.5475	1.5666
2.5462	1.5735
2.5450	1.5808
2.5437	1.5745
2.5425	1.5620
2.5413	1.5637
2.5400	1.5745
2.5388	1.5737
2.5375	1.5681
2.5363	1.5566
2.5350	1.5579
2.5338	1.5649
2.5326	1.5671
2.5313	1.5481
2.5301	1.5518
2.5289	1.5659
2.5276	1.5715
2.5264	1.5630
2.5252	1.5659
2.5239	1.5723
2.5227	1.5676
2.5215	1.5615
2.5202	1.5664
2.5190	1.5640
2.5178	1.5601
2.5166	1.5696
2.5154	1.5664
2.5141	1.5693
2.5129	1.5620
2.5117	1.5513
2.5105	1.5571
2.5093	1.5571
2.5081	1.5630
2.5068	1.5620
2.5056	1.5608
2.5044	1.5552
2.5032	1.5452
2.5020	1.5491
2.5008	1.5513
2.4996	1.5613
2.4984	1.5542
2.4972	1.5505
2.4960	1.5564
2.4948	1.5513
2.4936	1.5520
2.4924	1.5542
2.4912	1.5559
2.4900	1.5613
2.4888	1.5630
2.4876	1.5559
2.4864	1.5552
2.4852	1.5544
2.4840	1.5564
2.4828	1.5508
2.4816	1.5488
2.4805	1.5566
2.4793	1.5576
2.4781	1.5520
2.4769	1.5425
2.4757	1.5388
2.4745	1.5432
2.4734	1.5400
2.4722	1.5317
2.4710	1.5427
2.4698	1.5535
2.4686	1.5525
2.4675	1.5410
2.4663	1.5330
2.4651	1.5361
2.4640	1.5454
2.4628	1.5366
2.4616	1.5254
2.4604	1.5378
2.4593	1.5386
2.4581	1.5327
2.4569	1.5305
2.4558	1.5286
2.4546	1.5334
2.4535	1.5359
2.4523	1.5344
2.4511	1.5349
2.4500	1.5410
2.4488	1.5483
2.4477	1.5493
2.4465	1.5359
2.4454	1.5200
2.4442	1.5156
2.4431	1.5151
2.4419	1.5227
2.4408	1.5256
2.4396	1.5186
2.4385	1.5146
2.4373	1.5122
2.4362	1.5195
2.4350	1.5317
2.4339	1.5373
2.4327	1.5290
2.4316	1.5132
2.4305	1.5142
2.4293	1.5229
2.4282	1.5276
2.4270	1.5237
2.4259	1.5164
2.4248	1.5090
2.4236	1.5110
2.4225	1.5205
2.4214	1.5098
2.4202	1.5027
2.4191	1.5103
2.4180	1.5105
2.4169	1.5051
2.4157	1.5164
2.4146	1.5273
2.4135	1.5166
2.4124	1.5032
2.4112	1.4985
2.4101	1.5120
2.4090	1.5156
2.4079	1.5166
2.4068	1.5056
2.4056	1.5049
2.4045	1.5181
2.4034	1.5190
2.4023	1.5115
2.4012	1.5120
2.4001	1.5076
2.3990	1.5068
2.3979	1.4990
2.3967	1.4998
2.3956	1.5122
2.3945	1.5076
2.3934	1.5017
2.3923	1.5122
2.3912	1.5100
2.3901	1.5029
2.3890	1.5151
2.3879	1.5249
2.3868	1.5093
2.3857	1.5051
2.3846	1.5059
2.3835	1.5041
2.3824	1.4995
2.3813	1.5059
2.3802	1.5095
2.3791	1.5088
2.3781	1.5129
2.3770	1.5137
2.3759	1.5122
2.3748	1.5146
2.3737	1.5234
2.3726	1.5207
2.3715	1.5124
2.3704	1.5037
2.3694	1.4976
2.3683	1.5073
2.3672	1.5093
2.3661	1.5056
2.3650	1.5105
2.3640	1.5132
2.3629	1.5110
2.3618	1.5095
2.3607	1.5032
2.3597	1.5088
2.3586	1.5212
2.3575	1.5330
2.3564	1.5403
2.3554	1.5266
2.3543	1.5107
2.3532	1.5149
2.3522	1.5085
2.3511	1.4993
2.3500	1.5151
2.3490	1.5149
2.3479	1.4915
2.3468	1.4939
2.3458	1.5183
2.3447	1.5207
2.3436	1.5146
2.3426	1.5054
2.3415	1.5071
2.3405	1.5100
2.3394	1.5149
2.3384	1.5173
2.3373	1.5168
2.3363	1.5134
2.3352	1.4995
2.3342	1.5010
2.3331	1.4932
2.3321	1.4968
2.3310	1.5090
2.3300	1.5071
2.3289	1.4971
2.3279	1.5019
2.3268	1.5073
2.3258	1.5061
2.3247	1.4993
2.3237	1.5071
2.3226	1.5000
2.3216	1.4946
2.3206	1.4915
2.3195	1.4963
2.3185	1.4922
2.3175	1.5012
2.3164	1.5117
2.3154	1.5068
2.3144	1.5034
2.3133	1.4995
2.3123	1.4963
2.3113	1.4922
2.3102	1.4888
2.3092	1.4934
2.3082	1.4883
2.3071	1.4766
2.3061	1.4797
2.3051	1.4924
2.3041	1.4890
2.3030	1.4871
2.3020	1.4985
2.3010	1.4912
2.3000	1.4880
2.2990	1.5024
2.2979	1.5071
2.2969	1.5061
2.2959	1.4924
2.2949	1.4907
2.2939	1.4900
2.2929	1.4946
2.2918	1.5105
2.2908	1.5151
2.2898	1.5171
2.2888	1.5015
2.2878	1.4802
2.2868	1.4844
2.2858	1.4983
2.2848	1.4961
2.2838	1.4988
2.2828	1.4958
2.2818	1.4851
2.2808	1.4880
2.2798	1.4812
2.2787	1.4841
2.2777	1.4946
2.2767	1.4856
2.2757	1.4773
2.2747	1.5015
2.2738	1.5173
2.2728	1.5039
2.2718	1.4832
2.2708	1.4915
2.2698	1.4936
2.2688	1.4949
2.2678	1.4995
2.2668	1.5012
2.2658	1.5078
2.2648	1.4983
2.2638	1.4939
2.2628	1.4851
2.2618	1.4827
2.2609	1.4934
2.2599	1.4939
2.2589	1.4812
2.2579	1.4915
2.2569	1.5007
2.2559	1.4963
2.2550	1.4980
2.2540	1.5017
2.2530	1.5088
2.2520	1.5117
2.2510	1.5061
2.2501	1.5034
2.2491	1.4853
2.2481	1.4773
2.2471	1.4883
2.2462	1.4924
2.2452	1.4824
2.2442	1.4775
2.2433	1.4895
2.2423	1.4802
2.2413	1.4807
2.2403	1.4849
2.2394	1.4819
2.2384	1.4849
2.2374	1.4795
2.2365	1.4834
2.2355	1.4812
2.2345	1.4763
2.2336	1.4885
2.2326	1.4824
2.2317	1.4766
2.2307	1.4839
2.2297	1.4912
2.2288	1.4810
2.2278	1.4858
2.2269	1.4875
2.2259	1.4856
2.2250	1.4880
2.2240	1.4934
2.2231	1.4844
2.2221	1.4685
2.2211	1.4619
2.2202	1.4578
2.2192	1.4595
2.2183	1.4673
2.2173	1.4790
2.2164	1.4880
2.2155	1.4885
2.2145	1.4778
2.2136	1.4819
2.2126	1.4807
2.2117	1.4797
2.2107	1.4792
2.2098	1.4673
2.2088	1.4529
2.2079	1.4570
2.2070	1.4658
2.2060	1.4617
2.2051	1.4561
2.2041	1.4526
2.2032	1.4565
2.2023	1.4582
2.2013	1.4690
2.2004	1.4680
2.1995	1.4553
2.1985	1.4731
2.1976	1.4885
2.1967	1.4753
2.1957	1.4683
2.1948	1.4912
2.1939	1.4871
2.1930	1.4705
2.1920	1.4729
2.1911	1.4604
2.1902	1.4582
2.1893	1.4719
2.1883	1.4656
2.1874	1.4512
2.1865	1.4626
2.1856	1.4656
2.1846	1.4631
2.1837	1.4687
2.1828	1.4661
2.1819	1.4663
2.1810	1.4778
2.1800	1.4978
2.1791	1.4893
2.1782	1.4766
2.1773	1.4705
2.1764	1.4622
2.1755	1.4731
2.1746	1.4773
2.1736	1.4812
2.1727	1.4758
2.1718	1.4690
2.1709	1.4768
2.1700	1.4673
2.1691	1.4573
2.1682	1.4653
2.1673	1.4612
2.1664	1.4624
2.1655	1.4734
2.1646	1.4678
2.1637	1.4685
2.1628	1.4717
2.1619	1.4880
2.1610	1.4858
2.1601	1.4751
2.1592	1.4741
2.1583	1.4746
2.1574	1.4624
2.1565	1.4812
2.1556	1.4998
2.1547	1.4802
2.1538	1.4705
2.1529	1.4841
2.1520	1.4807
2.1511	1.4719
2.1502	1.4609
2.1493	1.4778
2.1484	1.5007
2.1475	1.4963
2.1466	1.4788
2.1458	1.4648
2.1449	1.4597
2.1440	1.4741
2.1431	1.4875
2.1422	1.4836
2.1413	1.4724
2.1404	1.4641
2.1396	1.4514
2.1387	1.4629
2.1378	1.4702
2.1369	1.4727
2.1360	1.4775
2.1352	1.4863
2.1343	1.4785
2.1334	1.4678
2.1325	1.4661
2.1316	1.4766
2.1308	1.4680
2.1299	1.4687
2.1290	1.4770
2.1281	1.4748
2.1273	1.4687
2.1264	1.4622
2.1255	1.4641
2.1247	1.4509
2.1238	1.4551
2.1229	1.4751
2.1220	1.4729
2.1212	1.4707
2.1203	1.4631
2.1194	1.4470
2.1186	1.4580
2.1177	1.4756
2.1168	1.4661
2.1160	1.4497
2.1151	1.4507
2.1143	1.4768
2.1134	1.4807
2.1125	1.4705
2.1117	1.4717
2.1108	1.4780
2.1100	1.4785
2.1091	1.4556
2.1082	1.4451
2.1074	1.4717
2.1065	1.4832
2.1057	1.4702
2.1048	1.4722
2.1040	1.4783
2.1031	1.4761
2.1023	1.4580
2.1014	1.4644
2.1005	1.4700
2.0997	1.4653
2.0988	1.4705
2.0980	1.4690
2.0971	1.4561
2.0963	1.4592
2.0955	1.4680
2.0946	1.4546
2.0938	1.4595
2.0929	1.4592
2.0921	1.4492
2.0912	1.4446
2.0904	1.4678
2.0895	1.4770
2.0887	1.4585
2.0879	1.4485
2.0870	1.4585
2.0862	1.4604
2.0853	1.4582
2.0845	1.4653
2.0837	1.4810
2.0828	1.4724
2.0820	1.4695
2.0812	1.4739
2.0803	1.4792
2.0795	1.4670
