Name:  TIL 82402
Type:  Stony Meteorites
Class:  Ordinary Chondrite
Subclass:  LL6
Particle Size:  0-75 micrometers
Sample No.:  TIL 82402
Owner:  JHU
Wavelength range:  IR
Origin:  Meteorite found in Antarctica in 1982.  Smithsonian sample No. TIL 
82402.05.
Description:  None.





Measurement:  Bidirectional reflectance
First Column:  X
Second Column:  Y
X Units:  Wavelength (micrometers)
Y Units:  Reflectance (percent)
First X Value:  25.044
Last X Value:  2.0795
Number of X Values:  2286
Additional information:  None

25.044	1.0640
24.924	0.99830
24.805	0.97900
24.686	0.99510
24.569	1.0237
24.454	1.0347
24.339	1.0178
24.225	0.97900
24.112	0.91670
24.001	0.84640
23.890	0.78740
23.781	0.73630
23.672	0.68920
23.564	0.64670
23.458	0.61690
23.352	0.60060
23.247	0.59160
23.144	0.59010
23.041	0.59230
22.939	0.58910
22.838	0.57570
22.738	0.55470
22.638	0.53390
22.540	0.51900
22.442	0.51610
22.345	0.52470
22.250	0.53610
22.154	0.54810
22.060	0.56230
21.967	0.57280
21.874	0.57860
21.782	0.58250
21.691	0.58570
21.601	0.58790
21.511	0.58690
21.422	0.59280
21.334	0.60820
21.247	0.62060
21.160	0.62870
21.074	0.63550
20.988	0.64330
20.904	0.65410
20.820	0.67020
20.737	0.69780
20.654	0.73270
20.572	0.76000
20.491	0.77730
20.410	0.78610
20.330	0.78810
20.251	0.78470
20.172	0.78050
20.094	0.77950
20.016	0.78150
19.939	0.78370
19.863	0.78660
19.787	0.78950
19.712	0.79050
19.637	0.79000
19.563	0.79220
19.489	0.79860
19.416	0.80690
19.344	0.81540
19.272	0.82150
19.201	0.82030
19.130	0.81030
19.059	0.79570
18.990	0.78150
18.920	0.77070
18.851	0.76340
18.783	0.76030
18.715	0.76150
18.648	0.76390
18.581	0.76460
18.515	0.76290
18.449	0.75610
18.384	0.74540
18.319	0.73220
18.254	0.72170
18.190	0.71480
18.126	0.70950
18.063	0.70700
18.001	0.70630
17.938	0.70530
17.876	0.70580
17.815	0.70900
17.754	0.71510
17.693	0.72020
17.633	0.72020
17.573	0.71700
17.514	0.71020
17.455	0.69870
17.396	0.68460
17.338	0.67210
17.280	0.66480
17.223	0.66160
17.166	0.66190
17.109	0.66480
17.053	0.66700
16.997	0.66630
16.942	0.66210
16.886	0.65720
16.832	0.65330
16.777	0.64990
16.723	0.64870
16.669	0.64750
16.616	0.64750
16.563	0.65110
16.510	0.65700
16.458	0.66260
16.406	0.66770
16.354	0.67110
16.302	0.67310
16.251	0.67430
16.200	0.67820
16.150	0.68600
16.100	0.69260
16.050	0.69380
16.000	0.69020
15.951	0.67990
15.902	0.66360
15.854	0.64310
15.805	0.62260
15.757	0.60520
15.710	0.58980
15.662	0.57930
15.615	0.57570
15.568	0.57760
15.521	0.58280
15.475	0.58790
15.429	0.59450
15.383	0.60280
15.338	0.61230
15.292	0.62740
15.248	0.65040
15.203	0.67990
15.158	0.71360
15.114	0.74730
15.070	0.77880
15.027	0.80400
14.983	0.81930
14.940	0.82910
14.897	0.83790
14.854	0.84860
14.812	0.86380
14.770	0.88350
14.728	0.90720
14.686	0.93040
14.645	0.95260
14.603	0.97680
14.562	1.0054
14.521	1.0386
14.481	1.0735
14.441	1.1082
14.400	1.1406
14.361	1.1677
14.321	1.1907
14.281	1.2112
14.242	1.2322
14.203	1.2527
14.164	1.2700
14.126	1.2837
14.087	1.2942
14.049	1.2993
14.011	1.2978
13.973	1.2886
13.936	1.2747
13.899	1.2571
13.861	1.2385
13.824	1.2231
13.788	1.2168
13.751	1.2217
13.715	1.2368
13.679	1.2585
13.643	1.2844
13.607	1.3113
13.571	1.3372
13.536	1.3621
13.500	1.3874
13.465	1.4145
13.430	1.4438
13.396	1.4739
13.361	1.5022
13.327	1.5295
13.293	1.5564
13.259	1.5815
13.225	1.6035
13.191	1.6213
13.158	1.6350
13.124	1.6443
13.091	1.6487
13.058	1.6501
13.026	1.6499
12.993	1.6475
12.960	1.6414
12.928	1.6318
12.896	1.6204
12.864	1.6077
12.832	1.5940
12.800	1.5798
12.769	1.5669
12.737	1.5561
12.706	1.5464
12.675	1.5361
12.644	1.5249
12.614	1.5120
12.583	1.4958
12.552	1.4756
12.522	1.4543
12.492	1.4343
12.462	1.4145
12.432	1.3943
12.402	1.3745
12.373	1.3562
12.343	1.3359
12.314	1.3105
12.285	1.2800
12.256	1.2427
12.227	1.1970
12.198	1.1467
12.169	1.0967
12.141	1.0496
12.113	1.0054
12.084	0.96440
12.056	0.92600
12.028	0.88720
12.000	0.84960
11.973	0.81790
11.945	0.79520
11.918	0.78250
11.890	0.77950
11.863	0.78710
11.836	0.80100
11.809	0.81370
11.782	0.82300
11.755	0.82930
11.729	0.83470
11.702	0.83940
11.676	0.84500
11.650	0.85570
11.624	0.87230
11.598	0.89180
11.572	0.91310
11.546	0.93820
11.520	0.96630
11.495	0.99340
11.469	1.0186
11.444	1.0415
11.419	1.0627
11.394	1.0815
11.369	1.0967
11.344	1.1096
11.319	1.1204
11.294	1.1257
11.270	1.1252
11.245	1.1196
11.221	1.1108
11.197	1.0994
11.173	1.0864
11.149	1.0745
11.125	1.0654
11.101	1.0593
11.077	1.0547
11.054	1.0525
11.030	1.0530
11.007	1.0552
10.983	1.0576
10.960	1.0608
10.937	1.0645
10.914	1.0676
10.891	1.0698
10.868	1.0730
10.846	1.0786
10.823	1.0869
10.800	1.0969
10.778	1.1079
10.755	1.1186
10.733	1.1265
10.711	1.1304
10.689	1.1304
10.667	1.1248
10.645	1.1118
10.623	1.0903
10.602	1.0625
10.580	1.0300
10.558	0.99610
10.537	0.96530
10.516	0.94040
10.494	0.92160
10.473	0.90650
10.452	0.89400
10.431	0.88310
10.410	0.87280
10.389	0.86500
10.368	0.86080
10.348	0.86210
10.327	0.86870
10.306	0.87840
10.286	0.88960
10.266	0.89870
10.245	0.90280
10.225	0.90190
10.205	0.89530
10.185	0.88530
10.165	0.87380
10.145	0.86180
10.125	0.85010
10.106	0.83890
10.086	0.82960
10.066	0.82230
10.047	0.81710
10.027	0.81400
10.008	0.81200
9.9887	0.81010
9.9695	0.80660
9.9504	0.80370
9.9313	0.80250
9.9123	0.80370
9.8934	0.80620
9.8746	0.81010
9.8558	0.81450
9.8371	0.81860
9.8185	0.82350
9.7999	0.83010
9.7814	0.83890
9.7630	0.84910
9.7447	0.85910
9.7264	0.86820
9.7082	0.87620
9.6900	0.88380
9.6719	0.89310
9.6539	0.90450
9.6360	0.91750
9.6181	0.93070
9.6003	0.94340
9.5825	0.95410
9.5649	0.96190
9.5472	0.96730
9.5297	0.97170
9.5122	0.97510
9.4948	0.97680
9.4774	0.97610
9.4601	0.97240
9.4429	0.96560
9.4257	0.95510
9.4086	0.94210
9.3916	0.92800
9.3746	0.91380
9.3577	0.89890
9.3408	0.88450
9.3240	0.87010
9.3073	0.85620
9.2906	0.84350
9.2740	0.83200
9.2574	0.82200
9.2409	0.81350
9.2245	0.80790
9.2081	0.80620
9.1918	0.80690
9.1755	0.80980
9.1593	0.81450
9.1431	0.81810
9.1270	0.81930
9.1110	0.81880
9.0950	0.81880
9.0791	0.81910
9.0632	0.81960
9.0474	0.82080
9.0316	0.82150
9.0159	0.82130
9.0003	0.81910
8.9847	0.81520
8.9691	0.81010
8.9536	0.80570
8.9382	0.80370
8.9228	0.80570
8.9075	0.81130
8.8922	0.82030
8.8770	0.82980
8.8618	0.83620
8.8467	0.83810
8.8316	0.83740
8.8166	0.83620
8.8016	0.83620
8.7867	0.83940
8.7718	0.84590
8.7570	0.85450
8.7422	0.86210
8.7275	0.86820
8.7129	0.87330
8.6982	0.87820
8.6837	0.88260
8.6692	0.88700
8.6547	0.89180
8.6403	0.89770
8.6259	0.90450
8.6116	0.91450
8.5973	0.92820
8.5830	0.94530
8.5688	0.96480
8.5547	0.98510
8.5406	1.0051
8.5266	1.0242
8.5126	1.0435
8.4986	1.0652
8.4847	1.0906
8.4708	1.1204
8.4570	1.1550
8.4432	1.1924
8.4295	1.2312
8.4158	1.2703
8.4022	1.3096
8.3886	1.3501
8.3750	1.3928
8.3615	1.4387
8.3481	1.4878
8.3347	1.5391
8.3213	1.5923
8.3079	1.6470
8.2946	1.7021
8.2814	1.7578
8.2682	1.8137
8.2550	1.8696
8.2419	1.9246
8.2288	1.9780
8.2158	2.0298
8.2028	2.0798
8.1898	2.1279
8.1769	2.1738
8.1640	2.2190
8.1512	2.2637
8.1384	2.3081
8.1256	2.3516
8.1129	2.3943
8.1002	2.4360
8.0876	2.4770
8.0750	2.5173
8.0624	2.5574
8.0499	2.5964
8.0374	2.6338
8.0250	2.6687
8.0126	2.7014
8.0002	2.7329
7.9879	2.7642
7.9756	2.7952
7.9634	2.8259
7.9512	2.8562
7.9390	2.8850
7.9268	2.9123
7.9147	2.9377
7.9027	2.9624
7.8906	2.9861
7.8786	3.0090
7.8667	3.0320
7.8548	3.0557
7.8429	3.0791
7.8310	3.1025
7.8192	3.1262
7.8075	3.1499
7.7957	3.1738
7.7840	3.1973
7.7723	3.2200
7.7607	3.2412
7.7491	3.2600
7.7375	3.2761
7.7260	3.2898
7.7145	3.3022
7.7031	3.3140
7.6916	3.3252
7.6802	3.3364
7.6689	3.3476
7.6575	3.3586
7.6462	3.3691
7.6350	3.3796
7.6238	3.3909
7.6126	3.4023
7.6014	3.4153
7.5903	3.4299
7.5792	3.4463
7.5681	3.4639
7.5571	3.4822
7.5461	3.5015
7.5351	3.5212
7.5242	3.5413
7.5133	3.5618
7.5024	3.5830
7.4916	3.6042
7.4807	3.6247
7.4700	3.6445
7.4592	3.6638
7.4485	3.6826
7.4378	3.7014
7.4272	3.7207
7.4165	3.7407
7.4059	3.7607
7.3954	3.7805
7.3848	3.8000
7.3743	3.8198
7.3639	3.8396
7.3534	3.8599
7.3430	3.8794
7.3326	3.8972
7.3223	3.9128
7.3119	3.9267
7.3016	3.9394
7.2914	3.9519
7.2811	3.9646
7.2709	3.9785
7.2607	3.9929
7.2506	4.0071
7.2404	4.0205
7.2303	4.0332
7.2203	4.0459
7.2102	4.0579
7.2002	4.0701
7.1902	4.0820
7.1803	4.0935
7.1703	4.1045
7.1604	4.1140
7.1506	4.1218
7.1407	4.1299
7.1309	4.1384
7.1211	4.1482
7.1113	4.1599
7.1016	4.1733
7.0919	4.1880
7.0822	4.2026
7.0725	4.2168
7.0629	4.2312
7.0533	4.2466
7.0437	4.2627
7.0341	4.2795
7.0246	4.2961
7.0151	4.3118
7.0056	4.3257
6.9962	4.3374
6.9867	4.3481
6.9773	4.3584
6.9679	4.3684
6.9586	4.3787
6.9493	4.3899
6.9400	4.4011
6.9307	4.4119
6.9214	4.4226
6.9122	4.4321
6.9030	4.4392
6.8938	4.4441
6.8847	4.4487
6.8755	4.4541
6.8664	4.4614
6.8573	4.4709
6.8483	4.4829
6.8393	4.4949
6.8302	4.5056
6.8213	4.5146
6.8123	4.5229
6.8034	4.5315
6.7944	4.5405
6.7855	4.5505
6.7767	4.5615
6.7678	4.5725
6.7590	4.5820
6.7502	4.5898
6.7414	4.5957
6.7327	4.5994
6.7239	4.6011
6.7152	4.6016
6.7065	4.6018
6.6979	4.6018
6.6892	4.6016
6.6806	4.6006
6.6720	4.5984
6.6634	4.5947
6.6549	4.5901
6.6464	4.5859
6.6378	4.5825
6.6294	4.5808
6.6209	4.5806
6.6124	4.5810
6.6040	4.5810
6.5956	4.5806
6.5872	4.5803
6.5789	4.5815
6.5705	4.5847
6.5622	4.5908
6.5539	4.5994
6.5456	4.6089
6.5374	4.6167
6.5292	4.6221
6.5209	4.6250
6.5128	4.6265
6.5046	4.6269
6.4964	4.6277
6.4883	4.6299
6.4802	4.6335
6.4721	4.6370
6.4640	4.6399
6.4560	4.6418
6.4480	4.6426
6.4399	4.6418
6.4320	4.6399
6.4240	4.6374
6.4160	4.6352
6.4081	4.6333
6.4002	4.6323
6.3923	4.6301
6.3844	4.6262
6.3766	4.6203
6.3687	4.6120
6.3609	4.6023
6.3531	4.5920
6.3454	4.5832
6.3376	4.5766
6.3299	4.5713
6.3221	4.5666
6.3144	4.5627
6.3068	4.5586
6.2991	4.5539
6.2914	4.5486
6.2838	4.5432
6.2762	4.5383
6.2686	4.5339
6.2611	4.5300
6.2535	4.5264
6.2460	4.5229
6.2385	4.5188
6.2310	4.5139
6.2235	4.5088
6.2160	4.5032
6.2086	4.4971
6.2011	4.4905
6.1937	4.4834
6.1863	4.4758
6.1790	4.4683
6.1716	4.4614
6.1643	4.4565
6.1570	4.4531
6.1496	4.4499
6.1424	4.4446
6.1351	4.4360
6.1278	4.4236
6.1206	4.4072
6.1134	4.3877
6.1062	4.3662
6.0990	4.3430
6.0918	4.3169
6.0847	4.2871
6.0776	4.2537
6.0704	4.2178
6.0633	4.1819
6.0563	4.1477
6.0492	4.1179
6.0421	4.0950
6.0351	4.0793
6.0281	4.0705
6.0211	4.0681
6.0141	4.0718
6.0071	4.0801
6.0002	4.0915
5.9932	4.1057
5.9863	4.1230
5.9794	4.1423
5.9725	4.1626
5.9657	4.1824
5.9588	4.2012
5.9520	4.2185
5.9451	4.2346
5.9383	4.2502
5.9315	4.2663
5.9247	4.2829
5.9180	4.2988
5.9112	4.3135
5.9045	4.3264
5.8978	4.3386
5.8911	4.3501
5.8844	4.3620
5.8777	4.3750
5.8711	4.3891
5.8644	4.4026
5.8578	4.4153
5.8512	4.4267
5.8446	4.4368
5.8380	4.4451
5.8314	4.4526
5.8249	4.4604
5.8184	4.4690
5.8118	4.4780
5.8053	4.4863
5.7988	4.4917
5.7923	4.4936
5.7859	4.4917
5.7794	4.4853
5.7730	4.4761
5.7666	4.4648
5.7602	4.4524
5.7538	4.4380
5.7474	4.4209
5.7410	4.4018
5.7347	4.3806
5.7283	4.3572
5.7220	4.3320
5.7157	4.3064
5.7094	4.2808
5.7031	4.2556
5.6969	4.2312
5.6906	4.2092
5.6844	4.1897
5.6782	4.1733
5.6719	4.1609
5.6657	4.1536
5.6596	4.1518
5.6534	4.1565
5.6472	4.1670
5.6411	4.1826
5.6349	4.2029
5.6288	4.2266
5.6227	4.2532
5.6166	4.2815
5.6106	4.3115
5.6045	4.3425
5.5984	4.3735
5.5924	4.4031
5.5864	4.4314
5.5804	4.4575
5.5744	4.4807
5.5684	4.5010
5.5624	4.5183
5.5564	4.5334
5.5505	4.5461
5.5445	4.5571
5.5386	4.5664
5.5327	4.5745
5.5268	4.5808
5.5209	4.5854
5.5151	4.5891
5.5092	4.5923
5.5033	4.5952
5.4975	4.5986
5.4917	4.6030
5.4859	4.6081
5.4801	4.6147
5.4743	4.6225
5.4685	4.6308
5.4628	4.6404
5.4570	4.6514
5.4513	4.6633
5.4455	4.6760
5.4398	4.6899
5.4341	4.7043
5.4284	4.7187
5.4228	4.7329
5.4171	4.7473
5.4114	4.7617
5.4058	4.7766
5.4002	4.7912
5.3945	4.8061
5.3889	4.8205
5.3833	4.8342
5.3778	4.8467
5.3722	4.8577
5.3666	4.8677
5.3611	4.8769
5.3555	4.8848
5.3500	4.8909
5.3445	4.8953
5.3390	4.8982
5.3335	4.9004
5.3280	4.9014
5.3225	4.9023
5.3171	4.9026
5.3116	4.9023
5.3062	4.9011
5.3008	4.8992
5.2954	4.8974
5.2900	4.8960
5.2846	4.8950
5.2792	4.8940
5.2738	4.8931
5.2684	4.8926
5.2631	4.8923
5.2578	4.8933
5.2524	4.8953
5.2471	4.8982
5.2418	4.9021
5.2365	4.9060
5.2312	4.9099
5.2260	4.9140
5.2207	4.9182
5.2154	4.9224
5.2102	4.9270
5.2050	4.9316
5.1998	4.9355
5.1945	4.9390
5.1893	4.9419
5.1842	4.9446
5.1790	4.9475
5.1738	4.9516
5.1686	4.9575
5.1635	4.9653
5.1584	4.9748
5.1532	4.9858
5.1481	4.9971
5.1430	5.0076
5.1379	5.0178
5.1328	5.0276
5.1277	5.0371
5.1227	5.0464
5.1176	5.0559
5.1126	5.0652
5.1075	5.0732
5.1025	5.0806
5.0975	5.0874
5.0925	5.0940
5.0875	5.1013
5.0825	5.1089
5.0775	5.1169
5.0726	5.1245
5.0676	5.1313
5.0627	5.1377
5.0577	5.1433
5.0528	5.1487
5.0479	5.1540
5.0430	5.1592
5.0380	5.1640
5.0332	5.1687
5.0283	5.1728
5.0234	5.1770
5.0185	5.1809
5.0137	5.1853
5.0088	5.1902
5.0040	5.1958
4.9992	5.2016
4.9944	5.2080
4.9896	5.2153
4.9848	5.2234
4.9800	5.2322
4.9752	5.2427
4.9704	5.2549
4.9657	5.2688
4.9609	5.2839
4.9562	5.3003
4.9514	5.3174
4.9467	5.3345
4.9420	5.3523
4.9373	5.3708
4.9326	5.3904
4.9279	5.4097
4.9232	5.4287
4.9186	5.4460
4.9139	5.4617
4.9092	5.4758
4.9046	5.4892
4.9000	5.5032
4.8953	5.5168
4.8907	5.5303
4.8861	5.5432
4.8815	5.5552
4.8769	5.5657
4.8723	5.5749
4.8678	5.5835
4.8632	5.5918
4.8586	5.5996
4.8541	5.6072
4.8495	5.6150
4.8450	5.6228
4.8405	5.6311
4.8360	5.6406
4.8315	5.6509
4.8270	5.6621
4.8225	5.6738
4.8180	5.6855
4.8135	5.6963
4.8090	5.7065
4.8046	5.7165
4.8001	5.7263
4.7957	5.7353
4.7913	5.7444
4.7868	5.7536
4.7824	5.7629
4.7780	5.7720
4.7736	5.7810
4.7692	5.7893
4.7648	5.7971
4.7605	5.8042
4.7561	5.8103
4.7517	5.8157
4.7474	5.8210
4.7431	5.8264
4.7387	5.8320
4.7344	5.8381
4.7301	5.8457
4.7258	5.8537
4.7215	5.8623
4.7172	5.8706
4.7129	5.8784
4.7086	5.8860
4.7043	5.8933
4.7000	5.9004
4.6958	5.9075
4.6915	5.9143
4.6873	5.9206
4.6831	5.9263
4.6788	5.9311
4.6746	5.9370
4.6704	5.9441
4.6662	5.9536
4.6620	5.9648
4.6578	5.9770
4.6536	5.9883
4.6495	5.9980
4.6453	6.0063
4.6411	6.0134
4.6370	6.0198
4.6328	6.0266
4.6287	6.0339
4.6246	6.0417
4.6205	6.0495
4.6163	6.0569
4.6122	6.0639
4.6081	6.0708
4.6040	6.0766
4.6000	6.0820
4.5959	6.0867
4.5918	6.0910
4.5877	6.0947
4.5837	6.0979
4.5796	6.1018
4.5756	6.1062
4.5716	6.1108
4.5675	6.1147
4.5635	6.1184
4.5595	6.1221
4.5555	6.1257
4.5515	6.1296
4.5475	6.1340
4.5435	6.1389
4.5395	6.1433
4.5356	6.1474
4.5316	6.1516
4.5276	6.1562
4.5237	6.1606
4.5197	6.1645
4.5158	6.1677
4.5119	6.1704
4.5080	6.1723
4.5040	6.1738
4.5001	6.1748
4.4962	6.1760
4.4923	6.1775
4.4884	6.1797
4.4846	6.1824
4.4807	6.1860
4.4768	6.1899
4.4730	6.1931
4.4691	6.1948
4.4652	6.1960
4.4614	6.1977
4.4576	6.2004
4.4537	6.2038
4.4499	6.2082
4.4461	6.2139
4.4423	6.2192
4.4385	6.2226
4.4347	6.2248
4.4309	6.2263
4.4271	6.2270
4.4233	6.2275
4.4196	6.2295
4.4158	6.2334
4.4120	6.2383
4.4083	6.2431
4.4045	6.2480
4.4008	6.2522
4.3971	6.2546
4.3934	6.2561
4.3896	6.2573
4.3859	6.2590
4.3822	6.2610
4.3785	6.2639
4.3748	6.2673
4.3711	6.2712
4.3674	6.2742
4.3638	6.2764
4.3601	6.2781
4.3564	6.2793
4.3528	6.2800
4.3491	6.2807
4.3455	6.2825
4.3418	6.2849
4.3382	6.2868
4.3346	6.2883
4.3310	6.2893
4.3273	6.2903
4.3237	6.2912
4.3201	6.2922
4.3165	6.2937
4.3129	6.2961
4.3094	6.2983
4.3058	6.3005
4.3022	6.3030
4.2986	6.3054
4.2951	6.3078
4.2915	6.3105
4.2880	6.3127
4.2844	6.3154
4.2809	6.3176
4.2774	6.3196
4.2738	6.3215
4.2703	6.3242
4.2668	6.3279
4.2633	6.3320
4.2598	6.3362
4.2563	6.3406
4.2528	6.3442
4.2493	6.3467
4.2458	6.3489
4.2424	6.3511
4.2389	6.3530
4.2354	6.3555
4.2320	6.3584
4.2285	6.3620
4.2251	6.3660
4.2216	6.3701
4.2182	6.3740
4.2148	6.3774
4.2113	6.3801
4.2079	6.3821
4.2045	6.3838
4.2011	6.3850
4.1977	6.3867
4.1943	6.3889
4.1909	6.3916
4.1875	6.3945
4.1841	6.3979
4.1808	6.4014
4.1774	6.4045
4.1740	6.4067
4.1707	6.4082
4.1673	6.4094
4.1640	6.4099
4.1606	6.4101
4.1573	6.4104
4.1540	6.4109
4.1506	6.4114
4.1473	6.4121
4.1440	6.4136
4.1407	6.4158
4.1374	6.4182
4.1341	6.4204
4.1308	6.4223
4.1275	6.4233
4.1242	6.4241
4.1209	6.4248
4.1177	6.4260
4.1144	6.4285
4.1111	6.4316
4.1079	6.4350
4.1046	6.4382
4.1014	6.4411
4.0981	6.4438
4.0949	6.4458
4.0917	6.4465
4.0884	6.4468
4.0852	6.4465
4.0820	6.4465
4.0788	6.4470
4.0756	6.4485
4.0724	6.4507
4.0692	6.4536
4.0660	6.4565
4.0628	6.4592
4.0596	6.4612
4.0565	6.4631
4.0533	6.4641
4.0501	6.4646
4.0470	6.4648
4.0438	6.4656
4.0406	6.4670
4.0375	6.4692
4.0344	6.4719
4.0312	6.4751
4.0281	6.4780
4.0250	6.4800
4.0218	6.4812
4.0187	6.4814
4.0156	6.4814
4.0125	6.4814
4.0094	6.4817
4.0063	6.4819
4.0032	6.4824
4.0001	6.4824
3.9970	6.4822
3.9940	6.4819
3.9909	6.4822
3.9878	6.4834
3.9847	6.4851
3.9817	6.4873
3.9786	6.4892
3.9756	6.4897
3.9725	6.4890
3.9695	6.4880
3.9665	6.4873
3.9634	6.4875
3.9604	6.4895
3.9574	6.4922
3.9544	6.4944
3.9513	6.4949
3.9483	6.4939
3.9453	6.4927
3.9423	6.4912
3.9393	6.4905
3.9363	6.4907
3.9333	6.4912
3.9304	6.4910
3.9274	6.4900
3.9244	6.4883
3.9214	6.4866
3.9185	6.4858
3.9155	6.4861
3.9126	6.4880
3.9096	6.4910
3.9067	6.4941
3.9037	6.4966
3.9008	6.4985
3.8979	6.4993
3.8949	6.4988
3.8920	6.4980
3.8891	6.4973
3.8862	6.4966
3.8833	6.4958
3.8804	6.4951
3.8775	6.4946
3.8746	6.4941
3.8717	6.4941
3.8688	6.4946
3.8659	6.4953
3.8630	6.4966
3.8601	6.4973
3.8573	6.4975
3.8544	6.4975
3.8515	6.4968
3.8487	6.4951
3.8458	6.4929
3.8430	6.4902
3.8401	6.4878
3.8373	6.4858
3.8344	6.4848
3.8316	6.4853
3.8288	6.4870
3.8259	6.4892
3.8231	6.4914
3.8203	6.4927
3.8175	6.4927
3.8147	6.4917
3.8119	6.4907
3.8091	6.4895
3.8063	6.4885
3.8035	6.4880
3.8007	6.4880
3.7979	6.4880
3.7951	6.4878
3.7924	6.4885
3.7896	6.4895
3.7868	6.4902
3.7841	6.4907
3.7813	6.4910
3.7785	6.4912
3.7758	6.4910
3.7730	6.4910
3.7703	6.4912
3.7676	6.4914
3.7648	6.4912
3.7621	6.4912
3.7594	6.4910
3.7566	6.4907
3.7539	6.4907
3.7512	6.4905
3.7485	6.4902
3.7458	6.4895
3.7431	6.4890
3.7404	6.4888
3.7377	6.4885
3.7350	6.4883
3.7323	6.4883
3.7296	6.4880
3.7269	6.4870
3.7242	6.4853
3.7216	6.4834
3.7189	6.4817
3.7162	6.4795
3.7136	6.4770
3.7109	6.4748
3.7083	6.4722
3.7056	6.4692
3.7030	6.4665
3.7003	6.4651
3.6977	6.4653
3.6950	6.4663
3.6924	6.4675
3.6898	6.4680
3.6872	6.4670
3.6845	6.4646
3.6819	6.4614
3.6793	6.4587
3.6767	6.4573
3.6741	6.4570
3.6715	6.4577
3.6689	6.4582
3.6663	6.4575
3.6637	6.4553
3.6611	6.4526
3.6585	6.4502
3.6560	6.4487
3.6534	6.4494
3.6508	6.4516
3.6482	6.4541
3.6457	6.4551
3.6431	6.4548
3.6406	6.4536
3.6380	6.4519
3.6355	6.4497
3.6329	6.4485
3.6304	6.4475
3.6278	6.4465
3.6253	6.4455
3.6227	6.4448
3.6202	6.4433
3.6177	6.4409
3.6152	6.4380
3.6127	6.4353
3.6101	6.4333
3.6076	6.4333
3.6051	6.4343
3.6026	6.4355
3.6001	6.4355
3.5976	6.4338
3.5951	6.4311
3.5926	6.4282
3.5901	6.4260
3.5876	6.4250
3.5852	6.4248
3.5827	6.4245
3.5802	6.4231
3.5777	6.4206
3.5753	6.4175
3.5728	6.4138
3.5704	6.4101
3.5679	6.4067
3.5654	6.4038
3.5630	6.4016
3.5605	6.3999
3.5581	6.3977
3.5557	6.3948
3.5532	6.3911
3.5508	6.3872
3.5484	6.3833
3.5459	6.3808
3.5435	6.3799
3.5411	6.3791
3.5387	6.3774
3.5363	6.3743
3.5338	6.3696
3.5314	6.3638
3.5290	6.3584
3.5266	6.3547
3.5242	6.3525
3.5218	6.3506
3.5195	6.3479
3.5171	6.3447
3.5147	6.3406
3.5123	6.3352
3.5099	6.3306
3.5075	6.3269
3.5052	6.3235
3.5028	6.3198
3.5004	6.3161
3.4981	6.3135
3.4957	6.3120
3.4934	6.3108
3.4910	6.3100
3.4887	6.3096
3.4863	6.3083
3.4840	6.3064
3.4816	6.3039
3.4793	6.3020
3.4770	6.3015
3.4746	6.3017
3.4723	6.3025
3.4700	6.3030
3.4677	6.3025
3.4653	6.3005
3.4630	6.2971
3.4607	6.2927
3.4584	6.2878
3.4561	6.2820
3.4538	6.2761
3.4515	6.2702
3.4492	6.2651
3.4469	6.2610
3.4446	6.2580
3.4423	6.2549
3.4400	6.2510
3.4378	6.2463
3.4355	6.2410
3.4332	6.2348
3.4309	6.2287
3.4287	6.2234
3.4264	6.2180
3.4241	6.2117
3.4219	6.2048
3.4196	6.1980
3.4174	6.1916
3.4151	6.1863
3.4129	6.1828
3.4106	6.1816
3.4084	6.1824
3.4061	6.1838
3.4039	6.1860
3.4017	6.1880
3.3994	6.1892
3.3972	6.1897
3.3950	6.1889
3.3928	6.1870
3.3906	6.1846
3.3883	6.1821
3.3861	6.1802
3.3839	6.1785
3.3817	6.1775
3.3795	6.1770
3.3773	6.1765
3.3751	6.1750
3.3729	6.1731
3.3707	6.1719
3.3685	6.1709
3.3663	6.1699
3.3641	6.1680
3.3620	6.1658
3.3598	6.1628
3.3576	6.1599
3.3554	6.1577
3.3533	6.1572
3.3511	6.1575
3.3489	6.1572
3.3468	6.1548
3.3446	6.1506
3.3425	6.1448
3.3403	6.1389
3.3382	6.1345
3.3360	6.1311
3.3339	6.1289
3.3317	6.1277
3.3296	6.1269
3.3274	6.1267
3.3253	6.1262
3.3232	6.1250
3.3210	6.1228
3.3189	6.1189
3.3168	6.1142
3.3147	6.1096
3.3126	6.1059
3.3104	6.1028
3.3083	6.1001
3.3062	6.0972
3.3041	6.0930
3.3020	6.0879
3.2999	6.0830
3.2978	6.0788
3.2957	6.0752
3.2936	6.0735
3.2915	6.0727
3.2894	6.0723
3.2874	6.0715
3.2853	6.0701
3.2832	6.0676
3.2811	6.0637
3.2790	6.0576
3.2770	6.0505
3.2749	6.0434
3.2728	6.0376
3.2708	6.0327
3.2687	6.0298
3.2666	6.0285
3.2646	6.0276
3.2625	6.0261
3.2605	6.0244
3.2584	6.0227
3.2564	6.0207
3.2543	6.0185
3.2523	6.0163
3.2503	6.0144
3.2482	6.0122
3.2462	6.0100
3.2442	6.0066
3.2421	6.0027
3.2401	5.9978
3.2381	5.9924
3.2361	5.9866
3.2340	5.9814
3.2320	5.9770
3.2300	5.9739
3.2280	5.9704
3.2260	5.9668
3.2240	5.9629
3.2220	5.9585
3.2200	5.9536
3.2180	5.9485
3.2160	5.9436
3.2140	5.9397
3.2120	5.9360
3.2100	5.9328
3.2080	5.9299
3.2060	5.9277
3.2040	5.9255
3.2021	5.9236
3.2001	5.9211
3.1981	5.9182
3.1961	5.9143
3.1942	5.9092
3.1922	5.9038
3.1902	5.8992
3.1883	5.8960
3.1863	5.8948
3.1844	5.8945
3.1824	5.8945
3.1805	5.8931
3.1785	5.8896
3.1766	5.8845
3.1746	5.8784
3.1727	5.8721
3.1707	5.8662
3.1688	5.8613
3.1669	5.8572
3.1649	5.8533
3.1630	5.8498
3.1611	5.8462
3.1591	5.8418
3.1572	5.8364
3.1553	5.8306
3.1534	5.8247
3.1515	5.8191
3.1495	5.8142
3.1476	5.8100
3.1457	5.8066
3.1438	5.8032
3.1419	5.7993
3.1400	5.7952
3.1381	5.7905
3.1362	5.7854
3.1343	5.7795
3.1324	5.7734
3.1305	5.7673
3.1286	5.7617
3.1268	5.7573
3.1249	5.7541
3.1230	5.7519
3.1211	5.7502
3.1192	5.7483
3.1174	5.7451
3.1155	5.7400
3.1136	5.7344
3.1117	5.7290
3.1099	5.7239
3.1080	5.7197
3.1061	5.7158
3.1043	5.7121
3.1024	5.7080
3.1006	5.7031
3.0987	5.6990
3.0969	5.6958
3.0950	5.6924
3.0932	5.6890
3.0913	5.6848
3.0895	5.6794
3.0876	5.6736
3.0858	5.6684
3.0840	5.6660
3.0821	5.6655
3.0803	5.6653
3.0785	5.6650
3.0766	5.6636
3.0748	5.6604
3.0730	5.6560
3.0712	5.6514
3.0694	5.6472
3.0675	5.6438
3.0657	5.6404
3.0639	5.6379
3.0621	5.6362
3.0603	5.6343
3.0585	5.6321
3.0567	5.6299
3.0549	5.6274
3.0531	5.6250
3.0513	5.6223
3.0495	5.6194
3.0477	5.6167
3.0459	5.6138
3.0441	5.6116
3.0423	5.6091
3.0406	5.6064
3.0388	5.6033
3.0370	5.5991
3.0352	5.5950
3.0334	5.5913
3.0317	5.5889
3.0299	5.5876
3.0281	5.5874
3.0264	5.5864
3.0246	5.5837
3.0228	5.5803
3.0211	5.5771
3.0193	5.5749
3.0176	5.5730
3.0158	5.5715
3.0140	5.5696
3.0123	5.5659
3.0105	5.5608
3.0088	5.5554
3.0070	5.5513
3.0053	5.5483
3.0036	5.5461
3.0018	5.5449
3.0001	5.5430
2.9984	5.5398
2.9966	5.5349
2.9949	5.5295
2.9932	5.5244
2.9914	5.5193
2.9897	5.5151
2.9880	5.5124
2.9863	5.5110
2.9845	5.5102
2.9828	5.5102
2.9811	5.5110
2.9794	5.5100
2.9777	5.5061
2.9760	5.5010
2.9743	5.4958
2.9726	5.4919
2.9709	5.4902
2.9692	5.4902
2.9675	5.4905
2.9658	5.4885
2.9641	5.4831
2.9624	5.4758
2.9607	5.4685
2.9590	5.4619
2.9573	5.4575
2.9556	5.4551
2.9539	5.4531
2.9523	5.4507
2.9506	5.4473
2.9489	5.4431
2.9472	5.4390
2.9455	5.4355
2.9439	5.4333
2.9422	5.4326
2.9405	5.4328
2.9389	5.4326
2.9372	5.4309
2.9355	5.4280
2.9339	5.4248
2.9322	5.4223
2.9306	5.4221
2.9289	5.4245
2.9272	5.4294
2.9256	5.4363
2.9239	5.4433
2.9223	5.4497
2.9207	5.4546
2.9190	5.4577
2.9174	5.4597
2.9157	5.4604
2.9141	5.4617
2.9124	5.4651
2.9108	5.4702
2.9092	5.4756
2.9075	5.4800
2.9059	5.4836
2.9043	5.4851
2.9027	5.4853
2.9010	5.4858
2.8994	5.4880
2.8978	5.4924
2.8962	5.4985
2.8946	5.5054
2.8929	5.5112
2.8913	5.5139
2.8897	5.5132
2.8881	5.5102
2.8865	5.5073
2.8849	5.5058
2.8833	5.5068
2.8817	5.5098
2.8801	5.5132
2.8785	5.5159
2.8769	5.5173
2.8753	5.5185
2.8737	5.5200
2.8721	5.5215
2.8705	5.5229
2.8689	5.5239
2.8673	5.5251
2.8658	5.5273
2.8642	5.5307
2.8626	5.5364
2.8610	5.5427
2.8594	5.5486
2.8579	5.5537
2.8563	5.5569
2.8547	5.5588
2.8531	5.5600
2.8516	5.5618
2.8500	5.5642
2.8484	5.5669
2.8469	5.5705
2.8453	5.5747
2.8437	5.5788
2.8422	5.5827
2.8406	5.5869
2.8391	5.5908
2.8375	5.5945
2.8360	5.5969
2.8344	5.5989
2.8329	5.6003
2.8313	5.6011
2.8298	5.6013
2.8282	5.6018
2.8267	5.6030
2.8252	5.6040
2.8236	5.6050
2.8221	5.6077
2.8205	5.6123
2.8190	5.6184
2.8175	5.6252
2.8159	5.6330
2.8144	5.6404
2.8129	5.6455
2.8114	5.6477
2.8098	5.6496
2.8083	5.6528
2.8068	5.6582
2.8053	5.6667
2.8038	5.6797
2.8022	5.6953
2.8007	5.7104
2.7992	5.7239
2.7977	5.7356
2.7962	5.7456
2.7947	5.7536
2.7932	5.7615
2.7917	5.7705
2.7902	5.7812
2.7887	5.7925
2.7872	5.8039
2.7857	5.8159
2.7842	5.8271
2.7827	5.8381
2.7812	5.8508
2.7797	5.8655
2.7782	5.8813
2.7767	5.8982
2.7752	5.9136
2.7738	5.9265
2.7723	5.9365
2.7708	5.9451
2.7693	5.9534
2.7678	5.9621
2.7664	5.9726
2.7649	5.9848
2.7634	5.9985
2.7619	6.0129
2.7605	6.0276
2.7590	6.0417
2.7575	6.0561
2.7561	6.0705
2.7546	6.0849
2.7531	6.1001
2.7517	6.1162
2.7502	6.1321
2.7488	6.1470
2.7473	6.1597
2.7458	6.1709
2.7444	6.1809
2.7429	6.1907
2.7415	6.2021
2.7400	6.2160
2.7386	6.2324
2.7371	6.2507
2.7357	6.2705
2.7343	6.2903
2.7328	6.3088
2.7314	6.3247
2.7299	6.3379
2.7285	6.3498
2.7271	6.3613
2.7256	6.3738
2.7242	6.3889
2.7228	6.4045
2.7213	6.4199
2.7199	6.4338
2.7185	6.4465
2.7171	6.4590
2.7156	6.4722
2.7142	6.4868
2.7128	6.5027
2.7114	6.5185
2.7100	6.5329
2.7085	6.5461
2.7071	6.5576
2.7057	6.5679
2.7043	6.5784
2.7029	6.5884
2.7015	6.5989
2.7001	6.6098
2.6987	6.6201
2.6973	6.6294
2.6959	6.6382
2.6945	6.6452
2.6931	6.6511
2.6917	6.6562
2.6903	6.6611
2.6889	6.6667
2.6875	6.6726
2.6861	6.6784
2.6847	6.6853
2.6833	6.6904
2.6819	6.6926
2.6805	6.6919
2.6791	6.6899
2.6778	6.6877
2.6764	6.6860
2.6750	6.6870
2.6736	6.6914
2.6722	6.6982
2.6709	6.7053
2.6695	6.7114
2.6681	6.7170
2.6667	6.7214
2.6654	6.7239
2.6640	6.7253
2.6626	6.7261
2.6613	6.7270
2.6599	6.7285
2.6585	6.7302
2.6572	6.7331
2.6558	6.7366
2.6545	6.7397
2.6531	6.7417
2.6517	6.7422
2.6504	6.7417
2.6490	6.7402
2.6477	6.7385
2.6463	6.7373
2.6450	6.7368
2.6436	6.7366
2.6423	6.7368
2.6409	6.7380
2.6396	6.7385
2.6382	6.7370
2.6369	6.7351
2.6356	6.7341
2.6342	6.7336
2.6329	6.7346
2.6315	6.7373
2.6302	6.7422
2.6289	6.7456
2.6275	6.7456
2.6262	6.7446
2.6249	6.7436
2.6236	6.7412
2.6222	6.7375
2.6209	6.7358
2.6196	6.7363
2.6183	6.7363
2.6169	6.7363
2.6156	6.7383
2.6143	6.7414
2.6130	6.7424
2.6117	6.7409
2.6103	6.7392
2.6090	6.7370
2.6077	6.7344
2.6064	6.7317
2.6051	6.7297
2.6038	6.7290
2.6025	6.7287
2.6012	6.7292
2.5999	6.7307
2.5986	6.7326
2.5973	6.7346
2.5960	6.7346
2.5947	6.7322
2.5934	6.7295
2.5921	6.7261
2.5908	6.7229
2.5895	6.7197
2.5882	6.7170
2.5869	6.7156
2.5856	6.7153
2.5843	6.7158
2.5830	6.7175
2.5817	6.7192
2.5805	6.7197
2.5792	6.7192
2.5779	6.7173
2.5766	6.7153
2.5753	6.7143
2.5741	6.7129
2.5728	6.7126
2.5715	6.7139
2.5702	6.7156
2.5690	6.7178
2.5677	6.7200
2.5664	6.7217
2.5651	6.7207
2.5639	6.7178
2.5626	6.7158
2.5613	6.7160
2.5601	6.7182
2.5588	6.7222
2.5575	6.7270
2.5563	6.7297
2.5550	6.7278
2.5538	6.7234
2.5525	6.7180
2.5513	6.7129
2.5500	6.7092
2.5487	6.7087
2.5475	6.7095
2.5462	6.7087
2.5450	6.7065
2.5437	6.7055
2.5425	6.7060
2.5413	6.7073
2.5400	6.7119
2.5388	6.7187
2.5375	6.7229
2.5363	6.7214
2.5350	6.7165
2.5338	6.7114
2.5326	6.7068
2.5313	6.7046
2.5301	6.7085
2.5289	6.7158
2.5276	6.7204
2.5264	6.7197
2.5252	6.7158
2.5239	6.7104
2.5227	6.7041
2.5215	6.6987
2.5202	6.6975
2.5190	6.6982
2.5178	6.6982
2.5166	6.6970
2.5154	6.6948
2.5141	6.6919
2.5129	6.6872
2.5117	6.6826
2.5105	6.6797
2.5093	6.6787
2.5081	6.6792
2.5068	6.6809
2.5056	6.6831
2.5044	6.6833
2.5032	6.6804
2.5020	6.6763
2.5008	6.6716
2.4996	6.6677
2.4984	6.6653
2.4972	6.6648
2.4960	6.6643
2.4948	6.6628
2.4936	6.6599
2.4924	6.6575
2.4912	6.6557
2.4900	6.6553
2.4888	6.6570
2.4876	6.6587
2.4864	6.6584
2.4852	6.6567
2.4840	6.6535
2.4828	6.6496
2.4816	6.6455
2.4805	6.6418
2.4793	6.6394
2.4781	6.6374
2.4769	6.6362
2.4757	6.6360
2.4745	6.6360
2.4734	6.6374
2.4722	6.6401
2.4710	6.6426
2.4698	6.6438
2.4686	6.6430
2.4675	6.6406
2.4663	6.6365
2.4651	6.6308
2.4640	6.6260
2.4628	6.6225
2.4616	6.6191
2.4604	6.6140
2.4593	6.6081
2.4581	6.6020
2.4569	6.5976
2.4558	6.5952
2.4546	6.5959
2.4535	6.6001
2.4523	6.6040
2.4511	6.6052
2.4500	6.6033
2.4488	6.5974
2.4477	6.5884
2.4465	6.5788
2.4454	6.5715
2.4442	6.5671
2.4431	6.5647
2.4419	6.5639
2.4408	6.5652
2.4396	6.5666
2.4385	6.5671
2.4373	6.5676
2.4362	6.5681
2.4350	6.5679
2.4339	6.5661
2.4327	6.5642
2.4316	6.5637
2.4305	6.5649
2.4293	6.5674
2.4282	6.5693
2.4270	6.5693
2.4259	6.5666
2.4248	6.5618
2.4236	6.5571
2.4225	6.5549
2.4214	6.5556
2.4202	6.5581
2.4191	6.5593
2.4180	6.5583
2.4169	6.5549
2.4157	6.5503
2.4146	6.5461
2.4135	6.5422
2.4124	6.5381
2.4112	6.5327
2.4101	6.5271
2.4090	6.5232
2.4079	6.5220
2.4068	6.5239
2.4056	6.5295
2.4045	6.5371
2.4034	6.5437
2.4023	6.5464
2.4012	6.5447
2.4001	6.5410
2.3990	6.5359
2.3979	6.5278
2.3967	6.5195
2.3956	6.5132
2.3945	6.5085
2.3934	6.5058
2.3923	6.5041
2.3912	6.5066
2.3901	6.5110
2.3890	6.5134
2.3879	6.5137
2.3868	6.5132
2.3857	6.5129
2.3846	6.5154
2.3835	6.5200
2.3824	6.5268
2.3813	6.5337
2.3802	6.5351
2.3791	6.5290
2.3781	6.5154
2.3770	6.4990
2.3759	6.4848
2.3748	6.4758
2.3737	6.4736
2.3726	6.4780
2.3715	6.4853
2.3704	6.4917
2.3694	6.4956
2.3683	6.4968
2.3672	6.4949
2.3661	6.4900
2.3650	6.4831
2.3640	6.4743
2.3629	6.4643
2.3618	6.4568
2.3607	6.4531
2.3597	6.4536
2.3586	6.4577
2.3575	6.4631
2.3564	6.4665
2.3554	6.4660
2.3543	6.4609
2.3532	6.4546
2.3522	6.4490
2.3511	6.4455
2.3500	6.4455
2.3490	6.4460
2.3479	6.4463
2.3468	6.4465
2.3458	6.4465
2.3447	6.4468
2.3436	6.4477
2.3426	6.4475
2.3415	6.4446
2.3405	6.4370
2.3394	6.4260
2.3384	6.4143
2.3373	6.4035
2.3363	6.3952
2.3352	6.3913
2.3342	6.3889
2.3331	6.3879
2.3321	6.3872
2.3310	6.3869
2.3300	6.3882
2.3289	6.3901
2.3279	6.3931
2.3268	6.3965
2.3258	6.3972
2.3247	6.3952
2.3237	6.3911
2.3226	6.3872
2.3216	6.3850
2.3206	6.3845
2.3195	6.3857
2.3185	6.3874
2.3175	6.3867
2.3164	6.3823
2.3154	6.3747
2.3144	6.3664
2.3133	6.3594
2.3123	6.3552
2.3113	6.3559
2.3102	6.3608
2.3092	6.3655
2.3082	6.3677
2.3071	6.3669
2.3061	6.3638
2.3051	6.3608
2.3041	6.3601
2.3030	6.3625
2.3020	6.3655
2.3010	6.3642
2.3000	6.3611
2.2990	6.3584
2.2979	6.3562
2.2969	6.3557
2.2959	6.3552
2.2949	6.3547
2.2939	6.3515
2.2929	6.3452
2.2918	6.3393
2.2908	6.3364
2.2898	6.3345
2.2888	6.3332
2.2878	6.3308
2.2868	6.3284
2.2858	6.3264
2.2848	6.3240
2.2838	6.3201
2.2828	6.3152
2.2818	6.3091
2.2808	6.3030
2.2798	6.2976
2.2787	6.2964
2.2777	6.3020
2.2767	6.3110
2.2757	6.3208
2.2747	6.3296
2.2738	6.3357
2.2728	6.3369
2.2718	6.3327
2.2708	6.3254
2.2698	6.3166
2.2688	6.3054
2.2678	6.2947
2.2668	6.2876
2.2658	6.2854
2.2648	6.2864
2.2638	6.2878
2.2628	6.2898
2.2618	6.2905
2.2609	6.2893
2.2599	6.2886
2.2589	6.2903
2.2579	6.2939
2.2569	6.2969
2.2559	6.2973
2.2550	6.2961
2.2540	6.2942
2.2530	6.2920
2.2520	6.2890
2.2510	6.2873
2.2501	6.2859
2.2491	6.2832
2.2481	6.2793
2.2471	6.2761
2.2462	6.2749
2.2452	6.2756
2.2442	6.2778
2.2433	6.2817
2.2423	6.2856
2.2413	6.2881
2.2403	6.2881
2.2394	6.2859
2.2384	6.2829
2.2374	6.2795
2.2365	6.2746
2.2355	6.2673
2.2345	6.2576
2.2336	6.2461
2.2326	6.2339
2.2317	6.2243
2.2307	6.2207
2.2297	6.2231
2.2288	6.2305
2.2278	6.2400
2.2269	6.2502
2.2259	6.2580
2.2250	6.2605
2.2240	6.2580
2.2231	6.2522
2.2221	6.2439
2.2211	6.2380
2.2202	6.2346
2.2192	6.2346
2.2183	6.2356
2.2173	6.2351
2.2164	6.2336
2.2155	6.2297
2.2145	6.2239
2.2136	6.2192
2.2126	6.2158
2.2117	6.2139
2.2107	6.2139
2.2098	6.2168
2.2088	6.2214
2.2079	6.2241
2.2070	6.2234
2.2060	6.2195
2.2051	6.2121
2.2041	6.2038
2.2032	6.1990
2.2023	6.1977
2.2013	6.1980
2.2004	6.1980
2.1995	6.1960
2.1985	6.1929
2.1976	6.1899
2.1967	6.1882
2.1957	6.1887
2.1948	6.1885
2.1939	6.1863
2.1930	6.1824
2.1920	6.1770
2.1911	6.1753
2.1902	6.1806
2.1893	6.1897
2.1883	6.1987
2.1874	6.2026
2.1865	6.1997
2.1856	6.1911
2.1846	6.1799
2.1837	6.1719
2.1828	6.1694
2.1819	6.1711
2.1810	6.1731
2.1800	6.1726
2.1791	6.1682
2.1782	6.1609
2.1773	6.1516
2.1764	6.1421
2.1755	6.1352
2.1746	6.1340
2.1736	6.1365
2.1727	6.1406
2.1718	6.1452
2.1709	6.1487
2.1700	6.1494
2.1691	6.1489
2.1682	6.1504
2.1673	6.1538
2.1664	6.1553
2.1655	6.1511
2.1646	6.1409
2.1637	6.1277
2.1628	6.1167
2.1619	6.1120
2.1610	6.1167
2.1601	6.1272
2.1592	6.1377
2.1583	6.1428
2.1574	6.1387
2.1565	6.1286
2.1556	6.1157
2.1547	6.1028
2.1538	6.0935
2.1529	6.0901
2.1520	6.0918
2.1511	6.0972
2.1502	6.1033
2.1493	6.1079
2.1484	6.1067
2.1475	6.1011
2.1466	6.0925
2.1458	6.0830
2.1449	6.0744
2.1440	6.0698
2.1431	6.0713
2.1422	6.0754
2.1413	6.0808
2.1404	6.0881
2.1396	6.0942
2.1387	6.0962
2.1378	6.0952
2.1369	6.0940
2.1360	6.0932
2.1352	6.0920
2.1343	6.0910
2.1334	6.0893
2.1325	6.0842
2.1316	6.0779
2.1308	6.0718
2.1299	6.0676
2.1290	6.0666
2.1281	6.0686
2.1273	6.0735
2.1264	6.0784
2.1255	6.0823
2.1247	6.0864
2.1238	6.0879
2.1229	6.0874
2.1220	6.0857
2.1212	6.0847
2.1203	6.0862
2.1194	6.0862
2.1186	6.0810
2.1177	6.0718
2.1168	6.0586
2.1160	6.0454
2.1151	6.0373
2.1143	6.0383
2.1134	6.0493
2.1125	6.0625
2.1117	6.0718
2.1108	6.0752
2.1100	6.0713
2.1091	6.0630
2.1082	6.0530
2.1074	6.0452
2.1065	6.0449
2.1057	6.0508
2.1048	6.0603
2.1040	6.0681
2.1031	6.0710
2.1023	6.0698
2.1014	6.0627
2.1005	6.0552
2.0997	6.0522
2.0988	6.0552
2.0980	6.0610
2.0971	6.0644
2.0963	6.0642
2.0955	6.0620
2.0946	6.0569
2.0938	6.0535
2.0929	6.0549
2.0921	6.0613
2.0912	6.0691
2.0904	6.0727
2.0895	6.0705
2.0887	6.0618
2.0879	6.0471
2.0870	6.0354
2.0862	6.0310
2.0853	6.0322
2.0845	6.0412
2.0837	6.0395
2.0828	6.0320
2.0820	6.0376
2.0812	5.9873
2.0803	6.0217
2.0795	6.0608
