Name: Augite-hypersthene Andesite
Type: Rocks
Class: Igneous
Subclass: Intermediate
Particle Size: 0-75 micrometers
Sample No.: Andesite.H2
Owner: JHU
Wavelength range: All
Origin: Saipan, via Smithsonian (Cat. No: NMNH 108982-15)

Description: The sample from which the powder was derived consists of a 
dark gray, fine-grained groundmass, with yellow (hypersthene?), dark green 
(augite?) and white (plagioclase) phenocrysts. The sample is also slightly 
vuggy.


Measurement: Directional (10 degree) hemispherical reflectance
First Column: X
Second Column: Y
X Units: Wavelength (micrometers)
Y Units: Reflectance (percent)
First X Value: 14.0112
Last X Value: 0.4000
Number of X Values: 2844
Additional information: andesi2a.txt

14.011	0.9722
13.973	0.0000
13.936	0.8831
13.899	1.5722
13.861	0.9938
13.824	0.6657
13.788	0.6112
13.751	1.0237
13.715	1.0650
13.679	1.6106
13.643	1.6936
13.607	1.3650
13.571	1.0462
13.536	1.2750
13.500	1.6575
13.465	1.5956
13.430	1.2657
13.396	0.9984
13.361	1.6678
13.327	1.6940
13.293	1.4100
13.259	1.3987
13.225	1.3530
13.191	1.5546
13.158	1.6924
13.124	1.9566
13.091	1.8509
13.058	1.5057
13.026	1.6680
12.993	1.8265
12.960	1.7990
12.928	1.6915
12.896	1.5828
12.864	1.5867
12.832	1.6982
12.800	1.4597
12.769	1.4696
12.737	1.7189
12.706	1.6854
12.675	1.6735
12.644	1.6041
12.614	1.6860
12.583	1.7517
12.552	1.8169
12.522	1.9265
12.492	2.1413
12.462	2.2184
12.432	2.3620
12.402	2.4774
12.373	2.7535
12.343	3.0631
12.314	3.2226
12.285	3.4763
12.256	3.7397
12.227	3.8789
12.198	4.0083
12.169	4.1198
12.141	4.2621
12.113	4.3148
12.084	4.3668
12.056	4.4506
12.028	4.5574
12.000	4.5354
11.973	4.5251
11.945	4.5924
11.918	4.6282
11.890	4.6083
11.863	4.5086
11.836	4.3821
11.809	4.3647
11.782	4.2774
11.755	4.2389
11.729	4.2098
11.702	4.1914
11.676	4.1294
11.650	4.1203
11.624	4.1119
11.598	4.0399
11.572	4.0226
11.546	4.0327
11.520	3.9415
11.495	3.8229
11.469	3.8423
11.444	3.8299
11.419	3.8161
11.394	3.8700
11.369	3.8460
11.344	3.7127
11.319	3.7158
11.294	3.8102
11.270	3.7938
11.245	3.7122
11.221	3.6190
11.197	3.5838
11.173	3.5524
11.149	3.4722
11.125	3.4244
11.101	3.4188
11.077	3.3324
11.054	3.2808
11.030	3.2367
11.007	3.1961
10.983	3.1877
10.960	3.1908
10.937	3.1348
10.914	3.1026
10.891	3.1277
10.868	3.0951
10.846	3.0229
10.823	3.0132
10.800	3.0136
10.778	2.9789
10.755	2.9268
10.733	2.8774
10.711	2.8322
10.689	2.8038
10.667	2.7808
10.645	2.7574
10.623	2.7129
10.602	2.7110
10.580	2.6775
10.558	2.6175
10.537	2.6130
10.516	2.6172
10.494	2.5737
10.473	2.6168
10.452	2.5957
10.431	2.5263
10.410	2.5090
10.389	2.4949
10.368	2.5018
10.348	2.4989
10.327	2.4612
10.306	2.4140
10.286	2.3917
10.266	2.4436
10.245	2.4078
10.225	2.3379
10.205	2.3273
10.185	2.3468
10.165	2.3433
10.145	2.3470
10.125	2.3330
10.106	2.3158
10.086	2.3519
10.066	2.3920
10.047	2.3696
10.027	2.3639
10.008	2.3501
9.9887	2.3229
9.9695	2.3496
9.9504	2.3412
9.9313	2.3416
9.9123	2.3756
9.8934	2.3597
9.8746	2.3454
9.8558	2.3156
9.8371	2.3766
9.8185	2.3824
9.7999	2.3335
9.7814	2.3140
9.7630	2.3532
9.7447	2.3364
9.7264	2.3491
9.7082	2.3290
9.6900	2.3187
9.6719	2.3608
9.6539	2.3796
9.6360	2.3405
9.6181	2.2816
9.6003	2.2992
9.5825	2.3356
9.5649	2.3142
9.5472	2.3255
9.5297	2.3330
9.5122	2.3142
9.4948	2.3008
9.4774	2.3377
9.4601	2.3002
9.4429	2.2572
9.4257	2.2814
9.4086	2.3245
9.3916	2.3346
9.3746	2.3555
9.3577	2.3341
9.3408	2.3777
9.3240	2.4410
9.3073	2.4722
9.2906	2.4689
9.2740	2.5190
9.2574	2.5385
9.2409	2.5634
9.2245	2.6096
9.2081	2.7556
9.1918	2.7595
9.1755	2.6475
9.1593	2.6641
9.1431	2.7342
9.1270	2.7485
9.1110	2.7605
9.0950	2.7956
9.0791	2.7971
9.0632	2.7799
9.0474	2.7876
9.0316	2.8226
9.0159	2.8730
9.0003	2.8859
8.9847	2.8361
8.9691	2.7759
8.9536	2.7623
8.9382	2.7593
8.9228	2.7755
8.9075	2.7330
8.8922	2.7356
8.8770	2.7148
8.8618	2.6852
8.8467	2.6602
8.8316	2.6691
8.8166	2.6102
8.8016	2.5502
8.7867	2.5467
8.7718	2.5657
8.7570	2.5556
8.7422	2.5805
8.7275	2.5870
8.7129	2.5338
8.6982	2.5052
8.6837	2.5158
8.6692	2.5298
8.6547	2.5308
8.6403	2.5348
8.6259	2.5870
8.6116	2.5626
8.5973	2.5190
8.5830	2.5327
8.5688	2.5638
8.5547	2.5756
8.5406	2.5446
8.5266	2.5071
8.5126	2.5428
8.4986	2.5332
8.4847	2.5026
8.4708	2.4797
8.4570	2.4736
8.4432	2.4745
8.4295	2.4792
8.4158	2.4237
8.4022	2.4054
8.3886	2.4098
8.3750	2.4117
8.3615	2.4103
8.3481	2.3838
8.3347	2.3758
8.3213	2.4136
8.3079	2.4005
8.2946	2.3815
8.2814	2.3665
8.2682	2.3484
8.2550	2.3390
8.2419	2.3203
8.2288	2.2760
8.2158	2.2382
8.2028	2.2158
8.1898	2.2399
8.1769	2.2212
8.1640	2.2018
8.1512	2.1675
8.1384	2.1514
8.1256	2.1849
8.1129	2.1797
8.1002	2.1612
8.0876	2.2143
8.0750	2.2521
8.0624	2.2786
8.0499	2.3172
8.0374	2.3524
8.0250	2.4002
8.0126	2.4663
8.0002	2.4900
7.9879	2.5502
7.9756	2.6590
7.9634	2.7213
7.9512	2.7825
7.9390	2.8741
7.9268	2.9200
7.9147	2.9725
7.9027	3.0288
7.8906	3.1010
7.8786	3.1690
7.8667	3.2065
7.8548	3.2841
7.8429	3.3511
7.8310	3.3445
7.8192	3.3564
7.8075	3.4013
7.7957	3.4836
7.7840	3.5512
7.7723	3.6033
7.7607	3.6347
7.7491	3.6857
7.7375	3.7361
7.7260	3.7812
7.7145	3.8060
7.7031	3.8512
7.6916	3.8976
7.6802	3.9276
7.6689	3.9539
7.6575	4.0306
7.6462	4.0615
7.6350	4.0948
7.6238	4.1407
7.6126	4.1909
7.6014	4.2574
7.5903	4.2925
7.5792	4.3088
7.5681	4.3896
7.5571	4.4855
7.5461	4.5351
7.5351	4.5836
7.5242	4.6312
7.5133	4.6901
7.5024	4.7709
7.4916	4.8400
7.4807	4.8761
7.4700	4.9392
7.4592	4.9950
7.4485	5.0137
7.4378	5.0414
7.4272	5.0885
7.4165	5.1345
7.4059	5.1870
7.3954	5.2270
7.3848	5.2626
7.3743	5.3158
7.3639	5.3641
7.3534	5.3719
7.3430	5.3794
7.3326	5.4324
7.3223	5.4834
7.3119	5.5385
7.3016	5.5582
7.2914	5.5781
7.2811	5.5774
7.2709	5.6194
7.2607	5.6700
7.2506	5.7129
7.2404	5.7382
7.2303	5.7612
7.2203	5.7804
7.2102	5.7961
7.2002	5.8486
7.1902	5.8626
7.1803	5.8758
7.1703	5.8810
7.1604	5.9034
7.1506	5.9374
7.1407	5.9602
7.1309	6.0108
7.1211	6.0633
7.1113	6.1088
7.1016	6.1563
7.0919	6.2029
7.0822	6.1882
7.0725	6.1521
7.0629	6.1190
7.0533	6.0586
7.0437	5.9787
7.0341	6.0132
7.0246	6.0607
7.0151	6.0778
7.0056	6.0937
6.9962	6.0895
6.9867	6.0949
6.9773	6.1020
6.9679	6.0618
6.9586	6.0394
6.9493	6.0951
6.9400	6.1784
6.9307	6.2292
6.9214	6.2522
6.9122	6.2657
6.9030	6.3018
6.8938	6.3361
6.8847	6.3513
6.8755	6.3588
6.8664	6.2986
6.8573	6.3851
6.8483	6.5867
6.8393	6.6937
6.8302	6.7293
6.8213	6.8412
6.8123	6.9925
6.8034	7.0688
6.7944	7.0751
6.7855	7.1597
6.7767	7.3553
6.7678	7.5138
6.7590	7.6045
6.7502	7.6767
6.7414	7.7901
6.7327	7.8815
6.7239	7.9498
6.7152	7.9872
6.7065	8.0590
6.6979	8.1820
6.6892	8.2171
6.6806	8.1972
6.6720	8.3072
6.6634	8.4776
6.6549	8.6013
6.6464	8.5335
6.6378	8.4241
6.6294	8.6179
6.6209	8.8776
6.6124	8.9761
6.6040	9.0400
6.5956	9.0994
6.5872	9.1553
6.5789	9.1067
6.5705	9.0919
6.5622	9.2824
6.5539	9.4008
6.5456	9.4545
6.5374	9.4971
6.5292	9.5029
6.5209	9.4746
6.5128	9.5270
6.5046	9.4380
6.4964	9.1821
6.4883	9.1764
6.4802	9.3522
6.4721	9.4755
6.4640	9.5665
6.4560	9.5847
6.4480	9.5631
6.4399	9.5296
6.4320	9.4807
6.4240	9.3984
6.4160	9.1631
6.4081	9.2198
6.4002	9.4935
6.3923	9.5674
6.3844	9.5732
6.3766	9.5262
6.3687	9.4621
6.3609	9.4938
6.3531	9.4303
6.3454	9.2397
6.3376	9.2444
6.3299	9.3021
6.3221	9.2402
6.3144	9.1720
6.3068	9.1080
6.2991	9.0197
6.2914	8.9358
6.2838	8.8610
6.2762	8.7712
6.2686	8.6883
6.2611	8.6161
6.2535	8.5348
6.2460	8.4208
6.2385	8.2955
6.2310	8.1735
6.2235	8.0566
6.2160	7.9545
6.2086	7.8639
6.2011	7.7454
6.1937	7.5353
6.1863	7.2710
6.1790	7.2223
6.1716	7.2252
6.1643	7.0912
6.1570	6.9665
6.1496	6.8967
6.1424	6.8280
6.1351	6.7985
6.1278	6.7514
6.1206	6.6532
6.1134	6.6089
6.1062	6.7130
6.0990	6.8662
6.0918	6.9745
6.0847	7.0432
6.0776	7.0692
6.0704	7.1792
6.0633	7.4055
6.0563	7.4527
6.0492	7.3906
6.0421	7.7241
6.0351	8.1452
6.0281	8.3862
6.0211	8.5478
6.0141	8.7047
6.0071	8.9571
6.0002	9.2111
5.9932	9.3553
5.9863	9.5709
5.9794	9.8678
5.9725	10.089
5.9657	10.336
5.9588	10.675
5.9520	10.959
5.9451	11.155
5.9383	11.177
5.9315	11.528
5.9247	12.042
5.9180	12.320
5.9112	12.587
5.9045	12.774
5.8978	12.753
5.8911	13.009
5.8844	13.152
5.8777	13.319
5.8711	13.786
5.8644	13.976
5.8578	14.182
5.8512	14.393
5.8446	14.557
5.8380	14.659
5.8314	14.690
5.8249	14.600
5.8184	14.723
5.8118	15.074
5.8053	15.279
5.7988	15.368
5.7923	15.464
5.7859	15.529
5.7794	15.577
5.7730	15.490
5.7666	15.309
5.7602	15.570
5.7538	15.817
5.7474	15.816
5.7410	15.960
5.7347	16.051
5.7283	16.098
5.7220	16.108
5.7157	16.093
5.7094	16.090
5.7031	16.274
5.6969	16.375
5.6906	16.393
5.6844	16.482
5.6782	16.459
5.6719	16.504
5.6657	16.666
5.6596	16.665
5.6534	16.650
5.6472	16.631
5.6411	16.570
5.6349	16.763
5.6288	16.944
5.6227	16.990
5.6166	16.970
5.6106	16.979
5.6045	16.952
5.5984	16.900
5.5924	16.832
5.5864	16.631
5.5804	16.354
5.5744	16.322
5.5684	16.478
5.5624	16.536
5.5564	16.631
5.5505	16.850
5.5445	17.199
5.5386	17.524
5.5327	17.767
5.5268	17.935
5.5209	18.091
5.5151	18.222
5.5092	18.331
5.5033	18.416
5.4975	18.504
5.4917	18.574
5.4859	18.594
5.4801	18.589
5.4743	18.670
5.4685	18.687
5.4628	18.700
5.4570	18.840
5.4513	18.895
5.4455	18.886
5.4398	18.910
5.4341	18.940
5.4284	18.899
5.4228	18.713
5.4171	18.712
5.4114	18.773
5.4058	18.724
5.4002	18.611
5.3945	18.456
5.3889	18.317
5.3833	18.143
5.3778	17.955
5.3722	17.764
5.3666	17.593
5.3611	17.424
5.3555	17.216
5.3500	17.064
5.3445	17.048
5.3390	17.062
5.3335	17.065
5.3280	17.080
5.3225	17.111
5.3171	17.213
5.3116	17.343
5.3062	17.452
5.3008	17.589
5.2954	17.756
5.2900	17.960
5.2846	18.209
5.2792	18.438
5.2738	18.709
5.2684	19.000
5.2631	19.279
5.2578	19.541
5.2524	19.849
5.2471	20.160
5.2418	20.450
5.2365	20.725
5.2312	21.047
5.2260	21.328
5.2207	21.589
5.2154	21.801
5.2102	22.063
5.2050	22.371
5.1998	22.614
5.1945	22.826
5.1893	23.029
5.1842	23.215
5.1790	23.392
5.1738	23.558
5.1686	23.688
5.1635	23.802
5.1584	23.927
5.1532	24.023
5.1481	24.070
5.1430	24.171
5.1379	24.311
5.1328	24.395
5.1277	24.452
5.1227	24.490
5.1176	24.534
5.1126	24.608
5.1075	24.672
5.1025	24.692
5.0975	24.674
5.0925	24.677
5.0875	24.677
5.0825	24.674
5.0775	24.704
5.0726	24.732
5.0676	24.726
5.0627	24.722
5.0577	24.729
5.0528	24.735
5.0479	24.751
5.0430	24.781
5.0380	24.821
5.0332	24.823
5.0283	24.834
5.0234	24.873
5.0185	24.886
5.0137	24.949
5.0088	25.028
5.0040	25.079
4.9992	25.145
4.9944	25.212
4.9896	25.295
4.9848	25.401
4.9800	25.494
4.9752	25.555
4.9704	25.652
4.9657	25.810
4.9609	25.931
4.9562	26.027
4.9514	26.174
4.9467	26.322
4.9420	26.498
4.9373	26.699
4.9326	26.900
4.9279	27.127
4.9232	27.355
4.9186	27.558
4.9139	27.782
4.9092	28.009
4.9046	28.254
4.9000	28.506
4.8953	28.718
4.8907	28.958
4.8861	29.201
4.8815	29.437
4.8769	29.638
4.8723	29.843
4.8678	30.038
4.8632	30.227
4.8586	30.414
4.8541	30.570
4.8495	30.729
4.8450	30.899
4.8405	31.071
4.8360	31.252
4.8315	31.430
4.8270	31.533
4.8225	31.623
4.8180	31.759
4.8135	31.876
4.8090	31.985
4.8046	32.075
4.8001	32.195
4.7957	32.297
4.7913	32.358
4.7868	32.441
4.7824	32.542
4.7780	32.623
4.7736	32.699
4.7692	32.766
4.7648	32.845
4.7605	32.921
4.7561	33.006
4.7517	33.080
4.7474	33.125
4.7431	33.183
4.7387	33.220
4.7344	33.267
4.7301	33.346
4.7258	33.404
4.7215	33.444
4.7172	33.520
4.7129	33.617
4.7086	33.642
4.7043	33.641
4.7000	33.700
4.6958	33.780
4.6915	33.799
4.6873	33.824
4.6831	33.887
4.6788	33.937
4.6746	33.980
4.6704	34.035
4.6662	34.091
4.6620	34.153
4.6578	34.207
4.6536	34.256
4.6495	34.336
4.6453	34.450
4.6411	34.530
4.6370	34.591
4.6328	34.665
4.6287	34.743
4.6246	34.839
4.6205	34.930
4.6163	34.986
4.6122	35.064
4.6081	35.154
4.6040	35.205
4.6000	35.269
4.5959	35.348
4.5918	35.388
4.5877	35.467
4.5837	35.556
4.5796	35.615
4.5756	35.673
4.5716	35.739
4.5675	35.809
4.5635	35.867
4.5595	35.915
4.5555	35.979
4.5515	35.998
4.5475	36.045
4.5435	36.117
4.5395	36.194
4.5356	36.227
4.5316	36.256
4.5276	36.305
4.5237	36.350
4.5197	36.394
4.5158	36.435
4.5119	36.445
4.5080	36.467
4.5040	36.522
4.5001	36.595
4.4962	36.624
4.4923	36.657
4.4884	36.703
4.4846	36.759
4.4807	36.776
4.4768	36.781
4.4730	36.782
4.4691	36.812
4.4652	36.889
4.4614	36.924
4.4576	36.922
4.4537	36.955
4.4499	36.972
4.4461	36.971
4.4423	37.011
4.4385	37.046
4.4347	37.047
4.4309	37.064
4.4271	37.104
4.4233	37.120
4.4196	37.115
4.4158	37.137
4.4120	37.151
4.4083	37.172
4.4045	37.209
4.4008	37.243
4.3971	37.260
4.3934	37.288
4.3896	37.345
4.3859	37.391
4.3822	37.400
4.3785	37.427
4.3748	37.502
4.3711	37.576
4.3674	37.613
4.3638	37.654
4.3601	37.715
4.3564	37.736
4.3528	37.765
4.3491	37.833
4.3455	37.928
4.3418	37.981
4.3382	38.008
4.3346	38.078
4.3310	38.135
4.3273	38.197
4.3237	38.245
4.3201	38.268
4.3165	38.332
4.3129	38.390
4.3094	38.441
4.3058	38.504
4.3022	38.551
4.2986	38.594
4.2951	38.651
4.2915	38.707
4.2880	38.781
4.2844	38.841
4.2809	38.848
4.2774	38.869
4.2738	38.917
4.2703	38.960
4.2668	39.036
4.2633	39.091
4.2598	39.122
4.2563	39.175
4.2528	39.228
4.2493	39.246
4.2458	39.252
4.2424	39.273
4.2389	39.326
4.2354	39.386
4.2320	39.415
4.2285	39.425
4.2251	39.455
4.2216	39.474
4.2182	39.495
4.2148	39.531
4.2113	39.585
4.2079	39.622
4.2045	39.666
4.2011	39.708
4.1977	39.700
4.1943	39.692
4.1909	39.724
4.1875	39.754
4.1841	39.793
4.1808	39.815
4.1774	39.834
4.1740	39.853
4.1707	39.876
4.1673	39.882
4.1640	39.910
4.1606	39.939
4.1573	39.953
4.1540	39.990
4.1506	40.025
4.1473	40.032
4.1440	40.029
4.1407	40.056
4.1374	40.075
4.1341	40.104
4.1308	40.104
4.1275	40.124
4.1242	40.147
4.1209	40.182
4.1177	40.202
4.1144	40.202
4.1111	40.199
4.1079	40.201
4.1046	40.234
4.1014	40.251
4.0981	40.243
4.0949	40.247
4.0917	40.253
4.0884	40.255
4.0852	40.270
4.0820	40.274
4.0788	40.267
4.0756	40.262
4.0724	40.256
4.0692	40.272
4.0660	40.262
4.0628	40.228
4.0596	40.201
4.0565	40.233
4.0533	40.217
4.0501	40.132
4.0470	40.051
4.0438	39.992
4.0406	39.919
4.0375	39.842
4.0344	39.709
4.0312	39.553
4.0281	39.491
4.0250	39.386
4.0218	39.232
4.0187	39.069
4.0156	38.905
4.0125	38.812
4.0094	38.697
4.0063	38.510
4.0032	38.293
4.0001	38.107
3.9970	37.894
3.9940	37.675
3.9909	37.482
3.9878	37.316
3.9847	37.167
3.9817	37.073
3.9786	37.040
3.9756	37.068
3.9725	37.106
3.9695	37.148
3.9665	37.208
3.9634	37.282
3.9604	37.396
3.9574	37.545
3.9544	37.717
3.9513	37.905
3.9483	38.121
3.9453	38.341
3.9423	38.548
3.9393	38.709
3.9363	38.867
3.9333	38.984
3.9304	38.993
3.9274	39.018
3.9244	39.076
3.9214	39.108
3.9185	39.147
3.9155	39.172
3.9126	39.145
3.9096	39.167
3.9067	39.211
3.9037	39.212
3.9008	39.223
3.8979	39.245
3.8949	39.243
3.8920	39.220
3.8891	39.240
3.8862	39.250
3.8833	39.266
3.8804	39.264
3.8775	39.272
3.8746	39.277
3.8717	39.261
3.8688	39.255
3.8659	39.231
3.8630	39.218
3.8601	39.239
3.8573	39.267
3.8544	39.259
3.8515	39.241
3.8487	39.248
3.8458	39.301
3.8430	39.331
3.8401	39.316
3.8373	39.334
3.8344	39.380
3.8316	39.438
3.8288	39.483
3.8259	39.555
3.8231	39.602
3.8203	39.622
3.8175	39.677
3.8147	39.737
3.8119	39.776
3.8091	39.802
3.8063	39.863
3.8035	39.914
3.8007	39.925
3.7979	39.950
3.7951	39.998
3.7924	40.025
3.7896	40.041
3.7868	40.023
3.7841	40.059
3.7813	40.072
3.7785	40.058
3.7758	40.011
3.7730	39.988
3.7703	39.995
3.7676	39.988
3.7648	39.955
3.7621	39.912
3.7594	39.901
3.7566	39.873
3.7539	39.852
3.7512	39.802
3.7485	39.747
3.7458	39.726
3.7431	39.706
3.7404	39.705
3.7377	39.683
3.7350	39.647
3.7323	39.631
3.7296	39.622
3.7269	39.579
3.7242	39.514
3.7216	39.485
3.7189	39.495
3.7162	39.454
3.7136	39.396
3.7109	39.378
3.7083	39.359
3.7056	39.322
3.7030	39.262
3.7003	39.235
3.6977	39.221
3.6950	39.179
3.6924	39.168
3.6898	39.157
3.6872	39.123
3.6845	39.043
3.6819	39.004
3.6793	38.992
3.6767	38.971
3.6741	38.913
3.6715	38.854
3.6689	38.816
3.6663	38.790
3.6637	38.779
3.6611	38.732
3.6585	38.690
3.6560	38.663
3.6534	38.604
3.6508	38.551
3.6482	38.522
3.6457	38.467
3.6431	38.449
3.6406	38.419
3.6380	38.374
3.6355	38.341
3.6329	38.289
3.6304	38.232
3.6278	38.176
3.6253	38.124
3.6227	38.065
3.6202	38.023
3.6177	37.999
3.6152	37.959
3.6127	37.905
3.6101	37.865
3.6076	37.830
3.6051	37.779
3.6026	37.725
3.6001	37.674
3.5976	37.604
3.5951	37.571
3.5926	37.540
3.5901	37.485
3.5876	37.411
3.5852	37.348
3.5827	37.284
3.5802	37.215
3.5777	37.166
3.5753	37.105
3.5728	37.037
3.5704	36.949
3.5679	36.905
3.5654	36.858
3.5630	36.757
3.5605	36.690
3.5581	36.639
3.5557	36.556
3.5532	36.453
3.5508	36.345
3.5484	36.257
3.5459	36.192
3.5435	36.111
3.5411	35.996
3.5387	35.876
3.5363	35.732
3.5338	35.620
3.5314	35.517
3.5290	35.396
3.5266	35.208
3.5242	35.001
3.5218	34.825
3.5195	34.650
3.5171	34.475
3.5147	34.318
3.5123	34.124
3.5099	33.908
3.5075	33.729
3.5052	33.576
3.5028	33.398
3.5004	33.255
3.4981	33.192
3.4957	33.190
3.4934	33.118
3.4910	33.029
3.4887	32.965
3.4863	32.920
3.4840	32.845
3.4816	32.758
3.4793	32.697
3.4770	32.670
3.4746	32.673
3.4723	32.669
3.4700	32.724
3.4677	32.805
3.4653	32.858
3.4630	32.903
3.4607	32.923
3.4584	32.915
3.4561	32.877
3.4538	32.806
3.4515	32.740
3.4492	32.667
3.4469	32.583
3.4446	32.475
3.4423	32.371
3.4400	32.310
3.4378	32.230
3.4355	32.126
3.4332	31.993
3.4309	31.865
3.4287	31.724
3.4264	31.559
3.4241	31.367
3.4219	31.192
3.4196	31.055
3.4174	30.933
3.4151	30.859
3.4129	30.793
3.4106	30.723
3.4084	30.703
3.4061	30.697
3.4039	30.657
3.4017	30.669
3.3994	30.667
3.3972	30.605
3.3950	30.544
3.3928	30.497
3.3906	30.437
3.3883	30.363
3.3861	30.299
3.3839	30.210
3.3817	30.093
3.3795	30.012
3.3773	29.985
3.3751	29.915
3.3729	29.877
3.3707	29.831
3.3685	29.795
3.3663	29.738
3.3641	29.654
3.3620	29.577
3.3598	29.545
3.3576	29.487
3.3554	29.415
3.3533	29.346
3.3511	29.272
3.3489	29.185
3.3468	29.137
3.3446	29.118
3.3425	29.124
3.3403	29.164
3.3382	29.212
3.3360	29.207
3.3339	29.158
3.3317	29.115
3.3296	29.057
3.3274	29.008
3.3253	28.972
3.3232	28.899
3.3210	28.825
3.3189	28.753
3.3168	28.618
3.3147	28.553
3.3126	28.491
3.3104	28.404
3.3083	28.319
3.3062	28.245
3.3041	28.174
3.3020	28.060
3.2999	27.977
3.2978	27.915
3.2957	27.795
3.2936	27.699
3.2915	27.637
3.2894	27.546
3.2874	27.440
3.2853	27.332
3.2832	27.255
3.2811	27.154
3.2790	27.039
3.2770	26.928
3.2749	26.861
3.2728	26.786
3.2708	26.660
3.2687	26.542
3.2666	26.420
3.2646	26.336
3.2625	26.279
3.2605	26.181
3.2584	26.091
3.2564	25.964
3.2543	25.866
3.2523	25.783
3.2503	25.656
3.2482	25.556
3.2462	25.477
3.2442	25.362
3.2421	25.234
3.2401	25.145
3.2381	25.047
3.2361	24.973
3.2340	24.882
3.2320	24.770
3.2300	24.647
3.2280	24.528
3.2260	24.429
3.2240	24.315
3.2220	24.214
3.2200	24.145
3.2180	24.047
3.2160	23.908
3.2140	23.776
3.2120	23.683
3.2100	23.597
3.2080	23.500
3.2060	23.386
3.2040	23.299
3.2021	23.206
3.2001	23.068
3.1981	22.990
3.1961	22.929
3.1942	22.761
3.1922	22.627
3.1902	22.569
3.1883	22.453
3.1863	22.320
3.1844	22.217
3.1824	22.103
3.1805	22.027
3.1785	21.918
3.1766	21.779
3.1746	21.701
3.1727	21.616
3.1707	21.478
3.1688	21.392
3.1669	21.297
3.1649	21.219
3.1630	21.119
3.1611	20.961
3.1591	20.838
3.1572	20.826
3.1553	20.738
3.1534	20.582
3.1515	20.514
3.1495	20.408
3.1476	20.277
3.1457	20.176
3.1438	20.080
3.1419	19.975
3.1400	19.875
3.1381	19.795
3.1362	19.694
3.1343	19.599
3.1324	19.492
3.1305	19.397
3.1286	19.315
3.1268	19.221
3.1249	19.129
3.1230	19.059
3.1211	18.983
3.1192	18.899
3.1174	18.795
3.1155	18.719
3.1136	18.663
3.1117	18.597
3.1099	18.480
3.1080	18.409
3.1061	18.363
3.1043	18.256
3.1024	18.187
3.1006	18.149
3.0987	18.115
3.0969	18.077
3.0950	18.014
3.0932	17.927
3.0913	17.868
3.0895	17.830
3.0876	17.811
3.0858	17.798
3.0840	17.761
3.0821	17.697
3.0803	17.653
3.0785	17.669
3.0766	17.669
3.0748	17.620
3.0730	17.565
3.0712	17.528
3.0694	17.540
3.0675	17.555
3.0657	17.488
3.0639	17.428
3.0621	17.436
3.0603	17.448
3.0585	17.439
3.0567	17.395
3.0549	17.361
3.0531	17.366
3.0513	17.353
3.0495	17.306
3.0477	17.279
3.0459	17.311
3.0441	17.286
3.0423	17.212
3.0406	17.188
3.0388	17.215
3.0370	17.192
3.0352	17.138
3.0334	17.044
3.0317	17.013
3.0299	17.042
3.0281	17.050
3.0264	17.020
3.0246	16.981
3.0228	16.897
3.0211	16.818
3.0193	16.799
3.0176	16.781
3.0158	16.700
3.0140	16.688
3.0123	16.672
3.0105	16.633
3.0088	16.585
3.0070	16.512
3.0053	16.442
3.0036	16.400
3.0018	16.368
3.0001	16.306
2.9984	16.255
2.9966	16.229
2.9949	16.201
2.9932	16.195
2.9914	16.166
2.9897	16.088
2.9880	16.011
2.9863	15.979
2.9845	15.958
2.9828	15.943
2.9811	15.893
2.9794	15.854
2.9777	15.795
2.9760	15.739
2.9743	15.750
2.9726	15.728
2.9709	15.658
2.9692	15.625
2.9675	15.648
2.9658	15.604
2.9641	15.543
2.9624	15.524
2.9607	15.546
2.9590	15.544
2.9573	15.464
2.9556	15.455
2.9539	15.457
2.9523	15.434
2.9506	15.408
2.9489	15.353
2.9472	15.286
2.9455	15.292
2.9439	15.369
2.9422	15.335
2.9405	15.240
2.9389	15.287
2.9372	15.292
2.9355	15.261
2.9339	15.248
2.9322	15.251
2.9306	15.269
2.9289	15.235
2.9272	15.180
2.9256	15.244
2.9239	15.262
2.9223	15.260
2.9207	15.260
2.9190	15.287
2.9174	15.260
2.9157	15.234
2.9141	15.312
2.9124	15.377
2.9108	15.348
2.9092	15.332
2.9075	15.323
2.9059	15.381
2.9043	15.396
2.9027	15.380
2.9010	15.335
2.8994	15.322
2.8978	15.379
2.8962	15.422
2.8946	15.405
2.8929	15.392
2.8913	15.396
2.8897	15.496
2.8881	15.486
2.8865	15.409
2.8849	15.434
2.8833	15.486
2.8817	15.476
2.8801	15.472
2.8785	15.486
2.8769	15.440
2.8753	15.382
2.8737	15.395
2.8721	15.424
2.8705	15.472
2.8689	15.414
2.8673	15.368
2.8658	15.333
2.8642	15.342
2.8626	15.320
2.8610	15.292
2.8594	15.246
2.8579	15.252
2.8563	15.163
2.8547	15.061
2.8531	15.033
2.8516	15.002
2.8500	14.937
2.8484	14.924
2.8469	14.896
2.8453	14.832
2.8437	14.723
2.8422	14.683
2.8406	14.627
2.8391	14.520
2.8375	14.442
2.8360	14.321
2.8344	14.198
2.8329	14.193
2.8313	14.082
2.8298	13.969
2.8282	13.931
2.8267	13.880
2.8252	13.753
2.8236	13.629
2.8221	13.529
2.8205	13.419
2.8190	13.373
2.8175	13.289
2.8159	13.110
2.8144	12.995
2.8129	12.904
2.8114	12.715
2.8098	12.627
2.8083	12.619
2.8068	12.595
2.8053	12.672
2.8038	12.694
2.8022	12.682
2.8007	12.730
2.7992	12.786
2.7977	12.800
2.7962	12.851
2.7947	12.884
2.7932	12.873
2.7917	12.851
2.7902	12.810
2.7887	12.748
2.7872	12.741
2.7857	12.789
2.7842	12.890
2.7827	12.874
2.7812	12.862
2.7797	12.845
2.7782	12.797
2.7767	12.821
2.7752	12.817
2.7738	12.802
2.7723	12.812
2.7708	12.776
2.7693	12.848
2.7678	12.897
2.7664	12.948
2.7649	13.017
2.7634	13.032
2.7619	13.169
2.7605	13.333
2.7590	13.438
2.7575	13.558
2.7561	13.530
2.7546	13.630
2.7531	13.966
2.7517	14.253
2.7502	14.471
2.7488	14.712
2.7473	14.957
2.7458	15.265
2.7444	15.569
2.7429	15.741
2.7415	15.843
2.7400	16.009
2.7386	16.357
2.7371	16.830
2.7357	17.233
2.7343	17.624
2.7328	18.128
2.7314	18.616
2.7299	19.027
2.7285	19.438
2.7271	19.855
2.7256	20.195
2.7242	20.485
2.7228	21.162
2.7213	21.581
2.7199	21.960
2.7185	22.850
2.7171	23.598
2.7156	24.210
2.7142	24.785
2.7128	25.227
2.7114	25.399
2.7100	25.893
2.7085	26.696
2.7071	27.381
2.7057	27.878
2.7043	28.285
2.7029	28.644
2.7015	28.941
2.7001	29.371
2.6987	29.760
2.6973	30.035
2.6959	30.167
2.6945	30.225
2.6931	30.464
2.6917	31.102
2.6903	31.550
2.6889	31.799
2.6875	31.944
2.6861	32.053
2.6847	32.235
2.6833	32.392
2.6819	32.620
2.6805	32.688
2.6791	32.459
2.6778	32.472
2.6764	32.434
2.6750	32.824
2.6736	33.190
2.6722	33.160
2.6709	32.471
2.6695	32.458
2.6681	33.074
2.6667	32.805
2.6654	32.748
2.6640	33.167
2.6626	33.802
2.6613	33.866
2.6599	33.828
2.6585	33.897
2.6572	34.137
2.6558	34.031
2.6545	34.013
2.6531	34.004
2.6517	34.048
2.6504	34.264
2.6490	34.421
2.6477	34.455
2.6463	34.308
2.6450	34.229
2.6436	34.338
2.6423	34.363
2.6409	34.478
2.6396	34.551
2.6382	34.489
2.6369	34.482
2.6356	34.534
2.6342	34.381
2.6329	34.383
2.6315	34.236
2.6302	33.846
2.6289	34.215
2.6275	34.355
2.6262	34.085
2.6249	34.467
2.6236	34.710
2.6222	34.626
2.6209	34.094
2.6196	33.922
2.6183	34.296
2.6169	34.091
2.6156	34.251
2.6143	34.520
2.6130	34.485
2.6117	34.564
2.6103	34.465
2.6090	34.370
2.6077	34.326
2.6064	34.040
2.6051	33.830
2.6038	34.170
2.6025	34.398
2.6012	34.414
2.5999	34.545
2.5986	34.655
2.5973	34.439
2.5960	33.774
2.5947	33.059
2.5934	33.603
2.5921	34.483
2.5908	34.616
2.5895	34.473
2.5882	34.361
2.5869	34.287
2.5856	34.392
2.5843	34.118
2.5830	34.051
2.5817	34.401
2.5805	34.437
2.5792	34.541
2.5779	34.417
2.5766	34.276
2.5753	34.381
2.5741	34.194
2.5728	34.120
2.5715	34.438
2.5702	34.290
2.5690	34.258
2.5677	34.444
2.5664	34.509
2.5651	34.354
2.5639	34.141
2.5626	34.069
2.5613	34.123
2.5601	34.207
2.5588	34.362
2.5575	34.453
2.5563	34.470
2.5550	34.409
2.5538	34.309
2.5525	34.197
2.5513	34.231
2.5500	34.297
2.5487	34.392
2.5475	34.323
2.5462	34.319
2.5450	34.365
2.5437	34.313
2.5425	34.243
2.5413	34.296
2.5400	34.318
2.5388	34.252
2.5375	34.251
2.5363	34.321
2.5350	34.344
2.5338	34.295
2.5326	34.238
2.5313	34.216
2.5301	34.169
2.5289	34.227
2.5276	34.244
2.5264	34.296
2.5252	34.283
2.5239	34.258
2.5227	34.250
2.5215	34.295
2.5202	34.331
2.5190	34.305
2.5178	34.236
2.5166	34.213
2.5154	34.206
2.5141	34.184
2.5129	34.155
2.5117	34.194
2.5105	34.163
2.5093	34.191
2.5081	34.238
2.5068	34.169
2.5056	34.158
2.5044	34.258
2.5032	34.173
2.5020	34.139
2.5008	34.181
2.4996	34.222
2.4984	34.218
2.4972	34.199
2.4960	34.243
2.4948	34.233
2.4936	34.231
2.4924	34.208
2.4912	34.114
2.4900	34.121
2.4888	34.211
2.4876	34.190
2.4864	34.159
2.4852	34.176
2.4840	34.169
2.4828	34.099
2.4816	34.080
2.4805	34.134
2.4793	34.132
2.4781	34.129
2.4769	34.065
2.4757	34.064
2.4745	34.113
2.4734	34.099
2.4722	34.022
2.4710	34.104
2.4698	34.160
2.4686	34.163
2.4675	34.119
2.4663	34.113
2.4651	34.074
2.4640	33.980
2.4628	33.948
2.4616	34.017
2.4604	34.090
2.4593	34.098
2.4581	33.992
2.4569	33.996
2.4558	34.000
2.4546	34.005
2.4535	34.061
2.4523	34.082
2.4511	34.068
2.4500	34.071
2.4488	34.032
2.4477	33.988
2.4465	33.967
2.4454	34.011
2.4442	34.139
2.4431	34.119
2.4419	34.054
2.4408	34.012
2.4396	34.005
2.4385	33.956
2.4373	33.955
2.4362	33.974
2.4350	33.958
2.4339	33.967
2.4327	33.997
2.4316	33.924
2.4305	33.908
2.4293	34.000
2.4282	34.070
2.4270	34.004
2.4259	33.908
2.4248	33.907
2.4236	33.930
2.4225	33.912
2.4214	33.983
2.4202	34.000
2.4191	33.919
2.4180	33.876
2.4169	33.924
2.4157	33.946
2.4146	33.906
2.4135	33.921
2.4124	33.932
2.4112	33.919
2.4101	33.857
2.4090	33.844
2.4079	33.914
2.4068	34.001
2.4056	34.004
2.4045	33.948
2.4034	33.899
2.4023	33.940
2.4012	33.937
2.4001	33.875
2.3990	33.866
2.3979	33.922
2.3967	33.895
2.3956	33.832
2.3945	33.784
2.3934	33.750
2.3923	33.823
2.3912	33.826
2.3901	33.787
2.3890	33.822
2.3879	33.796
2.3868	33.668
2.3857	33.797
2.3846	33.867
2.3835	33.804
2.3824	33.769
2.3813	33.750
2.3802	33.726
2.3791	33.818
2.3781	33.844
2.3770	33.757
2.3759	33.737
2.3748	33.788
2.3737	33.759
2.3726	33.723
2.3715	33.723
2.3704	33.752
2.3694	33.717
2.3683	33.698
2.3672	33.712
2.3661	33.774
2.3650	33.800
2.3640	33.750
2.3629	33.710
2.3618	33.723
2.3607	33.793
2.3597	33.751
2.3586	33.750
2.3575	33.828
2.3564	33.760
2.3554	33.676
2.3543	33.718
2.3532	33.739
2.3522	33.760
2.3511	33.781
2.3500	33.757
2.3490	33.721
2.3479	33.775
2.3468	33.808
2.3458	33.802
2.3447	33.775
2.3436	33.786
2.3426	33.764
2.3415	33.750
2.3405	33.698
2.3394	33.696
2.3384	33.828
2.3373	33.996
2.3363	33.876
2.3352	33.822
2.3342	33.875
2.3331	33.807
2.3321	33.736
2.3310	33.795
2.3300	33.912
2.3289	33.883
2.3279	33.789
2.3268	33.715
2.3258	33.708
2.3247	33.737
2.3237	33.767
2.3226	33.822
2.3216	33.768
2.3206	33.664
2.3195	33.659
2.3185	33.730
2.3175	33.736
2.3164	33.741
2.3154	33.759
2.3144	33.752
2.3133	33.660
2.3123	33.639
2.3113	33.591
2.3102	33.576
2.3092	33.612
2.3082	33.587
2.3071	33.520
2.3061	33.600
2.3051	33.600
2.3041	33.533
2.3030	33.463
2.3020	33.464
2.3010	33.535
2.3000	33.497
2.2990	33.394
2.2979	33.471
2.2969	33.538
2.2959	33.521
2.2949	33.436
2.2939	33.364
2.2929	33.406
2.2918	33.501
2.2908	33.488
2.2898	33.475
2.2888	33.529
2.2878	33.597
2.2868	33.581
2.2858	33.492
2.2848	33.504
2.2838	33.557
2.2828	33.660
2.2818	33.616
2.2808	33.499
2.2798	33.548
2.2787	33.691
2.2777	33.697
2.2767	33.638
2.2757	33.700
2.2747	33.681
2.2738	33.624
2.2728	33.666
2.2718	33.689
2.2708	33.647
2.2698	33.661
2.2688	33.684
2.2678	33.717
2.2668	33.716
2.2658	33.746
2.2648	33.753
2.2638	33.690
2.2628	33.716
2.2618	33.706
2.2609	33.645
2.2599	33.593
2.2589	33.641
2.2579	33.716
2.2569	33.620
2.2559	33.622
2.2550	33.671
2.2540	33.642
2.2530	33.638
2.2520	33.604
2.2510	33.607
2.2501	33.632
2.2491	33.628
2.2481	33.649
2.2471	33.587
2.2462	33.529
2.2452	33.508
2.2442	33.539
2.2433	33.495
2.2423	33.447
2.2413	33.478
2.2403	33.566
2.2394	33.669
2.2384	33.595
2.2374	33.534
2.2365	33.599
2.2355	33.650
2.2345	33.588
2.2336	33.524
2.2326	33.556
2.2317	33.613
2.2307	33.598
2.2297	33.594
2.2288	33.556
2.2278	33.556
2.2269	33.586
2.2259	33.553
2.2250	33.568
2.2240	33.580
2.2231	33.587
2.2221	33.511
2.2211	33.498
2.2202	33.587
2.2192	33.590
2.2183	33.573
2.2173	33.569
2.2164	33.524
2.2155	33.456
2.2145	33.475
2.2136	33.510
2.2126	33.530
2.2117	33.544
2.2107	33.501
2.2098	33.507
2.2088	33.575
2.2079	33.638
2.2070	33.630
2.2060	33.631
2.2051	33.662
2.2041	33.678
2.2032	33.693
2.2023	33.736
2.2013	33.725
2.2004	33.663
2.1995	33.663
2.1985	33.677
2.1976	33.652
2.1967	33.626
2.1957	33.670
2.1948	33.641
2.1939	33.632
2.1930	33.677
2.1920	33.719
2.1911	33.712
2.1902	33.702
2.1893	33.736
2.1883	33.714
2.1874	33.758
2.1865	33.770
2.1856	33.691
2.1846	33.683
2.1837	33.694
2.1828	33.723
2.1819	33.796
2.1810	33.798
2.1800	33.760
2.1791	33.670
2.1782	33.642
2.1773	33.741
2.1764	33.796
2.1755	33.843
2.1746	33.861
2.1736	33.864
2.1727	33.875
2.1718	33.879
2.1709	33.830
2.1700	33.742
2.1691	33.676
2.1682	33.758
2.1673	33.746
2.1664	33.733
2.1655	33.793
2.1646	33.794
2.1637	33.858
2.1628	33.868
2.1619	33.813
2.1610	33.822
2.1601	33.854
2.1592	33.823
2.1583	33.728
2.1574	33.771
2.1565	33.728
2.1556	33.672
2.1547	33.708
2.1538	33.734
2.1529	33.687
2.1520	33.691
2.1511	33.767
2.1502	33.872
2.1493	33.863
2.1484	33.830
2.1475	33.812
2.1466	33.832
2.1458	33.833
2.1449	33.740
2.1440	33.738
2.1431	33.725
2.1422	33.695
2.1413	33.720
2.1404	33.777
2.1396	33.836
2.1387	33.756
2.1378	33.751
2.1369	33.793
2.1360	33.793
2.1352	33.795
2.1343	33.799
2.1334	33.799
2.1325	33.830
2.1316	33.740
2.1308	33.722
2.1299	33.832
2.1290	33.859
2.1281	33.765
2.1273	33.781
2.1264	33.817
2.1255	33.744
2.1247	33.720
2.1238	33.815
2.1229	33.827
2.1220	33.876
2.1212	33.812
2.1203	33.770
2.1194	33.822
2.1186	33.853
2.1177	33.780
2.1168	33.764
2.1160	33.840
2.1151	33.875
2.1143	33.872
2.1134	33.832
2.1125	33.829
2.1117	33.894
2.1108	33.877
2.1100	33.802
2.1091	33.748
2.1082	33.761
2.1074	33.736
2.1065	33.791
2.1057	33.797
2.1048	33.834
2.1040	33.878
2.1031	33.852
2.1023	33.785
2.1014	33.762
2.1005	33.802
2.0997	33.783
2.0988	33.777
2.0980	33.808
2.0971	33.816
2.0963	33.794
2.0955	33.721
2.0946	33.761
2.0938	33.860
2.0929	33.842
2.0921	33.781
2.0912	33.758
2.0904	33.797
2.0895	33.778
2.0887	33.805
2.0879	33.804
2.0870	33.840
2.0862	33.840
2.0853	33.807
2.0845	33.799
2.0837	33.808
2.0828	33.769
2.0820	33.753
2.0812	33.730
2.0803	33.807
2.0795	33.833
2.0760	33.833
2.0720	33.823
2.0680	33.860
2.0640	33.768
2.0600	33.675
2.0560	33.813
2.0520	33.795
2.0480	33.815
2.0440	33.576
2.0400	33.511
2.0360	33.403
2.0320	33.258
2.0280	33.311
2.0240	32.983
2.0200	32.915
2.0160	32.733
2.0120	32.611
2.0080	32.915
2.0040	32.810
2.0000	32.863
1.9960	32.681
1.9920	32.681
1.9880	32.538
1.9840	32.177
1.9800	32.061
1.9760	32.219
1.9720	32.305
1.9680	32.254
1.9640	32.409
1.9600	32.228
1.9560	32.305
1.9520	32.408
1.9480	32.304
1.9440	32.342
1.9400	32.223
1.9360	32.150
1.9320	31.722
1.9280	31.640
1.9240	31.261
1.9200	31.027
1.9160	31.145
1.9120	30.961
1.9080	30.885
1.9040	30.860
1.9000	30.863
1.8960	31.291
1.8920	31.468
1.8880	31.799
1.8840	31.670
1.8800	31.799
1.8760	32.153
1.8720	32.214
1.8680	32.226
1.8640	32.102
1.8600	31.957
1.8560	31.924
1.8520	32.155
1.8480	32.423
1.8440	32.458
1.8400	32.623
1.8360	32.713
1.8320	32.674
1.8280	32.699
1.8240	32.509
1.8200	32.522
1.8160	32.623
1.8120	32.624
1.8080	32.371
1.8040	32.421
1.8000	32.333
1.7960	32.486
1.7920	32.496
1.7880	32.333
1.7840	32.269
1.7800	32.057
1.7760	32.068
1.7720	32.093
1.7680	32.093
1.7640	32.192
1.7600	32.217
1.7560	32.281
1.7520	32.306
1.7480	32.509
1.7440	32.433
1.7400	32.572
1.7360	32.674
1.7320	32.699
1.7280	32.699
1.7240	32.699
1.7200	32.610
1.7160	32.471
1.7120	32.483
1.7080	32.418
1.7040	32.446
1.7000	32.333
1.6960	32.333
1.6920	32.308
1.6880	32.446
1.6840	32.308
1.6800	32.371
1.6760	32.421
1.6720	32.358
1.6680	32.269
1.6640	32.244
1.6600	32.219
1.6560	32.205
1.6520	32.330
1.6480	32.330
1.6440	32.266
1.6400	32.191
1.6360	32.145
1.6320	32.078
1.6280	32.153
1.6240	32.319
1.6200	32.241
1.6160	32.280
1.6120	32.318
1.6080	32.368
1.6040	32.569
1.6000	32.480
1.5960	32.405
1.5920	32.291
1.5880	32.166
1.5840	32.067
1.5800	32.018
1.5760	32.054
1.5720	32.067
1.5680	32.067
1.5640	32.163
1.5600	32.293
1.5560	32.194
1.5520	32.089
1.5480	32.099
1.5440	32.011
1.5400	31.898
1.5360	31.825
1.5320	31.913
1.5280	32.011
1.5240	32.099
1.5200	32.074
1.5160	32.138
1.5120	32.064
1.5080	31.888
1.5040	31.898
1.5000	32.006
1.4960	31.361
1.4920	31.689
1.4880	31.728
1.4840	31.840
1.4800	31.699
1.4760	31.776
1.4720	31.776
1.4680	31.675
1.4640	31.651
1.4600	31.691
1.4560	31.763
1.4520	31.820
1.4480	31.845
1.4440	31.854
1.4400	31.750
1.4360	31.823
1.4320	31.734
1.4280	31.582
1.4240	31.647
1.4200	31.623
1.4160	31.582
1.4120	31.599
1.4080	31.647
1.4040	31.347
1.4000	31.672
1.3960	31.599
1.3920	31.526
1.3880	31.420
1.3840	31.647
1.3800	31.925
1.3760	32.120
1.3720	32.066
1.3680	31.954
1.3640	32.021
1.3600	32.080
1.3560	32.169
1.3520	32.155
1.3480	31.975
1.3440	32.077
1.3400	32.055
1.3360	31.953
1.3320	31.731
1.3280	31.621
1.3240	31.494
1.3200	31.811
1.3160	31.907
1.3120	31.601
1.3080	31.672
1.3040	31.873
1.3000	31.897
1.2960	32.009
1.2920	31.993
1.2880	31.889
1.2840	31.921
1.2800	31.929
1.2760	31.864
1.2720	31.986
1.2680	31.864
1.2640	31.694
1.2600	31.670
1.2560	31.783
1.2520	31.663
1.2480	31.760
1.2440	31.808
1.2400	32.175
1.2360	32.274
1.2320	32.102
1.2280	32.158
1.2240	32.052
1.2200	31.956
1.2160	32.029
1.2120	31.851
1.2080	31.731
1.2040	31.949
1.2000	32.014
1.1960	32.030
1.1920	31.928
1.1880	31.880
1.1840	32.008
1.1800	31.830
1.1760	32.048
1.1720	32.072
1.1680	31.918
1.1640	31.901
1.1600	31.772
1.1560	31.778
1.1520	31.737
1.1480	31.737
1.1440	31.682
1.1400	31.848
1.1360	31.993
1.1320	31.848
1.1280	31.962
1.1240	31.682
1.1200	31.641
1.1160	31.659
1.1120	31.546
1.1080	31.314
1.1040	31.337
1.1000	31.650
1.0960	31.491
1.0920	31.515
1.0880	31.556
1.0840	31.515
1.0800	31.436
1.0760	31.235
1.0720	31.012
1.0680	31.235
1.0640	31.251
1.0600	31.297
1.0560	31.120
1.0520	31.101
1.0480	30.989
1.0440	30.944
1.0400	30.830
1.0360	30.833
1.0320	30.924
1.0280	31.170
1.0240	31.351
1.0200	31.189
1.0160	31.124
1.0120	30.989
1.0080	30.924
1.0040	31.113
1.0000	30.910
0.9960	30.910
0.9920	31.006
0.9880	31.009
0.9840	31.012
0.9800	30.946
0.9760	31.002
0.9720	30.910
0.9680	30.891
0.9640	30.913
0.9600	30.845
0.9560	31.025
0.9520	31.002
0.9480	31.002
0.9440	31.090
0.9400	31.100
0.9360	31.146
0.9320	31.077
0.9280	31.161
0.9240	31.119
0.9200	31.207
0.9160	31.119
0.9120	31.383
0.9080	31.401
0.9040	31.406
0.9000	31.461
0.8960	31.619
0.8920	31.707
0.8880	31.690
0.8840	31.666
0.8800	31.911
0.8760	31.911
0.8720	31.935
0.8680	31.935
0.8640	32.072
0.8600	32.128
0.8560	32.104
0.8520	32.104
0.8480	32.217
0.8440	32.169
0.8400	32.274
0.8360	32.322
0.8320	32.314
0.8280	32.338
0.8240	32.555
0.8200	32.707
0.8160	32.697
0.8120	32.687
0.8080	32.726
0.8040	32.891
0.8000	32.919
0.7990	32.420
0.7980	32.420
0.7970	32.217
0.7960	32.425
0.7950	32.516
0.7940	32.516
0.7930	32.477
0.7920	32.527
0.7910	32.634
0.7900	32.481
0.7890	32.420
0.7880	32.286
0.7870	32.481
0.7860	32.505
0.7850	32.321
0.7840	32.264
0.7830	32.597
0.7820	32.505
0.7810	32.683
0.7800	32.683
0.7790	32.818
0.7780	32.190
0.7770	32.349
0.7760	32.449
0.7750	32.669
0.7740	32.607
0.7730	32.349
0.7720	32.345
0.7710	32.412
0.7700	32.430
0.7690	32.776
0.7680	32.805
0.7670	32.526
0.7660	32.776
0.7650	32.756
0.7640	32.873
0.7630	32.776
0.7620	32.718
0.7610	32.689
0.7600	32.497
0.7590	32.430
0.7580	32.701
0.7570	32.641
0.7560	32.526
0.7550	32.306
0.7540	32.282
0.7530	32.583
0.7520	32.545
0.7510	32.487
0.7500	32.712
0.7490	32.902
0.7480	32.469
0.7470	32.345
0.7460	32.402
0.7450	32.516
0.7440	32.834
0.7430	32.730
0.7420	32.334
0.7410	32.316
0.7400	32.381
0.7390	32.509
0.7380	32.402
0.7370	32.574
0.7360	32.914
0.7350	32.545
0.7340	32.641
0.7330	32.277
0.7320	32.277
0.7310	32.490
0.7300	32.480
0.7290	32.295
0.7280	32.634
0.7270	32.814
0.7260	32.721
0.7250	32.477
0.7240	32.634
0.7230	32.818
0.7220	32.759
0.7210	32.663
0.7200	32.672
0.7190	32.490
0.7180	32.323
0.7170	31.939
0.7160	32.106
0.7150	32.316
0.7140	32.035
0.7130	32.188
0.7120	32.288
0.7110	32.721
0.7100	32.302
0.7090	32.352
0.7080	32.131
0.7070	32.341
0.7060	32.345
0.7050	32.432
0.7040	32.277
0.7030	32.422
0.7020	32.545
0.7010	32.512
0.7000	32.290
0.6990	32.023
0.6980	32.002
0.6970	31.926
0.6960	32.135
0.6950	32.231
0.6940	32.529
0.6930	32.429
0.6920	32.400
0.6910	32.211
0.6900	32.211
0.6890	32.409
0.6880	32.528
0.6870	32.311
0.6860	32.300
0.6850	32.201
0.6840	32.084
0.6830	32.084
0.6820	32.151
0.6810	32.113
0.6800	32.250
0.6790	31.895
0.6780	31.796
0.6770	31.914
0.6760	31.972
0.6750	32.101
0.6740	32.219
0.6730	32.020
0.6720	32.100
0.6710	32.002
0.6700	31.972
0.6690	31.674
0.6680	31.518
0.6670	31.576
0.6660	31.715
0.6650	31.657
0.6640	31.961
0.6630	31.920
0.6620	31.762
0.6610	31.762
0.6600	31.762
0.6590	31.605
0.6580	31.605
0.6570	31.505
0.6560	31.518
0.6550	31.703
0.6540	31.505
0.6530	31.320
0.6520	31.422
0.6510	31.409
0.6500	31.451
0.6490	31.464
0.6480	31.207
0.6470	31.306
0.6460	31.335
0.6450	31.435
0.6440	31.534
0.6430	31.306
0.6420	31.220
0.6410	31.264
0.6400	31.264
0.6390	31.251
0.6380	31.422
0.6370	31.306
0.6360	31.264
0.6350	31.235
0.6340	31.107
0.6330	31.207
0.6320	31.235
0.6310	31.079
0.6300	30.738
0.6290	30.952
0.6280	31.065
0.6270	31.151
0.6260	31.109
0.6250	31.209
0.6240	31.151
0.6230	31.180
0.6220	30.909
0.6210	30.680
0.6200	30.780
0.6190	30.709
0.6180	30.995
0.6170	31.138
0.6160	31.109
0.6150	30.852
0.6140	30.780
0.6130	30.724
0.6120	30.724
0.6110	30.680
0.6100	30.809
0.6090	30.923
0.6080	30.737
0.6070	30.709
0.6060	30.737
0.6050	30.437
0.6040	30.393
0.6030	30.421
0.6020	30.321
0.6010	30.321
0.6000	30.462
0.5990	30.491
0.5980	30.548
0.5970	30.605
0.5960	30.504
0.5950	30.561
0.5940	30.285
0.5930	30.256
0.5920	30.342
0.5910	30.546
0.5900	30.342
0.5890	30.268
0.5880	30.138
0.5870	30.240
0.5860	30.080
0.5850	29.894
0.5840	30.138
0.5830	30.195
0.5820	29.951
0.5810	29.997
0.5800	29.986
0.5790	29.812
0.5780	29.784
0.5770	29.812
0.5760	29.997
0.5750	29.997
0.5740	29.913
0.5730	29.791
0.5720	29.754
0.5710	29.654
0.5700	29.527
0.5690	29.527
0.5680	29.446
0.5670	29.509
0.5660	29.618
0.5650	29.417
0.5640	29.035
0.5630	29.216
0.5620	29.043
0.5610	29.170
0.5600	29.279
0.5590	29.333
0.5580	28.394
0.5570	28.365
0.5560	28.290
0.5550	28.290
0.5540	28.390
0.5530	28.251
0.5520	28.272
0.5510	28.033
0.5500	28.179
0.5490	28.186
0.5480	28.239
0.5470	28.183
0.5460	27.916
0.5450	27.794
0.5440	27.796
0.5430	27.796
0.5420	27.603
0.5410	27.871
0.5400	27.676
0.5390	27.750
0.5380	28.019
0.5370	27.673
0.5360	27.698
0.5350	27.823
0.5340	27.555
0.5330	27.555
0.5320	27.385
0.5310	27.360
0.5300	26.991
0.5290	27.408
0.5280	27.286
0.5270	27.165
0.5260	27.067
0.5250	27.286
0.5240	27.334
0.5230	27.212
0.5220	26.947
0.5210	26.947
0.5200	27.139
0.5190	27.138
0.5180	27.138
0.5170	27.043
0.5160	26.895
0.5150	26.943
0.5140	26.823
0.5130	26.675
0.5120	26.699
0.5110	26.771
0.5100	26.604
0.5090	26.652
0.5080	26.437
0.5070	26.507
0.5060	26.774
0.5050	26.773
0.5040	26.723
0.5030	26.798
0.5020	26.460
0.5010	26.360
0.5000	26.381
0.4990	26.381
0.4980	26.288
0.4970	26.409
0.4960	26.363
0.4950	26.169
0.4940	26.130
0.4930	26.270
0.4920	26.340
0.4910	26.242
0.4900	26.313
0.4890	26.194
0.4880	26.215
0.4870	25.996
0.4860	25.893
0.4850	25.901
0.4840	25.901
0.4830	26.286
0.4820	25.878
0.4810	25.901
0.4800	25.827
0.4790	25.803
0.4780	25.895
0.4770	25.872
0.4760	25.774
0.4750	25.581
0.4740	25.604
0.4730	25.627
0.4720	25.780
0.4710	25.780
0.4700	25.780
0.4690	25.583
0.4680	25.537
0.4670	25.507
0.4660	25.410
0.4650	25.531
0.4640	25.335
0.4630	25.291
0.4620	25.226
0.4610	25.226
0.4600	25.151
0.4590	25.539
0.4580	25.491
0.4570	25.543
0.4560	25.365
0.4550	25.287
0.4540	25.066
0.4530	25.187
0.4520	25.172
0.4510	25.172
0.4500	25.237
0.4490	25.029
0.4480	24.913
0.4470	24.833
0.4460	24.692
0.4450	24.754
0.4440	24.734
0.4430	24.755
0.4420	24.819
0.4410	24.409
0.4400	24.692
0.4390	24.570
0.4380	24.530
0.4370	24.529
0.4360	24.529
0.4350	24.611
0.4340	24.446
0.4330	24.507
0.4320	24.385
0.4310	24.303
0.4300	24.423
0.4290	24.343
0.4280	24.238
0.4270	24.254
0.4260	24.073
0.4250	24.241
0.4240	23.727
0.4230	24.093
0.4220	23.945
0.4210	23.840
0.4200	23.878
0.4190	23.678
0.4180	23.783
0.4170	23.660
0.4160	23.529
0.4150	23.360
0.4140	23.223
0.4130	23.295
0.4120	23.378
0.4110	23.288
0.4100	23.221
0.4090	23.221
0.4080	23.221
0.4070	23.089
0.4060	22.938
0.4050	22.801
0.4040	22.854
0.4030	22.836
0.4020	22.769
0.4010	22.597
0.4000	22.250
