Name: Basalt
Type: Rocks
Class: Igneous
Subclass: Mafic
Particle Size: 0-75 micrometers
Sample No.: Basalt.H5
Owner: JHU
Wavelength range: All
Origin: from Kilauea Iki Drill core, via Rosalind Helz, USGS, Reston, VA 
(Cat. No. KI 79-3-100)
Description:  Sample from which the powder is derived is gray, medium-
grained, slightly vesicular rock with plagioclase laths less than or equal to 3 
mm, opaques, and a green phase approx. 1-2 mm in size, set in a grayish 
groundmass.


Measurement: Directional (10 degree) hemispherical reflectance
First Column: X
Second Column: Y
X Units: Wavelength (micrometers)
Y Units: Reflectance (percent)
First X Value: 14.0112
Last X Value: 0.4000
Number of X Values: 2844
Additional information: basal5a.txt

14.011	1.9068
13.973	1.6284
13.936	1.4758
13.899	1.4810
13.861	1.6055
13.824	1.8012
13.788	2.0175
13.751	2.1853
13.715	2.2790
13.679	2.2997
13.643	2.2826
13.607	2.2538
13.571	2.1935
13.536	2.1520
13.500	2.1363
13.465	2.1078
13.430	2.0655
13.396	2.0081
13.361	1.9496
13.327	1.9106
13.293	1.8954
13.259	1.9249
13.225	1.9915
13.191	2.0782
13.158	2.1729
13.124	2.2392
13.091	2.2504
13.058	2.2380
13.026	2.2197
12.993	2.2045
12.960	2.2104
12.928	2.2502
12.896	2.3221
12.864	2.3937
12.832	2.4403
12.800	2.4715
12.769	2.4924
12.737	2.5233
12.706	2.5735
12.675	2.6400
12.644	2.7199
12.614	2.7942
12.583	2.8472
12.552	2.8865
12.522	2.9309
12.492	2.9997
12.462	3.0989
12.432	3.2400
12.402	3.4242
12.373	3.6441
12.343	3.8838
12.314	4.1229
12.285	4.3397
12.256	4.5036
12.227	4.5895
12.198	4.6104
12.169	4.5907
12.141	4.5558
12.113	4.5236
12.084	4.4988
12.056	4.4850
12.028	4.4644
12.000	4.4194
11.973	4.3587
11.945	4.2893
11.918	4.2178
11.890	4.1533
11.863	4.0982
11.836	4.0551
11.809	4.0176
11.782	3.9844
11.755	3.9558
11.729	3.9281
11.702	3.8986
11.676	3.8625
11.650	3.8198
11.624	3.7776
11.598	3.7486
11.572	3.7429
11.546	3.7615
11.520	3.7978
11.495	3.8320
11.469	3.8468
11.444	3.8416
11.419	3.8192
11.394	3.7873
11.369	3.7521
11.344	3.7197
11.319	3.6878
11.294	3.6488
11.270	3.6031
11.245	3.5553
11.221	3.5102
11.197	3.4685
11.173	3.4296
11.149	3.3937
11.125	3.3564
11.101	3.3185
11.077	3.2815
11.054	3.2484
11.030	3.2257
11.007	3.2124
10.983	3.2041
10.960	3.1940
10.937	3.1793
10.914	3.1587
10.891	3.1322
10.868	3.1031
10.846	3.0756
10.823	3.0541
10.800	3.0403
10.778	3.0330
10.755	3.0288
10.733	3.0229
10.711	3.0148
10.689	3.0049
10.667	2.9901
10.645	2.9712
10.623	2.9515
10.602	2.9311
10.580	2.9055
10.558	2.8758
10.537	2.8486
10.516	2.8284
10.494	2.8132
10.473	2.8036
10.452	2.7977
10.431	2.7900
10.410	2.7769
10.389	2.7607
10.368	2.7476
10.348	2.7337
10.327	2.7110
10.306	2.6772
10.286	2.6304
10.266	2.5727
10.245	2.5141
10.225	2.4708
10.205	2.4577
10.185	2.4675
10.165	2.4862
10.145	2.5090
10.125	2.5298
10.106	2.5434
10.086	2.5504
10.066	2.5584
10.047	2.5732
10.027	2.5889
10.008	2.6008
9.9887	2.6147
9.9695	2.6278
9.9504	2.6337
9.9313	2.6288
9.9123	2.6171
9.8934	2.6025
9.8746	2.5865
9.8558	2.5743
9.8371	2.5722
9.8185	2.5717
9.7999	2.5645
9.7814	2.5476
9.7630	2.5277
9.7447	2.5083
9.7264	2.4909
9.7082	2.4820
9.6900	2.4802
9.6719	2.4736
9.6539	2.4567
9.6360	2.4342
9.6181	2.4108
9.6003	2.3890
9.5825	2.3766
9.5649	2.3777
9.5472	2.3878
9.5297	2.3993
9.5122	2.4115
9.4948	2.4249
9.4774	2.4363
9.4601	2.4490
9.4429	2.4684
9.4257	2.4935
9.4086	2.5233
9.3916	2.5577
9.3746	2.5992
9.3577	2.6418
9.3408	2.6803
9.3240	2.7103
9.3073	2.7302
9.2906	2.7473
9.2740	2.7618
9.2574	2.7743
9.2409	2.7872
9.2245	2.7989
9.2081	2.8085
9.1918	2.8135
9.1755	2.8280
9.1593	2.8626
9.1431	2.9049
9.1270	2.9439
9.1110	2.9740
9.0950	2.9911
9.0791	2.9917
9.0632	2.9794
9.0474	2.9657
9.0316	2.9553
9.0159	2.9426
9.0003	2.9267
8.9847	2.9057
8.9691	2.8812
8.9536	2.8530
8.9382	2.8221
8.9228	2.7876
8.9075	2.7516
8.8922	2.7132
8.8770	2.6696
8.8618	2.6196
8.8467	2.5692
8.8316	2.5226
8.8166	2.4825
8.8016	2.4525
8.7867	2.4324
8.7718	2.4190
8.7570	2.4039
8.7422	2.3831
8.7275	2.3582
8.7129	2.3316
8.6982	2.3086
8.6837	2.2932
8.6692	2.2870
8.6547	2.2896
8.6403	2.2940
8.6259	2.2964
8.6116	2.2959
8.5973	2.2929
8.5830	2.2898
8.5688	2.2910
8.5547	2.2999
8.5406	2.3147
8.5266	2.3299
8.5126	2.3412
8.4986	2.3478
8.4847	2.3503
8.4708	2.3522
8.4570	2.3592
8.4432	2.3728
8.4295	2.3890
8.4158	2.4021
8.4022	2.4117
8.3886	2.4216
8.3750	2.4351
8.3615	2.4581
8.3481	2.4907
8.3347	2.5296
8.3213	2.5690
8.3079	2.6018
8.2946	2.6267
8.2814	2.6452
8.2682	2.6580
8.2550	2.6667
8.2419	2.6704
8.2288	2.6688
8.2158	2.6646
8.2028	2.6590
8.1898	2.6548
8.1769	2.6559
8.1640	2.6618
8.1512	2.6712
8.1384	2.6836
8.1256	2.6967
8.1129	2.7124
8.1002	2.7317
8.0876	2.7560
8.0750	2.7844
8.0624	2.8169
8.0499	2.8558
8.0374	2.9011
8.0250	2.9522
8.0126	3.0080
8.0002	3.0665
7.9879	3.1257
7.9756	3.1790
7.9634	3.2309
7.9512	3.2857
7.9390	3.3447
7.9268	3.4099
7.9147	3.4790
7.9027	3.5506
7.8906	3.6239
7.8786	3.7015
7.8667	3.7836
7.8548	3.8691
7.8429	3.9564
7.8310	4.0418
7.8192	4.1229
7.8075	4.1986
7.7957	4.2745
7.7840	4.3575
7.7723	4.4468
7.7607	4.5415
7.7491	4.6406
7.7375	4.7437
7.7260	4.8475
7.7145	4.9462
7.7031	5.0402
7.6916	5.1302
7.6802	5.2179
7.6689	5.3044
7.6575	5.3937
7.6462	5.4921
7.6350	5.5961
7.6238	5.7018
7.6126	5.8078
7.6014	5.9128
7.5903	6.0171
7.5792	6.1200
7.5681	6.2231
7.5571	6.3288
7.5461	6.4355
7.5351	6.5431
7.5242	6.6520
7.5133	6.7615
7.5024	6.8709
7.4916	6.9792
7.4807	7.0849
7.4700	7.1880
7.4592	7.2888
7.4485	7.3880
7.4378	7.4880
7.4272	7.5904
7.4165	7.6950
7.4059	7.8007
7.3954	7.9080
7.3848	8.0168
7.3743	8.1231
7.3639	8.2263
7.3534	8.3273
7.3430	8.4272
7.3326	8.5223
7.3223	8.6135
7.3119	8.7023
7.3016	8.7888
7.2914	8.8727
7.2811	8.9548
7.2709	9.0377
7.2607	9.1233
7.2506	9.2074
7.2404	9.2911
7.2303	9.3712
7.2203	9.4486
7.2102	9.5249
7.2002	9.6033
7.1902	9.6870
7.1803	9.7758
7.1703	9.8672
7.1604	9.9600
7.1506	10.052
7.1407	10.144
7.1309	10.232
7.1211	10.316
7.1113	10.395
7.1016	10.470
7.0919	10.541
7.0822	10.614
7.0725	10.693
7.0629	10.778
7.0533	10.862
7.0437	10.943
7.0341	11.021
7.0246	11.095
7.0151	11.167
7.0056	11.242
6.9962	11.321
6.9867	11.401
6.9773	11.479
6.9679	11.557
6.9586	11.634
6.9493	11.711
6.9400	11.783
6.9307	11.850
6.9214	11.912
6.9122	11.967
6.9030	12.021
6.8938	12.081
6.8847	12.144
6.8755	12.211
6.8664	12.276
6.8573	12.336
6.8483	12.391
6.8393	12.440
6.8302	12.486
6.8213	12.527
6.8123	12.562
6.8034	12.592
6.7944	12.616
6.7855	12.638
6.7767	12.661
6.7678	12.681
6.7590	12.696
6.7502	12.704
6.7414	12.705
6.7327	12.700
6.7239	12.692
6.7152	12.684
6.7065	12.677
6.6979	12.668
6.6892	12.657
6.6806	12.643
6.6720	12.628
6.6634	12.616
6.6549	12.611
6.6464	12.615
6.6378	12.625
6.6294	12.639
6.6209	12.654
6.6124	12.662
6.6040	12.665
6.5956	12.666
6.5872	12.669
6.5789	12.674
6.5705	12.681
6.5622	12.692
6.5539	12.704
6.5456	12.714
6.5374	12.725
6.5292	12.736
6.5209	12.747
6.5128	12.757
6.5046	12.767
6.4964	12.782
6.4883	12.804
6.4802	12.834
6.4721	12.867
6.4640	12.901
6.4560	12.934
6.4480	12.964
6.4399	12.991
6.4320	13.018
6.4240	13.049
6.4160	13.081
6.4081	13.113
6.4002	13.146
6.3923	13.178
6.3844	13.206
6.3766	13.232
6.3687	13.256
6.3609	13.279
6.3531	13.301
6.3454	13.323
6.3376	13.347
6.3299	13.371
6.3221	13.392
6.3144	13.409
6.3068	13.421
6.2991	13.428
6.2914	13.432
6.2838	13.428
6.2762	13.421
6.2686	13.416
6.2611	13.411
6.2535	13.407
6.2460	13.407
6.2385	13.410
6.2310	13.414
6.2235	13.417
6.2160	13.419
6.2086	13.420
6.2011	13.417
6.1937	13.411
6.1863	13.404
6.1790	13.392
6.1716	13.382
6.1643	13.384
6.1570	13.403
6.1496	13.438
6.1424	13.486
6.1351	13.540
6.1278	13.591
6.1206	13.631
6.1134	13.667
6.1062	13.705
6.0990	13.753
6.0918	13.811
6.0847	13.877
6.0776	13.945
6.0704	14.012
6.0633	14.078
6.0563	14.142
6.0492	14.205
6.0421	14.274
6.0351	14.347
6.0281	14.421
6.0211	14.493
6.0141	14.569
6.0071	14.650
6.0002	14.730
5.9932	14.811
5.9863	14.897
5.9794	14.988
5.9725	15.079
5.9657	15.170
5.9588	15.263
5.9520	15.359
5.9451	15.453
5.9383	15.548
5.9315	15.647
5.9247	15.748
5.9180	15.847
5.9112	15.942
5.9045	16.032
5.8978	16.116
5.8911	16.196
5.8844	16.274
5.8777	16.352
5.8711	16.431
5.8644	16.505
5.8578	16.574
5.8512	16.637
5.8446	16.696
5.8380	16.753
5.8314	16.810
5.8249	16.870
5.8184	16.934
5.8118	17.000
5.8053	17.069
5.7988	17.139
5.7923	17.210
5.7859	17.281
5.7794	17.351
5.7730	17.421
5.7666	17.492
5.7602	17.562
5.7538	17.629
5.7474	17.692
5.7410	17.750
5.7347	17.801
5.7283	17.846
5.7220	17.889
5.7157	17.934
5.7094	17.980
5.7031	18.028
5.6969	18.077
5.6906	18.122
5.6844	18.164
5.6782	18.203
5.6719	18.240
5.6657	18.275
5.6596	18.309
5.6534	18.344
5.6472	18.382
5.6411	18.422
5.6349	18.468
5.6288	18.522
5.6227	18.580
5.6166	18.637
5.6106	18.695
5.6045	18.751
5.5984	18.805
5.5924	18.858
5.5864	18.914
5.5804	18.977
5.5744	19.042
5.5684	19.108
5.5624	19.172
5.5564	19.233
5.5505	19.287
5.5445	19.335
5.5386	19.383
5.5327	19.430
5.5268	19.475
5.5209	19.519
5.5151	19.561
5.5092	19.600
5.5033	19.635
5.4975	19.671
5.4917	19.706
5.4859	19.742
5.4801	19.777
5.4743	19.809
5.4685	19.836
5.4628	19.857
5.4570	19.873
5.4513	19.886
5.4455	19.895
5.4398	19.902
5.4341	19.907
5.4284	19.907
5.4228	19.905
5.4171	19.899
5.4114	19.888
5.4058	19.871
5.4002	19.847
5.3945	19.817
5.3889	19.779
5.3833	19.734
5.3778	19.686
5.3722	19.638
5.3666	19.594
5.3611	19.557
5.3555	19.528
5.3500	19.507
5.3445	19.491
5.3390	19.479
5.3335	19.473
5.3280	19.475
5.3225	19.484
5.3171	19.503
5.3116	19.532
5.3062	19.569
5.3008	19.616
5.2954	19.670
5.2900	19.732
5.2846	19.799
5.2792	19.873
5.2738	19.953
5.2684	20.038
5.2631	20.128
5.2578	20.222
5.2524	20.320
5.2471	20.417
5.2418	20.514
5.2365	20.612
5.2312	20.708
5.2260	20.802
5.2207	20.892
5.2154	20.982
5.2102	21.067
5.2050	21.146
5.1998	21.221
5.1945	21.289
5.1893	21.352
5.1842	21.409
5.1790	21.464
5.1738	21.518
5.1686	21.570
5.1635	21.621
5.1584	21.671
5.1532	21.721
5.1481	21.772
5.1430	21.826
5.1379	21.879
5.1328	21.931
5.1277	21.978
5.1227	22.020
5.1176	22.061
5.1126	22.100
5.1075	22.140
5.1025	22.179
5.0975	22.216
5.0925	22.250
5.0875	22.283
5.0825	22.317
5.0775	22.356
5.0726	22.403
5.0676	22.460
5.0627	22.524
5.0577	22.595
5.0528	22.668
5.0479	22.741
5.0430	22.815
5.0380	22.886
5.0332	22.953
5.0283	23.017
5.0234	23.084
5.0185	23.156
5.0137	23.232
5.0088	23.315
5.0040	23.405
4.9992	23.497
4.9944	23.585
4.9896	23.673
4.9848	23.761
4.9800	23.850
4.9752	23.940
4.9704	24.032
4.9657	24.126
4.9609	24.217
4.9562	24.306
4.9514	24.396
4.9467	24.487
4.9420	24.581
4.9373	24.681
4.9326	24.787
4.9279	24.895
4.9232	25.001
4.9186	25.106
4.9139	25.208
4.9092	25.306
4.9046	25.399
4.9000	25.492
4.8953	25.583
4.8907	25.669
4.8861	25.749
4.8815	25.826
4.8769	25.905
4.8723	25.983
4.8678	26.065
4.8632	26.153
4.8586	26.242
4.8541	26.324
4.8495	26.399
4.8450	26.466
4.8405	26.528
4.8360	26.587
4.8315	26.646
4.8270	26.707
4.8225	26.769
4.8180	26.828
4.8135	26.885
4.8090	26.941
4.8046	27.002
4.8001	27.068
4.7957	27.136
4.7913	27.206
4.7868	27.274
4.7824	27.338
4.7780	27.400
4.7736	27.461
4.7692	27.524
4.7648	27.589
4.7605	27.654
4.7561	27.722
4.7517	27.791
4.7474	27.864
4.7431	27.943
4.7387	28.025
4.7344	28.106
4.7301	28.183
4.7258	28.254
4.7215	28.319
4.7172	28.382
4.7129	28.444
4.7086	28.508
4.7043	28.575
4.7000	28.642
4.6958	28.708
4.6915	28.775
4.6873	28.843
4.6831	28.909
4.6788	28.972
4.6746	29.034
4.6704	29.098
4.6662	29.163
4.6620	29.230
4.6578	29.299
4.6536	29.368
4.6495	29.435
4.6453	29.502
4.6411	29.567
4.6370	29.633
4.6328	29.702
4.6287	29.774
4.6246	29.845
4.6205	29.917
4.6163	29.990
4.6122	30.067
4.6081	30.144
4.6040	30.221
4.6000	30.294
4.5959	30.361
4.5918	30.420
4.5877	30.470
4.5837	30.515
4.5796	30.560
4.5756	30.608
4.5716	30.662
4.5675	30.720
4.5635	30.780
4.5595	30.840
4.5555	30.896
4.5515	30.950
4.5475	31.001
4.5435	31.051
4.5395	31.099
4.5356	31.145
4.5316	31.188
4.5276	31.229
4.5237	31.268
4.5197	31.305
4.5158	31.343
4.5119	31.383
4.5080	31.423
4.5040	31.462
4.5001	31.497
4.4962	31.528
4.4923	31.555
4.4884	31.579
4.4846	31.604
4.4807	31.629
4.4768	31.656
4.4730	31.681
4.4691	31.705
4.4652	31.725
4.4614	31.746
4.4576	31.766
4.4537	31.787
4.4499	31.808
4.4461	31.830
4.4423	31.851
4.4385	31.869
4.4347	31.887
4.4309	31.907
4.4271	31.926
4.4233	31.944
4.4196	31.965
4.4158	31.987
4.4120	32.009
4.4083	32.029
4.4045	32.050
4.4008	32.071
4.3971	32.089
4.3934	32.104
4.3896	32.119
4.3859	32.134
4.3822	32.147
4.3785	32.162
4.3748	32.180
4.3711	32.200
4.3674	32.223
4.3638	32.246
4.3601	32.267
4.3564	32.286
4.3528	32.301
4.3491	32.314
4.3455	32.329
4.3418	32.348
4.3382	32.373
4.3346	32.398
4.3310	32.423
4.3273	32.446
4.3237	32.464
4.3201	32.478
4.3165	32.489
4.3129	32.501
4.3094	32.516
4.3058	32.532
4.3022	32.548
4.2986	32.563
4.2951	32.579
4.2915	32.593
4.2880	32.605
4.2844	32.615
4.2809	32.627
4.2774	32.640
4.2738	32.651
4.2703	32.660
4.2668	32.670
4.2633	32.680
4.2598	32.687
4.2563	32.693
4.2528	32.701
4.2493	32.710
4.2458	32.718
4.2424	32.727
4.2389	32.741
4.2354	32.758
4.2320	32.776
4.2285	32.792
4.2251	32.806
4.2216	32.813
4.2182	32.815
4.2148	32.815
4.2113	32.814
4.2079	32.816
4.2045	32.820
4.2011	32.827
4.1977	32.839
4.1943	32.853
4.1909	32.866
4.1875	32.877
4.1841	32.886
4.1808	32.891
4.1774	32.890
4.1740	32.889
4.1707	32.890
4.1673	32.892
4.1640	32.891
4.1606	32.891
4.1573	32.896
4.1540	32.901
4.1506	32.906
4.1473	32.911
4.1440	32.916
4.1407	32.920
4.1374	32.918
4.1341	32.914
4.1308	32.910
4.1275	32.906
4.1242	32.902
4.1209	32.901
4.1177	32.904
4.1144	32.911
4.1111	32.918
4.1079	32.922
4.1046	32.926
4.1014	32.928
4.0981	32.928
4.0949	32.924
4.0917	32.919
4.0884	32.915
4.0852	32.910
4.0820	32.906
4.0788	32.907
4.0756	32.912
4.0724	32.915
4.0692	32.915
4.0660	32.914
4.0628	32.914
4.0596	32.917
4.0565	32.920
4.0533	32.925
4.0501	32.926
4.0470	32.919
4.0438	32.907
4.0406	32.896
4.0375	32.889
4.0344	32.884
4.0312	32.882
4.0281	32.879
4.0250	32.875
4.0218	32.869
4.0187	32.865
4.0156	32.865
4.0125	32.867
4.0094	32.867
4.0063	32.863
4.0032	32.857
4.0001	32.847
3.9970	32.837
3.9940	32.830
3.9909	32.827
3.9878	32.829
3.9847	32.836
3.9817	32.846
3.9786	32.856
3.9756	32.862
3.9725	32.860
3.9695	32.850
3.9665	32.836
3.9634	32.826
3.9604	32.818
3.9574	32.814
3.9544	32.813
3.9513	32.814
3.9483	32.811
3.9453	32.803
3.9423	32.795
3.9393	32.789
3.9363	32.783
3.9333	32.777
3.9304	32.772
3.9274	32.770
3.9244	32.770
3.9214	32.771
3.9185	32.774
3.9155	32.776
3.9126	32.774
3.9096	32.766
3.9067	32.755
3.9037	32.743
3.9008	32.732
3.8979	32.722
3.8949	32.717
3.8920	32.713
3.8891	32.709
3.8862	32.705
3.8833	32.699
3.8804	32.693
3.8775	32.687
3.8746	32.683
3.8717	32.682
3.8688	32.682
3.8659	32.682
3.8630	32.681
3.8601	32.678
3.8573	32.671
3.8544	32.662
3.8515	32.653
3.8487	32.647
3.8458	32.642
3.8430	32.638
3.8401	32.636
3.8373	32.632
3.8344	32.626
3.8316	32.618
3.8288	32.609
3.8259	32.601
3.8231	32.591
3.8203	32.578
3.8175	32.568
3.8147	32.561
3.8119	32.558
3.8091	32.560
3.8063	32.566
3.8035	32.576
3.8007	32.581
3.7979	32.579
3.7951	32.573
3.7924	32.560
3.7896	32.541
3.7868	32.519
3.7841	32.498
3.7813	32.484
3.7785	32.477
3.7758	32.477
3.7730	32.481
3.7703	32.483
3.7676	32.476
3.7648	32.461
3.7621	32.442
3.7594	32.428
3.7566	32.421
3.7539	32.421
3.7512	32.425
3.7485	32.427
3.7458	32.420
3.7431	32.406
3.7404	32.388
3.7377	32.370
3.7350	32.356
3.7323	32.348
3.7296	32.348
3.7269	32.351
3.7242	32.355
3.7216	32.355
3.7189	32.350
3.7162	32.338
3.7136	32.321
3.7109	32.305
3.7083	32.293
3.7056	32.286
3.7030	32.282
3.7003	32.280
3.6977	32.276
3.6950	32.267
3.6924	32.255
3.6898	32.242
3.6872	32.229
3.6845	32.216
3.6819	32.202
3.6793	32.191
3.6767	32.184
3.6741	32.179
3.6715	32.178
3.6689	32.181
3.6663	32.182
3.6637	32.179
3.6611	32.171
3.6585	32.160
3.6560	32.149
3.6534	32.139
3.6508	32.129
3.6482	32.118
3.6457	32.107
3.6431	32.096
3.6406	32.082
3.6380	32.068
3.6355	32.058
3.6329	32.054
3.6304	32.050
3.6278	32.047
3.6253	32.042
3.6227	32.033
3.6202	32.015
3.6177	31.994
3.6152	31.976
3.6127	31.962
3.6101	31.953
3.6076	31.948
3.6051	31.945
3.6026	31.939
3.6001	31.925
3.5976	31.908
3.5951	31.892
3.5926	31.882
3.5901	31.875
3.5876	31.872
3.5852	31.873
3.5827	31.874
3.5802	31.866
3.5777	31.854
3.5753	31.842
3.5728	31.831
3.5704	31.819
3.5679	31.809
3.5654	31.800
3.5630	31.788
3.5605	31.772
3.5581	31.756
3.5557	31.742
3.5532	31.731
3.5508	31.721
3.5484	31.709
3.5459	31.696
3.5435	31.680
3.5411	31.663
3.5387	31.651
3.5363	31.644
3.5338	31.643
3.5314	31.643
3.5290	31.641
3.5266	31.633
3.5242	31.619
3.5218	31.599
3.5195	31.576
3.5171	31.554
3.5147	31.537
3.5123	31.526
3.5099	31.518
3.5075	31.511
3.5052	31.503
3.5028	31.494
3.5004	31.485
3.4981	31.476
3.4957	31.470
3.4934	31.468
3.4910	31.466
3.4887	31.459
3.4863	31.445
3.4840	31.427
3.4816	31.407
3.4793	31.385
3.4770	31.369
3.4746	31.362
3.4723	31.362
3.4700	31.363
3.4677	31.360
3.4653	31.354
3.4630	31.341
3.4607	31.319
3.4584	31.295
3.4561	31.275
3.4538	31.256
3.4515	31.238
3.4492	31.223
3.4469	31.211
3.4446	31.200
3.4423	31.187
3.4400	31.176
3.4378	31.161
3.4355	31.143
3.4332	31.124
3.4309	31.107
3.4287	31.088
3.4264	31.066
3.4241	31.042
3.4219	31.017
3.4196	30.988
3.4174	30.961
3.4151	30.939
3.4129	30.925
3.4106	30.916
3.4084	30.914
3.4061	30.917
3.4039	30.921
3.4017	30.923
3.3994	30.919
3.3972	30.907
3.3950	30.889
3.3928	30.871
3.3906	30.855
3.3883	30.841
3.3861	30.828
3.3839	30.816
3.3817	30.808
3.3795	30.802
3.3773	30.800
3.3751	30.804
3.3729	30.812
3.3707	30.816
3.3685	30.809
3.3663	30.792
3.3641	30.772
3.3620	30.751
3.3598	30.729
3.3576	30.713
3.3554	30.703
3.3533	30.692
3.3511	30.678
3.3489	30.666
3.3468	30.657
3.3446	30.649
3.3425	30.638
3.3403	30.627
3.3382	30.615
3.3360	30.596
3.3339	30.573
3.3317	30.550
3.3296	30.529
3.3274	30.511
3.3253	30.497
3.3232	30.485
3.3210	30.476
3.3189	30.465
3.3168	30.448
3.3147	30.429
3.3126	30.410
3.3104	30.390
3.3083	30.372
3.3062	30.356
3.3041	30.341
3.3020	30.328
3.2999	30.314
3.2978	30.303
3.2957	30.293
3.2936	30.280
3.2915	30.263
3.2894	30.243
3.2874	30.221
3.2853	30.199
3.2832	30.181
3.2811	30.168
3.2790	30.160
3.2770	30.151
3.2749	30.138
3.2728	30.120
3.2708	30.101
3.2687	30.074
3.2666	30.044
3.2646	30.019
3.2625	30.001
3.2605	29.987
3.2584	29.975
3.2564	29.967
3.2543	29.960
3.2523	29.944
3.2503	29.921
3.2482	29.900
3.2462	29.882
3.2442	29.864
3.2421	29.846
3.2401	29.830
3.2381	29.816
3.2361	29.796
3.2340	29.775
3.2320	29.757
3.2300	29.740
3.2280	29.721
3.2260	29.698
3.2240	29.674
3.2220	29.649
3.2200	29.624
3.2180	29.604
3.2160	29.588
3.2140	29.571
3.2120	29.552
3.2100	29.531
3.2080	29.507
3.2060	29.485
3.2040	29.466
3.2021	29.455
3.2001	29.446
3.1981	29.433
3.1961	29.415
3.1942	29.395
3.1922	29.373
3.1902	29.354
3.1883	29.341
3.1863	29.334
3.1844	29.327
3.1824	29.314
3.1805	29.292
3.1785	29.264
3.1766	29.232
3.1746	29.202
3.1727	29.181
3.1707	29.170
3.1688	29.166
3.1669	29.163
3.1649	29.157
3.1630	29.143
3.1611	29.119
3.1591	29.090
3.1572	29.060
3.1553	29.035
3.1534	29.018
3.1515	29.011
3.1495	29.011
3.1476	29.009
3.1457	28.999
3.1438	28.980
3.1419	28.953
3.1400	28.924
3.1381	28.900
3.1362	28.884
3.1343	28.873
3.1324	28.860
3.1305	28.843
3.1286	28.820
3.1268	28.794
3.1249	28.769
3.1230	28.751
3.1211	28.738
3.1192	28.723
3.1174	28.704
3.1155	28.684
3.1136	28.667
3.1117	28.651
3.1099	28.635
3.1080	28.620
3.1061	28.604
3.1043	28.577
3.1024	28.542
3.1006	28.512
3.0987	28.492
3.0969	28.479
3.0950	28.469
3.0932	28.462
3.0913	28.454
3.0895	28.440
3.0876	28.418
3.0858	28.400
3.0840	28.390
3.0821	28.383
3.0803	28.377
3.0785	28.368
3.0766	28.355
3.0748	28.336
3.0730	28.311
3.0712	28.291
3.0694	28.285
3.0675	28.288
3.0657	28.296
3.0639	28.304
3.0621	28.307
3.0603	28.301
3.0585	28.286
3.0567	28.266
3.0549	28.241
3.0531	28.211
3.0513	28.178
3.0495	28.146
3.0477	28.118
3.0459	28.100
3.0441	28.093
3.0423	28.095
3.0406	28.100
3.0388	28.103
3.0370	28.104
3.0352	28.099
3.0334	28.088
3.0317	28.070
3.0299	28.045
3.0281	28.016
3.0264	27.986
3.0246	27.959
3.0228	27.941
3.0211	27.934
3.0193	27.933
3.0176	27.927
3.0158	27.914
3.0140	27.892
3.0123	27.863
3.0105	27.831
3.0088	27.803
3.0070	27.784
3.0053	27.775
3.0036	27.766
3.0018	27.754
3.0001	27.740
2.9984	27.724
2.9966	27.707
2.9949	27.688
2.9932	27.670
2.9914	27.653
2.9897	27.630
2.9880	27.603
2.9863	27.579
2.9845	27.563
2.9828	27.550
2.9811	27.534
2.9794	27.517
2.9777	27.493
2.9760	27.465
2.9743	27.439
2.9726	27.421
2.9709	27.409
2.9692	27.393
2.9675	27.373
2.9658	27.351
2.9641	27.331
2.9624	27.320
2.9607	27.326
2.9590	27.342
2.9573	27.353
2.9556	27.351
2.9539	27.334
2.9523	27.306
2.9506	27.273
2.9489	27.243
2.9472	27.221
2.9455	27.203
2.9439	27.183
2.9422	27.163
2.9405	27.143
2.9389	27.123
2.9372	27.103
2.9355	27.083
2.9339	27.067
2.9322	27.055
2.9306	27.049
2.9289	27.048
2.9272	27.051
2.9256	27.056
2.9239	27.057
2.9223	27.051
2.9207	27.039
2.9190	27.025
2.9174	27.004
2.9157	26.982
2.9141	26.963
2.9124	26.949
2.9108	26.939
2.9092	26.929
2.9075	26.919
2.9059	26.908
2.9043	26.888
2.9027	26.867
2.9010	26.848
2.8994	26.832
2.8978	26.819
2.8962	26.810
2.8946	26.804
2.8929	26.795
2.8913	26.780
2.8897	26.764
2.8881	26.750
2.8865	26.736
2.8849	26.728
2.8833	26.729
2.8817	26.733
2.8801	26.732
2.8785	26.719
2.8769	26.697
2.8753	26.666
2.8737	26.633
2.8721	26.606
2.8705	26.588
2.8689	26.583
2.8673	26.587
2.8658	26.591
2.8642	26.593
2.8626	26.591
2.8610	26.583
2.8594	26.568
2.8579	26.551
2.8563	26.533
2.8547	26.516
2.8531	26.501
2.8516	26.492
2.8500	26.488
2.8484	26.488
2.8469	26.488
2.8453	26.485
2.8437	26.475
2.8422	26.458
2.8406	26.445
2.8391	26.437
2.8375	26.434
2.8360	26.433
2.8344	26.433
2.8329	26.429
2.8313	26.418
2.8298	26.403
2.8282	26.390
2.8267	26.382
2.8252	26.376
2.8236	26.372
2.8221	26.371
2.8205	26.372
2.8190	26.375
2.8175	26.380
2.8159	26.385
2.8144	26.385
2.8129	26.379
2.8114	26.366
2.8098	26.347
2.8083	26.327
2.8068	26.312
2.8053	26.307
2.8038	26.305
2.8022	26.302
2.8007	26.298
2.7992	26.293
2.7977	26.286
2.7962	26.281
2.7947	26.282
2.7932	26.287
2.7917	26.289
2.7902	26.291
2.7887	26.292
2.7872	26.293
2.7857	26.292
2.7842	26.290
2.7827	26.291
2.7812	26.294
2.7797	26.297
2.7782	26.305
2.7767	26.319
2.7752	26.335
2.7738	26.345
2.7723	26.350
2.7708	26.351
2.7693	26.352
2.7678	26.351
2.7664	26.353
2.7649	26.361
2.7634	26.372
2.7619	26.379
2.7605	26.385
2.7590	26.395
2.7575	26.410
2.7561	26.422
2.7546	26.430
2.7531	26.436
2.7517	26.440
2.7502	26.442
2.7488	26.450
2.7473	26.472
2.7458	26.509
2.7444	26.551
2.7429	26.588
2.7415	26.618
2.7400	26.643
2.7386	26.666
2.7371	26.694
2.7357	26.734
2.7343	26.786
2.7328	26.843
2.7314	26.897
2.7299	26.947
2.7285	26.994
2.7271	27.043
2.7256	27.096
2.7242	27.157
2.7228	27.221
2.7213	27.284
2.7199	27.343
2.7185	27.398
2.7171	27.449
2.7156	27.496
2.7142	27.539
2.7128	27.581
2.7114	27.617
2.7100	27.645
2.7085	27.666
2.7071	27.685
2.7057	27.703
2.7043	27.720
2.7029	27.736
2.7015	27.752
2.7001	27.767
2.6987	27.777
2.6973	27.782
2.6959	27.786
2.6945	27.797
2.6931	27.809
2.6917	27.819
2.6903	27.825
2.6889	27.823
2.6875	27.811
2.6861	27.787
2.6847	27.760
2.6833	27.741
2.6819	27.729
2.6805	27.726
2.6791	27.730
2.6778	27.736
2.6764	27.740
2.6750	27.743
2.6736	27.741
2.6722	27.736
2.6709	27.728
2.6695	27.719
2.6681	27.710
2.6667	27.698
2.6654	27.689
2.6640	27.682
2.6626	27.674
2.6613	27.666
2.6599	27.659
2.6585	27.655
2.6572	27.651
2.6558	27.641
2.6545	27.630
2.6531	27.622
2.6517	27.617
2.6504	27.615
2.6490	27.617
2.6477	27.621
2.6463	27.617
2.6450	27.598
2.6436	27.573
2.6423	27.551
2.6409	27.532
2.6396	27.517
2.6382	27.506
2.6369	27.498
2.6356	27.485
2.6342	27.465
2.6329	27.442
2.6315	27.419
2.6302	27.390
2.6289	27.359
2.6275	27.329
2.6262	27.303
2.6249	27.285
2.6236	27.278
2.6222	27.279
2.6209	27.280
2.6196	27.275
2.6183	27.261
2.6169	27.242
2.6156	27.219
2.6143	27.199
2.6130	27.185
2.6117	27.174
2.6103	27.165
2.6090	27.156
2.6077	27.141
2.6064	27.122
2.6051	27.104
2.6038	27.087
2.6025	27.070
2.6012	27.052
2.5999	27.033
2.5986	27.013
2.5973	26.989
2.5960	26.965
2.5947	26.947
2.5934	26.937
2.5921	26.929
2.5908	26.920
2.5895	26.905
2.5882	26.887
2.5869	26.870
2.5856	26.852
2.5843	26.836
2.5830	26.824
2.5817	26.817
2.5805	26.808
2.5792	26.794
2.5779	26.782
2.5766	26.773
2.5753	26.762
2.5741	26.749
2.5728	26.734
2.5715	26.712
2.5702	26.681
2.5690	26.646
2.5677	26.617
2.5664	26.595
2.5651	26.579
2.5639	26.568
2.5626	26.557
2.5613	26.538
2.5601	26.516
2.5588	26.499
2.5575	26.486
2.5563	26.474
2.5550	26.459
2.5538	26.441
2.5525	26.420
2.5513	26.396
2.5500	26.374
2.5487	26.360
2.5475	26.351
2.5462	26.341
2.5450	26.329
2.5437	26.314
2.5425	26.292
2.5413	26.262
2.5400	26.231
2.5388	26.207
2.5375	26.191
2.5363	26.180
2.5350	26.172
2.5338	26.161
2.5326	26.139
2.5313	26.111
2.5301	26.084
2.5289	26.066
2.5276	26.059
2.5264	26.061
2.5252	26.063
2.5239	26.057
2.5227	26.042
2.5215	26.022
2.5202	25.997
2.5190	25.971
2.5178	25.949
2.5166	25.933
2.5154	25.921
2.5141	25.913
2.5129	25.914
2.5117	25.915
2.5105	25.906
2.5093	25.888
2.5081	25.861
2.5068	25.825
2.5056	25.784
2.5044	25.752
2.5032	25.739
2.5020	25.733
2.5008	25.733
2.4996	25.734
2.4984	25.729
2.4972	25.715
2.4960	25.691
2.4948	25.666
2.4936	25.644
2.4924	25.619
2.4912	25.594
2.4900	25.572
2.4888	25.557
2.4876	25.550
2.4864	25.550
2.4852	25.557
2.4840	25.565
2.4828	25.563
2.4816	25.550
2.4805	25.532
2.4793	25.509
2.4781	25.487
2.4769	25.466
2.4757	25.447
2.4745	25.424
2.4734	25.392
2.4722	25.359
2.4710	25.330
2.4698	25.306
2.4686	25.290
2.4675	25.284
2.4663	25.285
2.4651	25.288
2.4640	25.291
2.4628	25.297
2.4616	25.303
2.4604	25.303
2.4593	25.294
2.4581	25.274
2.4569	25.241
2.4558	25.200
2.4546	25.164
2.4535	25.139
2.4523	25.124
2.4511	25.118
2.4500	25.117
2.4488	25.110
2.4477	25.090
2.4465	25.064
2.4454	25.038
2.4442	25.011
2.4431	24.991
2.4419	24.978
2.4408	24.972
2.4396	24.967
2.4385	24.962
2.4373	24.955
2.4362	24.944
2.4350	24.927
2.4339	24.910
2.4327	24.896
2.4316	24.883
2.4305	24.875
2.4293	24.871
2.4282	24.868
2.4270	24.859
2.4259	24.839
2.4248	24.809
2.4236	24.771
2.4225	24.728
2.4214	24.692
2.4202	24.674
2.4191	24.676
2.4180	24.693
2.4169	24.708
2.4157	24.712
2.4146	24.706
2.4135	24.689
2.4124	24.670
2.4112	24.659
2.4101	24.660
2.4090	24.665
2.4079	24.658
2.4068	24.638
2.4056	24.609
2.4045	24.577
2.4034	24.548
2.4023	24.529
2.4012	24.521
2.4001	24.519
2.3990	24.519
2.3979	24.521
2.3967	24.527
2.3956	24.533
2.3945	24.531
2.3934	24.520
2.3923	24.499
2.3912	24.479
2.3901	24.467
2.3890	24.466
2.3879	24.476
2.3868	24.484
2.3857	24.482
2.3846	24.462
2.3835	24.428
2.3824	24.396
2.3813	24.370
2.3802	24.353
2.3791	24.347
2.3781	24.350
2.3770	24.354
2.3759	24.359
2.3748	24.363
2.3737	24.364
2.3726	24.358
2.3715	24.343
2.3704	24.326
2.3694	24.308
2.3683	24.291
2.3672	24.282
2.3661	24.281
2.3650	24.281
2.3640	24.279
2.3629	24.272
2.3618	24.260
2.3607	24.241
2.3597	24.222
2.3586	24.212
2.3575	24.213
2.3564	24.220
2.3554	24.227
2.3543	24.229
2.3532	24.217
2.3522	24.195
2.3511	24.174
2.3500	24.160
2.3490	24.154
2.3479	24.160
2.3468	24.174
2.3458	24.189
2.3447	24.197
2.3436	24.201
2.3426	24.195
2.3415	24.178
2.3405	24.158
2.3394	24.145
2.3384	24.142
2.3373	24.144
2.3363	24.151
2.3352	24.157
2.3342	24.154
2.3331	24.140
2.3321	24.124
2.3310	24.112
2.3300	24.100
2.3289	24.081
2.3279	24.059
2.3268	24.039
2.3258	24.023
2.3247	24.013
2.3237	24.015
2.3226	24.031
2.3216	24.051
2.3206	24.061
2.3195	24.064
2.3185	24.064
2.3175	24.062
2.3164	24.049
2.3154	24.028
2.3144	24.008
2.3133	23.988
2.3123	23.967
2.3113	23.957
2.3102	23.964
2.3092	23.980
2.3082	23.994
2.3071	24.003
2.3061	24.010
2.3051	24.014
2.3041	24.013
2.3030	24.010
2.3020	24.004
2.3010	23.989
2.3000	23.967
2.2990	23.947
2.2979	23.937
2.2969	23.941
2.2959	23.954
2.2949	23.974
2.2939	23.994
2.2929	24.004
2.2918	24.005
2.2908	23.995
2.2898	23.974
2.2888	23.947
2.2878	23.921
2.2868	23.905
2.2858	23.904
2.2848	23.914
2.2838	23.932
2.2828	23.944
2.2818	23.939
2.2808	23.922
2.2798	23.899
2.2787	23.885
2.2777	23.886
2.2767	23.900
2.2757	23.925
2.2747	23.947
2.2738	23.955
2.2728	23.945
2.2718	23.923
2.2708	23.897
2.2698	23.875
2.2688	23.862
2.2678	23.858
2.2668	23.862
2.2658	23.873
2.2648	23.885
2.2638	23.893
2.2628	23.897
2.2618	23.898
2.2609	23.893
2.2599	23.875
2.2589	23.854
2.2579	23.844
2.2569	23.843
2.2559	23.846
2.2550	23.853
2.2540	23.861
2.2530	23.862
2.2520	23.854
2.2510	23.848
2.2501	23.854
2.2491	23.861
2.2481	23.864
2.2471	23.862
2.2462	23.856
2.2452	23.847
2.2442	23.840
2.2433	23.843
2.2423	23.858
2.2413	23.869
2.2403	23.869
2.2394	23.861
2.2384	23.839
2.2374	23.812
2.2365	23.790
2.2355	23.784
2.2345	23.792
2.2336	23.808
2.2326	23.825
2.2317	23.841
2.2307	23.847
2.2297	23.842
2.2288	23.838
2.2278	23.838
2.2269	23.833
2.2259	23.827
2.2250	23.824
2.2240	23.823
2.2231	23.818
2.2221	23.815
2.2211	23.820
2.2202	23.832
2.2192	23.841
2.2183	23.852
2.2173	23.862
2.2164	23.866
2.2155	23.865
2.2145	23.864
2.2136	23.868
2.2126	23.878
2.2117	23.890
2.2107	23.908
2.2098	23.925
2.2088	23.934
2.2079	23.931
2.2070	23.920
2.2060	23.910
2.2051	23.903
2.2041	23.904
2.2032	23.919
2.2023	23.939
2.2013	23.947
2.2004	23.941
2.1995	23.931
2.1985	23.924
2.1976	23.920
2.1967	23.924
2.1957	23.941
2.1948	23.964
2.1939	23.977
2.1930	23.982
2.1920	23.982
2.1911	23.974
2.1902	23.956
2.1893	23.937
2.1883	23.929
2.1874	23.927
2.1865	23.929
2.1856	23.938
2.1846	23.955
2.1837	23.972
2.1828	23.985
2.1819	23.998
2.1810	24.015
2.1800	24.027
2.1791	24.023
2.1782	24.012
2.1773	24.001
2.1764	23.985
2.1755	23.968
2.1746	23.965
2.1736	23.983
2.1727	24.013
2.1718	24.044
2.1709	24.072
2.1700	24.094
2.1691	24.100
2.1682	24.086
2.1673	24.067
2.1664	24.047
2.1655	24.025
2.1646	24.005
2.1637	23.993
2.1628	23.992
2.1619	23.999
2.1610	24.012
2.1601	24.034
2.1592	24.056
2.1583	24.069
2.1574	24.080
2.1565	24.084
2.1556	24.079
2.1547	24.066
2.1538	24.054
2.1529	24.049
2.1520	24.048
2.1511	24.054
2.1502	24.072
2.1493	24.095
2.1484	24.113
2.1475	24.129
2.1466	24.145
2.1458	24.155
2.1449	24.161
2.1440	24.163
2.1431	24.161
2.1422	24.154
2.1413	24.140
2.1404	24.125
2.1396	24.110
2.1387	24.099
2.1378	24.098
2.1369	24.114
2.1360	24.139
2.1352	24.161
2.1343	24.176
2.1334	24.181
2.1325	24.182
2.1316	24.185
2.1308	24.195
2.1299	24.218
2.1290	24.243
2.1281	24.263
2.1273	24.279
2.1264	24.294
2.1255	24.304
2.1247	24.309
2.1238	24.303
2.1229	24.288
2.1220	24.265
2.1212	24.242
2.1203	24.229
2.1194	24.227
2.1186	24.232
2.1177	24.239
2.1168	24.247
2.1160	24.256
2.1151	24.268
2.1143	24.283
2.1134	24.292
2.1125	24.293
2.1117	24.289
2.1108	24.284
2.1100	24.281
2.1091	24.285
2.1082	24.298
2.1074	24.310
2.1065	24.315
2.1057	24.314
2.1048	24.313
2.1040	24.308
2.1031	24.303
2.1023	24.306
2.1014	24.319
2.1005	24.334
2.0997	24.354
2.0988	24.376
2.0980	24.392
2.0971	24.395
2.0963	24.394
2.0955	24.396
2.0946	24.403
2.0938	24.412
2.0929	24.424
2.0921	24.434
2.0912	24.440
2.0904	24.442
2.0895	24.449
2.0887	24.466
2.0879	24.487
2.0870	24.508
2.0862	24.529
2.0853	24.543
2.0845	24.545
2.0837	24.542
2.0828	24.515
2.0820	24.496
2.0812	24.479
2.0803	24.387
2.0795	24.446
2.0760	24.446
2.0720	24.511
2.0680	24.468
2.0640	24.468
2.0600	24.468
2.0560	24.390
2.0520	24.489
2.0480	24.545
2.0440	24.410
2.0400	24.431
2.0360	24.346
2.0320	24.304
2.0280	24.438
2.0240	24.395
2.0200	24.268
2.0160	24.268
2.0120	24.172
2.0080	24.360
2.0040	24.275
2.0000	24.317
1.9960	24.317
1.9920	24.317
1.9880	24.185
1.9840	24.039
1.9800	24.109
1.9760	24.162
1.9720	24.143
1.9680	24.192
1.9640	24.261
1.9600	24.261
1.9560	24.505
1.9520	24.590
1.9480	24.472
1.9440	24.578
1.9400	24.615
1.9360	24.538
1.9320	24.198
1.9280	24.190
1.9240	24.105
1.9200	23.971
1.9160	24.254
1.9120	24.347
1.9080	24.467
1.9040	24.459
1.9000	24.590
1.8960	24.607
1.8920	24.467
1.8880	24.624
1.8840	24.326
1.8800	24.446
1.8760	24.502
1.8720	24.596
1.8680	24.590
1.8640	24.470
1.8600	24.442
1.8560	24.371
1.8520	24.357
1.8480	24.624
1.8440	24.655
1.8400	24.807
1.8360	24.896
1.8320	24.969
1.8280	24.990
1.8240	24.640
1.8200	24.666
1.8160	24.781
1.8120	24.796
1.8080	24.719
1.8040	24.848
1.8000	24.760
1.7960	24.989
1.7920	24.911
1.7880	24.848
1.7840	24.781
1.7800	24.501
1.7760	24.760
1.7720	24.781
1.7680	24.781
1.7640	24.953
1.7600	24.974
1.7560	24.953
1.7520	24.974
1.7480	24.995
1.7440	25.020
1.7400	25.062
1.7360	25.058
1.7320	25.168
1.7280	25.168
1.7240	25.168
1.7200	25.079
1.7160	25.037
1.7120	25.151
1.7080	25.009
1.7040	25.046
1.7000	24.936
1.6960	25.025
1.6920	25.004
1.6880	25.134
1.6840	25.004
1.6800	24.895
1.6760	25.025
1.6720	25.046
1.6680	25.046
1.6640	25.113
1.6600	25.092
1.6560	25.169
1.6520	25.275
1.6480	25.275
1.6440	25.296
1.6400	25.056
1.6360	25.029
1.6320	24.947
1.6280	25.009
1.6240	25.088
1.6200	25.009
1.6160	24.879
1.6120	24.926
1.6080	24.968
1.6040	25.225
1.6000	25.225
1.5960	25.338
1.5920	25.317
1.5880	25.212
1.5840	24.952
1.5800	24.910
1.5760	25.014
1.5720	25.128
1.5680	24.952
1.5640	24.859
1.5600	24.993
1.5560	24.910
1.5520	24.797
1.5480	24.879
1.5440	24.879
1.5400	24.859
1.5360	24.797
1.5320	24.709
1.5280	24.791
1.5240	24.791
1.5200	24.771
1.5160	24.750
1.5120	24.689
1.5080	24.689
1.5040	24.682
1.5000	24.670
1.4960	24.249
1.4920	24.493
1.4880	24.452
1.4840	24.473
1.4800	24.416
1.4760	24.493
1.4720	24.405
1.4680	24.308
1.4640	24.376
1.4600	24.423
1.4560	24.483
1.4520	24.605
1.4480	24.625
1.4440	24.530
1.4400	24.591
1.4360	24.474
1.4320	24.474
1.4280	24.335
1.4240	24.314
1.4200	24.294
1.4160	24.246
1.4120	24.318
1.4080	24.269
1.4040	23.990
1.4000	24.290
1.3960	24.050
1.3920	24.168
1.3880	24.229
1.3840	24.090
1.3800	24.171
1.3760	24.021
1.3720	24.029
1.3680	23.940
1.3640	23.871
1.3600	23.811
1.3560	23.901
1.3520	23.871
1.3480	23.920
1.3440	23.862
1.3400	23.689
1.3360	23.747
1.3320	23.709
1.3280	23.602
1.3240	23.554
1.3200	23.756
1.3160	23.658
1.3120	23.347
1.3080	23.404
1.3040	23.423
1.3000	23.442
1.2960	23.461
1.2920	23.430
1.2880	23.487
1.2840	23.405
1.2800	23.393
1.2760	23.412
1.2720	23.509
1.2680	23.233
1.2640	23.011
1.2600	23.081
1.2560	23.011
1.2520	23.236
1.2480	23.402
1.2440	23.351
1.2400	23.518
1.2360	23.347
1.2320	23.035
1.2280	23.274
1.2240	23.153
1.2200	23.129
1.2160	23.186
1.2120	22.890
1.2080	22.797
1.2040	22.849
1.2000	22.830
1.1960	22.775
1.1920	22.679
1.1880	22.642
1.1840	22.606
1.1800	22.434
1.1760	22.570
1.1720	22.588
1.1680	22.434
1.1640	22.399
1.1600	22.347
1.1560	22.241
1.1520	22.010
1.1480	22.010
1.1440	21.949
1.1400	21.983
1.1360	22.089
1.1320	21.894
1.1280	21.733
1.1240	21.417
1.1200	21.362
1.1160	21.222
1.1120	21.206
1.1080	20.966
1.1040	20.894
1.1000	20.750
1.0960	20.523
1.0920	20.362
1.0880	20.152
1.0840	20.007
1.0800	19.839
1.0760	19.735
1.0720	19.438
1.0680	19.380
1.0640	19.186
1.0600	19.040
1.0560	18.863
1.0520	18.819
1.0480	18.716
1.0440	18.598
1.0400	18.262
1.0360	18.319
1.0320	18.376
1.0280	18.330
1.0240	18.388
1.0200	18.199
1.0160	18.125
1.0120	18.096
1.0080	18.110
1.0040	18.203
1.0000	18.132
0.9960	17.956
0.9920	17.998
0.9880	18.054
0.9840	18.110
0.9800	18.125
0.9760	18.277
0.9720	18.220
0.9680	18.263
0.9640	18.277
0.9600	18.323
0.9560	18.469
0.9520	18.454
0.9480	18.543
0.9440	18.543
0.9400	18.754
0.9360	18.960
0.9320	19.004
0.9280	19.120
0.9240	19.150
0.9200	19.327
0.9160	19.415
0.9120	19.503
0.9080	19.835
0.9040	19.871
0.9000	19.933
0.8960	20.068
0.8920	20.245
0.8880	20.382
0.8840	20.454
0.8800	20.699
0.8760	20.699
0.8720	20.804
0.8680	20.804
0.8640	21.015
0.8600	21.206
0.8560	21.278
0.8520	21.278
0.8480	21.384
0.8440	21.350
0.8400	21.476
0.8360	21.599
0.8320	21.618
0.8280	21.636
0.8240	21.778
0.8200	21.937
0.8160	21.955
0.8120	21.973
0.8080	21.938
0.8040	21.956
0.8000	22.112
0.7990	21.365
0.7980	21.365
0.7970	21.099
0.7960	21.273
0.7950	21.365
0.7940	21.556
0.7930	21.692
0.7920	21.606
0.7910	21.545
0.7900	21.313
0.7890	21.556
0.7880	21.405
0.7870	21.313
0.7860	21.617
0.7850	21.456
0.7840	21.416
0.7830	21.709
0.7820	21.617
0.7810	21.771
0.7800	21.771
0.7790	21.729
0.7780	21.597
0.7770	21.476
0.7760	21.385
0.7750	21.309
0.7740	21.361
0.7730	21.285
0.7720	21.472
0.7710	21.547
0.7700	21.630
0.7690	21.671
0.7680	21.499
0.7670	21.438
0.7660	21.479
0.7650	21.397
0.7640	21.601
0.7630	21.479
0.7620	21.246
0.7610	21.417
0.7600	21.513
0.7590	21.534
0.7580	21.684
0.7570	21.520
0.7560	21.438
0.7550	21.417
0.7540	21.305
0.7530	21.383
0.7520	21.424
0.7510	21.383
0.7500	21.407
0.7490	21.526
0.7480	21.301
0.7470	21.281
0.7460	21.226
0.7450	21.307
0.7440	21.424
0.7430	21.513
0.7420	21.054
0.7410	21.203
0.7400	20.962
0.7390	21.492
0.7380	21.034
0.7370	21.444
0.7360	21.575
0.7350	21.327
0.7340	21.135
0.7330	21.014
0.7320	21.014
0.7310	21.218
0.7300	21.279
0.7290	21.286
0.7280	21.513
0.7270	21.475
0.7260	21.382
0.7250	21.059
0.7240	21.320
0.7230	21.382
0.7220	21.148
0.7210	21.341
0.7200	21.183
0.7190	21.122
0.7180	21.234
0.7170	20.922
0.7160	21.122
0.7150	21.203
0.7140	20.922
0.7130	21.059
0.7120	21.183
0.7110	21.189
0.7100	21.043
0.7090	20.846
0.7080	20.826
0.7070	20.931
0.7060	20.839
0.7050	20.899
0.7040	21.052
0.7030	20.960
0.7020	21.074
0.7010	21.148
0.7000	21.127
0.6990	21.021
0.6980	20.906
0.6970	20.980
0.6960	21.115
0.6950	21.424
0.6940	21.325
0.6930	21.226
0.6920	21.204
0.6910	21.338
0.6900	21.239
0.6890	21.239
0.6880	21.225
0.6870	20.844
0.6860	21.204
0.6850	21.105
0.6840	21.021
0.6830	21.021
0.6820	21.196
0.6810	21.141
0.6800	21.196
0.6790	21.154
0.6780	20.956
0.6770	20.942
0.6760	20.984
0.6750	21.005
0.6740	21.388
0.6730	20.990
0.6720	21.004
0.6710	20.906
0.6700	21.183
0.6690	21.083
0.6680	21.140
0.6670	20.885
0.6660	20.941
0.6650	20.900
0.6640	20.848
0.6630	20.890
0.6620	20.848
0.6610	20.947
0.6600	20.749
0.6590	20.807
0.6580	20.707
0.6570	20.807
0.6560	20.744
0.6550	20.905
0.6540	20.806
0.6530	20.645
0.6520	20.691
0.6510	20.853
0.6500	20.911
0.6490	20.948
0.6480	20.707
0.6470	20.806
0.6460	20.628
0.6450	20.529
0.6440	20.926
0.6430	20.607
0.6420	20.545
0.6410	20.549
0.6400	20.549
0.6390	20.512
0.6380	20.391
0.6370	20.409
0.6360	20.450
0.6350	20.528
0.6340	20.508
0.6330	20.508
0.6320	20.429
0.6310	20.388
0.6300	20.429
0.6290	20.312
0.6280	20.450
0.6270	20.512
0.6260	20.553
0.6250	20.353
0.6240	20.412
0.6230	20.432
0.6220	20.353
0.6210	20.432
0.6200	20.432
0.6190	20.353
0.6180	20.515
0.6170	20.374
0.6160	20.353
0.6150	20.112
0.6140	20.033
0.6130	20.092
0.6120	20.092
0.6110	20.133
0.6100	20.153
0.6090	20.235
0.6080	20.374
0.6070	20.153
0.6060	20.073
0.6050	20.073
0.6040	20.014
0.6030	20.135
0.6020	20.034
0.6010	19.934
0.6000	19.834
0.5990	19.753
0.5980	20.198
0.5970	20.240
0.5960	20.138
0.5950	20.180
0.5940	20.201
0.5930	19.977
0.5920	20.038
0.5910	20.038
0.5900	19.936
0.5890	19.957
0.5880	19.835
0.5870	19.733
0.5860	19.690
0.5850	19.731
0.5840	19.936
0.5830	19.978
0.5820	19.875
0.5810	19.733
0.5800	19.652
0.5790	19.672
0.5780	19.551
0.5770	19.672
0.5760	19.834
0.5750	19.936
0.5740	19.874
0.5730	19.914
0.5720	19.913
0.5710	20.013
0.5700	19.893
0.5690	19.893
0.5680	19.733
0.5670	19.653
0.5660	19.733
0.5650	19.632
0.5640	19.573
0.5630	19.733
0.5620	19.653
0.5610	19.572
0.5600	19.551
0.5590	19.591
0.5580	19.591
0.5570	19.858
0.5560	19.898
0.5550	19.802
0.5540	19.806
0.5530	19.654
0.5520	19.765
0.5510	19.802
0.5500	19.717
0.5490	19.502
0.5480	19.515
0.5470	19.597
0.5460	19.615
0.5450	19.500
0.5440	19.574
0.5430	19.574
0.5420	19.576
0.5410	19.630
0.5400	19.460
0.5390	19.515
0.5380	19.471
0.5370	19.555
0.5360	19.378
0.5350	19.471
0.5340	19.295
0.5330	19.295
0.5320	19.242
0.5310	19.198
0.5300	19.216
0.5290	19.331
0.5280	19.216
0.5270	19.126
0.5260	19.126
0.5250	19.118
0.5240	19.178
0.5230	19.087
0.5220	19.036
0.5210	19.036
0.5200	19.228
0.5190	19.203
0.5180	19.203
0.5170	19.010
0.5160	19.144
0.5150	19.082
0.5140	18.894
0.5130	19.028
0.5120	19.046
0.5110	19.026
0.5100	18.877
0.5090	19.010
0.5080	18.508
0.5070	18.560
0.5060	18.612
0.5050	19.028
0.5040	18.844
0.5030	18.826
0.5020	18.819
0.5010	18.793
0.5000	18.809
0.4990	18.514
0.4980	18.738
0.4970	18.756
0.4960	18.721
0.4950	18.625
0.4940	18.328
0.4930	18.359
0.4920	18.508
0.4910	18.704
0.4900	18.464
0.4890	18.547
0.4880	18.464
0.4870	18.643
0.4860	18.419
0.4850	18.253
0.4840	18.351
0.4830	18.615
0.4820	18.334
0.4810	18.351
0.4800	18.174
0.4790	18.155
0.4780	18.224
0.4770	18.207
0.4760	18.109
0.4750	18.015
0.4740	17.933
0.4730	17.852
0.4720	17.918
0.4710	18.016
0.4700	18.016
0.4690	17.918
0.4680	17.982
0.4670	18.033
0.4660	17.838
0.4650	17.854
0.4640	17.560
0.4630	17.626
0.4620	17.676
0.4610	17.774
0.4600	17.694
0.4590	18.255
0.4580	18.269
0.4570	18.083
0.4560	17.999
0.4550	18.015
0.4540	17.799
0.4530	17.615
0.4520	17.677
0.4510	17.878
0.4500	18.026
0.4490	17.946
0.4480	17.909
0.4470	17.623
0.4460	17.667
0.4450	17.814
0.4440	17.773
0.4430	17.788
0.4420	17.810
0.4410	17.681
0.4400	17.667
0.4390	17.349
0.4380	17.595
0.4370	17.670
0.4360	17.670
0.4350	17.731
0.4340	17.581
0.4330	17.552
0.4320	17.611
0.4310	17.627
0.4300	17.537
0.4290	17.478
0.4280	17.373
0.4270	17.460
0.4260	17.300
0.4250	17.580
0.4240	17.371
0.4230	17.314
0.4220	17.253
0.4210	17.046
0.4200	17.074
0.4190	16.900
0.4180	17.106
0.4170	16.988
0.4160	16.892
0.4150	16.815
0.4140	16.687
0.4130	16.842
0.4120	16.829
0.4110	16.762
0.4100	16.585
0.4090	16.585
0.4080	16.686
0.4070	16.534
0.4060	16.471
0.4050	16.547
0.4040	16.483
0.4030	16.471
0.4020	16.496
0.4010	16.213
0.4000	15.773
