Name:  Dolomite  CaMgCO3
Type:  Rock
Class:  Sedimentary
Subclass: dolomite 
Particle Size:  Whole rock chips
Sample No.:  ro350c
Owner:  Larry Rowan, USGS
Wavelength range:  VNIR SWIR IR
Origin:  Ronda, Spain

Description:  white dolomite





Measurement:  Reflectance
First Column:  X
Second Column:  Y
X Units:  Wavelength (micrometers)
Y Units:  Reflectance (percent)
First X Value:  0.4
Last X Value:  14.01309
Number of X Values:  2826
Additional Information:  dm350ca.txt

0.4	        .361000
0.401	        .362000
0.402	        .362667
0.403	        .362333
0.404	        .362000
0.405	        .363333
0.406	        .364667
0.407	        .366333
0.408	        .366000
0.409	        .366000
0.41	        .367333
0.411	        .367333
0.412	        .368000
0.413	        .370667
0.414	        .370667
0.415	        .371667
0.416	        .371000
0.417	        .373667
0.418	        .372667
0.419	        .375000
0.42	        .376000
0.421	        .376667
0.422	        .378000
0.423	        .378333
0.424	        .380000
0.425	        .382667
0.426	        .382333
0.427	        .382333
0.428	        .383667
0.429	        .385333
0.43	        .388000
0.431	        .389333
0.432	        .390333
0.433	        .391000
0.434	        .390667
0.435	        .393667
0.436	        .396000
0.437	        .396333
0.438	        .395667
0.439	        .397667
0.44	        .398667
0.441	        .398000
0.442	        .400000
0.443	        .401333
0.444	        .399667
0.445	        .403667
0.446	        .404667
0.447	        .405000
0.448	        .405000
0.449	        .406000
0.45	        .406000
0.451	        .405333
0.452	        .406333
0.453	        .406000
0.454	        .407000
0.455	        .407333
0.456	        .408667
0.457	        .408667
0.458	        .410333
0.459	        .410333
0.46	        .409000
0.461	        .407667
0.462	        .409000
0.463	        .409333
0.464	        .410667
0.465	        .409000
0.466	        .412333
0.467	        .410000
0.468	        .413667
0.469	        .414333
0.47	        .413000
0.471	        .413000
0.472	        .414000
0.473	        .414667
0.474	        .417333
0.475	        .416333
0.476	        .415667
0.477	        .416333
0.478	        .420000
0.479	        .419000
0.48	        .419000
0.481	        .418333
0.482	        .420000
0.483	        .419333
0.484	        .420333
0.485	        .424667
0.486	        .424333
0.487	        .422000
0.488	        .422000
0.489	        .425333
0.49	        .427000
0.491	        .427667
0.492	        .427000
0.493	        .426667
0.494	        .430333
0.495	        .430000
0.496	        .431667
0.497	        .433000
0.498	        .433333
0.499	        .435000
0.5	        .433333
0.501	        .436000
0.502	        .439000
0.503	        .437667
0.504	        .437000
0.505	        .438000
0.506	        .441333
0.507	        .442000
0.508	        .440667
0.509	        .442000
0.51	        .442333
0.511	        .442000
0.512	        .442000
0.513	        .446333
0.514	        .447333
0.515	        .446000
0.516	        .445667
0.517	        .448667
0.518	        .451000
0.519	        .452667
0.52	        .452667
0.521	        .453667
0.522	        .453333
0.523	        .452667
0.524	        .453000
0.525	        .454333
0.526	        .457333
0.527	        .456667
0.528	        .458000
0.529	        .459000
0.53	        .463667
0.531	        .463667
0.532	        .463667
0.533	        .465333
0.534	        .464333
0.535	        .462333
0.536	        .465667
0.537	        .466333
0.538	        .468667
0.539	        .467000
0.54	        .467667
0.541	        .468333
0.542	        .470333
0.543	        .471333
0.544	        .470000
0.545	        .473000
0.546	        .474000
0.547	        .473667
0.548	        .473667
0.549	        .474000
0.55	        .473333
0.551	        .474667
0.552	        .476000
0.553	        .476667
0.554	        .478333
0.555	        .478000
0.556	        .481000
0.557	        .482000
0.558	        .482000
0.559	        .483667
0.56	        .483000
0.561	        .483333
0.562	        .483667
0.563	        .483667
0.564	        .485667
0.565	        .485333
0.566	        .486000
0.567	        .488667
0.568	        .489333
0.569	        .489000
0.57	        .489333
0.571	        .490000
0.572	        .492000
0.573	        .490000
0.574	        .492333
0.575	        .493667
0.576	        .494000
0.577	        .493000
0.578	        .491333
0.579	        .493333
0.58	        .498667
0.581	        .497000
0.582	        .497000
0.583	        .496667
0.584	        .497333
0.585	        .495667
0.586	        .496333
0.587	        .498333
0.588	        .499000
0.589	        .499000
0.59	        .496667
0.591	        .499667
0.592	        .501000
0.593	        .503000
0.594	        .499000
0.595	        .499667
0.596	        .499333
0.597	        .500667
0.598	        .501667
0.599	        .500000
0.6	        .503000
0.601	        .502000
0.602	        .501333
0.603	        .502333
0.604	        .502667
0.605	        .503333
0.606	        .503000
0.607	        .503667
0.608	        .503333
0.609	        .504667
0.61	        .505333
0.611	        .506000
0.612	        .505667
0.613	        .506333
0.614	        .505667
0.615	        .505667
0.616	        .505000
0.617	        .505333
0.618	        .506000
0.619	        .505667
0.62	        .507000
0.621	        .509333
0.622	        .510333
0.623	        .511000
0.624	        .512333
0.625	        .511000
0.626	        .511333
0.627	        .514667
0.628	        .513000
0.629	        .511333
0.63	        .511000
0.631	        .511667
0.632	        .513000
0.633	        .513000
0.634	        .512000
0.635	        .514333
0.636	        .515667
0.637	        .516667
0.638	        .517333
0.639	        .516667
0.64	        .516000
0.641	        .515333
0.642	        .516000
0.643	        .516000
0.644	        .515333
0.645	        .513667
0.646	        .514000
0.647	        .517333
0.648	        .520333
0.649	        .520000
0.65	        .520333
0.651	        .519667
0.652	        .521000
0.653	        .522667
0.654	        .522667
0.655	        .524333
0.656	        .524667
0.657	        .523333
0.658	        .522667
0.659	        .527000
0.66	        .524667
0.661	        .523000
0.662	        .521667
0.663	        .523000
0.664	        .526667
0.665	        .526000
0.666	        .524000
0.667	        .524000
0.668	        .528000
0.669	        .529000
0.67	        .527333
0.671	        .526333
0.672	        .530333
0.673	        .532000
0.674	        .531333
0.675	        .529000
0.676	        .530000
0.677	        .530667
0.678	        .531667
0.679	        .531333
0.68	        .533333
0.681	        .533000
0.682	        .532333
0.683	        .532000
0.684	        .533667
0.685	        .534000
0.686	        .532000
0.687	        .532667
0.688	        .533667
0.689	        .533667
0.69	        .535667
0.691	        .536000
0.692	        .536333
0.693	        .538000
0.694	        .539333
0.695	        .539000
0.696	        .540333
0.697	        .539333
0.698	        .541333
0.699	        .533667
0.7	        .539667
0.701	        .540000
0.702	        .539667
0.703	        .541000
0.704	        .541333
0.705	        .540000
0.706	        .539000
0.707	        .539000
0.708	        .541000
0.709	        .543333
0.71	        .544000
0.711	        .544000
0.712	        .544333
0.713	        .544667
0.714	        .542333
0.715	        .543000
0.716	        .542000
0.717	        .542333
0.718	        .544333
0.719	        .544333
0.72	        .546333
0.721	        .546667
0.722	        .546333
0.723	        .544667
0.724	        .545000
0.725	        .547333
0.726	        .549667
0.727	        .551667
0.728	        .551000
0.729	        .549333
0.73	        .550000
0.731	        .550000
0.732	        .550000
0.733	        .553000
0.734	        .552667
0.735	        .552000
0.736	        .552000
0.737	        .551000
0.738	        .553667
0.739	        .555000
0.74	        .554667
0.741	        .556000
0.742	        .556667
0.743	        .554333
0.744	        .554000
0.745	        .554000
0.746	        .552333
0.747	        .554000
0.748	        .556333
0.749	        .556333
0.75	        .556000
0.751	        .555667
0.752	        .555333
0.753	        .553667
0.754	        .555333
0.755	        .555667
0.756	        .555667
0.757	        .556000
0.758	        .557000
0.759	        .557333
0.76	        .557000
0.761	        .555333
0.762	        .554667
0.763	        .557667
0.764	        .557000
0.765	        .556667
0.766	        .555000
0.767	        .558333
0.768	        .561333
0.769	        .560667
0.77	        .558000
0.771	        .558000
0.772	        .562333
0.773	        .563333
0.774	        .560333
0.775	        .560000
0.776	        .557333
0.777	        .557667
0.778	        .559000
0.779	        .561667
0.78	        .560333
0.781	        .559000
0.782	        .560667
0.783	        .560000
0.784	        .559333
0.785	        .558333
0.786	        .558667
0.787	        .559667
0.788	        .559333
0.789	        .561333
0.79	        .559333
0.791	        .559000
0.792	        .560000
0.793	        .559667
0.794	        .558333
0.795	        .558667
0.796	        .559000
0.797	        .561667
0.798	        .560333
0.799	        .560333
0.8	        .564000
0.804	        .565000
0.808	        .565667
0.812	        .565333
0.816	        .566333
0.82	        .566667
0.824	        .568000
0.828	        .567333
0.832	        .566667
0.836	        .567667
0.84	        .567333
0.844	        .570000
0.848	        .568333
0.852	        .570000
0.856	        .571000
0.86	        .569000
0.864	        .571333
0.868	        .572333
0.872	        .571333
0.876	        .575000
0.88	        .574333
0.884	        .574333
0.888	        .576000
0.892	        .576667
0.896	        .575667
0.9	        .577000
0.904	        .578333
0.908	        .579667
0.912	        .578667
0.916	        .579333
0.92	        .580000
0.924	        .580000
0.928	        .578667
0.932	        .581000
0.936	        .580667
0.94	        .581000
0.944	        .579667
0.948	        .580667
0.952	        .581333
0.956	        .579333
0.96	        .582333
0.964	        .582333
0.968	        .580333
0.972	        .582000
0.976	        .583000
0.98	        .581333
0.984	        .584333
0.988	        .585667
0.992	        .585000
0.996	        .583000
1	        .584333
1.004	        .583000
1.008	        .584333
1.012	        .582667
1.016	        .583000
1.02	        .587000
1.024	        .581333
1.028	        .583000
1.032	        .583667
1.036	        .583667
1.04	        .584333
1.044	        .584333
1.048	        .584667
1.052	        .587667
1.056	        .590000
1.06	        .591333
1.064	        .591000
1.068	        .589333
1.072	        .592667
1.076	        .597000
1.08	        .598000
1.084	        .595667
1.088	        .596333
1.092	        .596667
1.096	        .598333
1.1	        .601000
1.104	        .602000
1.108	        .603667
1.112	        .602667
1.116	        .602333
1.12	        .601333
1.124	        .601000
1.128	        .603333
1.132	        .605333
1.136	        .606667
1.14	        .606333
1.144	        .604000
1.148	        .605667
1.152	        .608667
1.156	        .608667
1.16	        .611000
1.164	        .612667
1.168	        .612000
1.172	        .611000
1.176	        .612333
1.18	        .612667
1.184	        .611333
1.188	        .612667
1.192	        .612667
1.196	        .612667
1.2	        .613333
1.204	        .613667
1.208	        .614333
1.212	        .613667
1.216	        .612667
1.22	        .612333
1.224	        .612667
1.228	        .613000
1.232	        .613000
1.236	        .613667
1.24	        .610667
1.244	        .612333
1.248	        .614000
1.252	        .615333
1.256	        .617333
1.26	        .619333
1.264	        .621667
1.268	        .619000
1.272	        .618667
1.276	        .620000
1.28	        .623000
1.284	        .624000
1.288	        .624000
1.292	        .625000
1.296	        .624333
1.3	        .625333
1.304	        .626667
1.308	        .626667
1.312	        .632333
1.316	        .632333
1.32	        .632000
1.324	        .631667
1.328	        .630667
1.332	        .631000
1.336	        .628667
1.34	        .629333
1.344	        .628333
1.348	        .628667
1.352	        .626667
1.356	        .623667
1.36	        .620333
1.364	        .627000
1.368	        .624333
1.372	        .615333
1.376	        .609000
1.38	        .606667
1.384	        .604000
1.388	        .605000
1.392	        .606333
1.396	        .603333
1.4	        .601000
1.404	        .598333
1.408	        .597000
1.412	        .599000
1.416	        .599000
1.42	        .598000
1.424	        .594667
1.428	        .594333
1.432	        .594000
1.436	        .595000
1.44	        .595333
1.444	        .598000
1.448	        .597333
1.452	        .599333
1.456	        .600000
1.46	        .600000
1.464	        .602667
1.468	        .604667
1.472	        .605333
1.476	        .606667
1.48	        .608333
1.484	        .610333
1.488	        .612000
1.492	        .612333
1.496	        .613000
1.5	        .613000
1.504	        .614667
1.508	        .616000
1.512	        .618667
1.516	        .623000
1.52	        .627667
1.524	        .628333
1.528	        .624000
1.532	        .625000
1.536	        .628333
1.54	        .629667
1.544	        .630333
1.548	        .633667
1.552	        .636333
1.556	        .637000
1.56	        .637000
1.564	        .639000
1.568	        .639333
1.572	        .637333
1.576	        .640333
1.58	        .641000
1.584	        .640667
1.588	        .641667
1.592	        .640667
1.596	        .643333
1.6	        .642333
1.604	        .642333
1.608	        .644000
1.612	        .641667
1.616	        .643333
1.62	        .645000
1.624	        .643333
1.628	        .641333
1.632	        .642667
1.636	        .642333
1.64	        .642000
1.644	        .643667
1.648	        .644333
1.652	        .645667
1.656	        .643667
1.66	        .641333
1.664	        .640333
1.668	        .640000
1.672	        .638667
1.676	        .638333
1.68	        .638333
1.684	        .636000
1.688	        .636000
1.692	        .634667
1.696	        .634667
1.7	        .633667
1.704	        .634667
1.708	        .633667
1.712	        .631667
1.716	        .629667
1.72	        .629333
1.724	        .631000
1.728	        .631333
1.732	        .631667
1.736	        .631000
1.74	        .631333
1.744	        .632667
1.748	        .634667
1.752	        .636333
1.756	        .636667
1.76	        .636333
1.764	        .637667
1.768	        .635667
1.772	        .635000
1.776	        .632667
1.78	        .633667
1.784	        .632667
1.788	        .629000
1.792	        .629000
1.796	        .626000
1.8	        .622000
1.804	        .617333
1.808	        .613333
1.812	        .611000
1.816	        .612667
1.82	        .605333
1.824	        .605000
1.828	        .603333
1.832	        .599333
1.836	        .597000
1.84	        .592333
1.844	        .587000
1.848	        .584000
1.852	        .581667
1.856	        .579000
1.86	        .579333
1.864	        .582667
1.868	        .584000
1.872	        .581000
1.876	        .575667
1.88	        .567667
1.884	        .554667
1.888	        .544667
1.892	        .532667
1.896	        .524000
1.9	        .516333
1.904	        .514000
1.908	        .514000
1.912	        .509667
1.916	        .507667
1.92	        .506000
1.924	        .504333
1.928	        .502000
1.932	        .503667
1.936	        .503000
1.94	        .504333
1.944	        .505000
1.948	        .508000
1.952	        .506667
1.956	        .504667
1.96	        .504000
1.964	        .507667
1.968	        .510667
1.972	        .512667
1.976	        .518000
1.98	        .522667
1.984	        .526667
1.988	        .531667
1.992	        .536333
1.996	        .543333
2	        .551333
2.004	        .551667
2.008	        .556000
2.012	        .559333
2.016	        .563000
2.02	        .564333
2.024	        .566667
2.028	        .568667
2.032	        .570000
2.036	        .571333
2.04	        .575667
2.044	        .577667
2.048	        .575667
2.052	        .576000
2.056	        .575667
2.06	        .576000
2.064	        .577667
2.068	        .577667
2.072	        .579333
2.076	        .580333
2.08	        .578000
2.084	        .578333
2.088	        .576000
2.092	        .575333
2.096	        .575333
2.1	        .575667
2.10043         .563733
2.10128         .562433
2.10213         .562000
2.10298         .565333
2.10383         .567200
2.10469         .564167
2.10554         .561700
2.1064         .564767
2.10725         .565500
2.10811         .564100
2.10897         .565533
2.10983         .565433
2.11068         .559800
2.11154         .559267
2.1124         .560767
2.11327         .560267
2.11413         .558800
2.11499         .557200
2.11585         .554067
2.11672         .551033
2.11758         .551467
2.11844         .555833
2.11931         .555800
2.12018         .552300
2.12104         .549933
2.12191         .550700
2.12278         .550067
2.12365         .546433
2.12452         .543300
2.12539         .542900
2.12626         .542300
2.12713         .544067
2.12801         .543100
2.12888         .541700
2.12975         .539933
2.13063         .536833
2.1315         .537700
2.13238         .537333
2.13326         .536333
2.13414         .538133
2.13501         .536467
2.13589         .535400
2.13677         .533033
2.13765         .534800
2.13854         .536267
2.13942         .535767
2.1403         .532500
2.14118         .529633
2.14207         .530567
2.14295         .532033
2.14384         .532933
2.14473         .535067
2.14561         .535900
2.1465         .534800
2.14739         .534600
2.14828         .535300
2.14917         .532500
2.15006         .532567
2.15095         .532100
2.15185         .533700
2.15274         .536133
2.15363         .540367
2.15453         .540833
2.15542         .537533
2.15632         .536667
2.15722         .540433
2.15811         .539933
2.15901         .538200
2.15991         .538633
2.16081         .541600
2.16171         .544333
2.16261         .544200
2.16352         .541833
2.16442         .542100
2.16532         .544800
2.16623         .544867
2.16713         .545933
2.16804         .549500
2.16894         .548567
2.16985         .545900
2.17076         .543167
2.17167         .544233
2.17258         .544667
2.17349         .545800
2.1744         .549000
2.17531         .550033
2.17623         .548833
2.17714         .547900
2.17805         .544967
2.17897         .544133
2.17989         .544533
2.1808         .543367
2.18172         .542933
2.18264         .543067
2.18356         .541400
2.18448         .543000
2.1854         .542833
2.18632         .542300
2.18724         .542133
2.18816         .542767
2.18909         .538833
2.19001         .534867
2.19094         .532533
2.19186         .534767
2.19279         .535900
2.19372         .533100
2.19464         .529700
2.19557         .527433
2.1965         .526167
2.19743         .525133
2.19837         .524267
2.1993         .524267
2.20023         .522433
2.20116         .520533
2.2021         .517100
2.20303         .515600
2.20397         .515900
2.20491         .514167
2.20585         .511267
2.20678         .510967
2.20772         .510667
2.20866         .508967
2.20961         .505100
2.21055         .503267
2.21149         .502200
2.21243         .500567
2.21338         .499333
2.21432         .498633
2.21527         .496667
2.21621         .494767
2.21716         .493400
2.21811         .492700
2.21906         .489600
2.22001         .488967
2.22096         .489467
2.22191         .488533
2.22286         .485767
2.22382         .483700
2.22477         .480833
2.22573         .477133
2.22668         .473433
2.22764         .476000
2.2286         .475133
2.22955         .471800
2.23051         .470600
2.23147         .471600
2.23243         .468733
2.23339         .465133
2.23436         .461267
2.23532         .460467
2.23628         .458867
2.23725         .457867
2.23821         .456267
2.23918         .451600
2.24015         .446067
2.24112         .443600
2.24208         .441333
2.24305         .439767
2.24402         .436967
2.245         .433733
2.24597         .429467
2.24694         .427200
2.24791         .425633
2.24889         .422300
2.24987         .418800
2.25084         .417233
2.25182         .414800
2.2528         .410000
2.25378         .406000
2.25476         .402433
2.25574         .397933
2.25672         .393800
2.2577         .393467
2.25868         .394167
2.25967         .390333
2.26065         .385233
2.26164         .380767
2.26263         .378567
2.26361         .377600
2.2646         .376000
2.26559         .373667
2.26658         .372033
2.26757         .369000
2.26856         .365067
2.26956         .363800
2.27055         .363233
2.27155         .362100
2.27254         .361633
2.27354         .359967
2.27453         .359833
2.27553         .359433
2.27653         .359333
2.27753         .357400
2.27853         .355500
2.27953         .354833
2.28054         .354433
2.28154         .350900
2.28254         .349967
2.28355         .349433
2.28455         .349167
2.28556         .348633
2.28657         .347567
2.28758         .343400
2.28859         .341833
2.2896         .340467
2.29061         .339367
2.29162         .337967
2.29263         .336833
2.29365         .333800
2.29466         .333567
2.29568         .333333
2.29669         .330767
2.29771         .327833
2.29873         .326500
2.29975         .325167
2.30077         .324767
2.30179         .324133
2.30281         .322267
2.30384         .319600
2.30486         .320200
2.30588         .317700
2.30691         .312800
2.30794         .313500
2.30896         .315833
2.30999         .314367
2.31102         .310767
2.31205         .309100
2.31308         .307833
2.31412         .306667
2.31515         .309033
2.31618         .306567
2.31722         .304700
2.31825         .304533
2.31929         .304167
2.32033         .303500
2.32137         .301500
2.32241         .298233
2.32345         .299933
2.32449         .302567
2.32553         .304033
2.32657         .303233
2.32762         .304233
2.32866         .305467
2.32971         .307267
2.33076         .309133
2.3318         .311800
2.33285         .314767
2.3339         .319300
2.33495         .322800
2.33601         .327233
2.33706         .330233
2.33811         .334633
2.33917         .338200
2.34022         .341733
2.34128         .346300
2.34234         .353433
2.34339         .358433
2.34445         .362733
2.34551         .368100
2.34657         .375100
2.34764         .380867
2.3487         .390667
2.34976         .397667
2.35083         .402967
2.3519         .408033
2.35296         .414167
2.35403         .419600
2.3551         .425000
2.35617         .429000
2.35724         .435067
2.35831         .440233
2.35939         .443733
2.36046         .444867
2.36153         .447900
2.36261         .450900
2.36369         .452533
2.36476         .452800
2.36584         .456467
2.36692         .462767
2.368         .464800
2.36909         .463200
2.37017         .463667
2.37125         .462500
2.37234         .461300
2.37342         .460933
2.37451         .461400
2.3756         .463467
2.37669         .464267
2.37778         .460300
2.37887         .456167
2.37996         .454300
2.38105         .452300
2.38214         .451200
2.38324         .451400
2.38433         .449567
2.38543         .447667
2.38653         .447567
2.38763         .448233
2.38873         .447267
2.38983         .445633
2.39093         .445667
2.39203         .444100
2.39314         .441800
2.39424         .441900
2.39535         .440300
2.39645         .437400
2.39756         .434800
2.39867         .433867
2.39978         .431633
2.40089         .429233
2.402         .426500
2.40312         .426000
2.40423         .426767
2.40535         .426067
2.40646         .424900
2.40758         .423433
2.4087         .420667
2.40982         .418400
2.41094         .415800
2.41206         .414633
2.41318         .413933
2.4143         .412700
2.41543         .409633
2.41655         .405500
2.41768         .404033
2.41881         .403233
2.41994         .395533
2.42107         .391567
2.4222         .391033
2.42333         .388400
2.42446         .383167
2.4256         .378733
2.42673         .375300
2.42787         .371933
2.429         .367767
2.43014         .363800
2.43128         .359600
2.43242         .358533
2.43356         .356433
2.43471         .353433
2.43585         .349400
2.43699         .346567
2.43814         .343500
2.43929         .338700
2.44043         .335500
2.44158         .332500
2.44273         .327867
2.44388         .324833
2.44504         .320767
2.44619         .317867
2.44734         .315000
2.4485         .311267
2.44966         .307867
2.45081         .305967
2.45197         .302933
2.45313         .300467
2.45429         .297133
2.45545         .294233
2.45662         .292567
2.45778         .292967
2.45895         .291767
2.46011         .290200
2.46128         .289000
2.46245         .288700
2.46362         .286200
2.46479         .284867
2.46596         .284967
2.46714         .285000
2.46831         .281800
2.46949         .280667
2.47066         .280933
2.47184         .281800
2.47302         .279533
2.4742         .277767
2.47538         .275167
2.47656         .274233
2.47774         .273767
2.47893         .273133
2.48011         .271200
2.4813         .269667
2.48249         .266800
2.48368         .264133
2.48487         .261733
2.48606         .261000
2.48725         .258567
2.48844         .255133
2.48964         .253533
2.49083         .251367
2.49203         .248800
2.49323         .246567
2.49443         .244867
2.49563         .244367
2.49683         .242300
2.49803         .240033
2.49924         .239033
2.50044         .238000
2.50165         .236233
2.50286         .236333
2.50406         .234033
2.50527         .233833
2.50648         .233300
2.5077         .232300
2.50891         .230200
2.51012         .229033
2.51134         .227300
2.51256         .226900
2.51377         .227800
2.51499         .227267
2.51621         .226733
2.51743         .225733
2.51866         .225600
2.51988         .228467
2.52111         .230367
2.52233         .231333
2.52356         .230500
2.52479         .232700
2.52602         .234033
2.52725         .236100
2.52848         .238133
2.52971         .241267
2.53095         .244067
2.53218         .247633
2.53342         .250100
2.53466         .254600
2.5359         .258200
2.53714         .264233
2.53838         .270800
2.53962         .276567
2.54087         .282300
2.54211         .290767
2.54336         .296867
2.54461         .302867
2.54586         .309700
2.54711         .317433
2.54836         .325667
2.54961         .332100
2.55087         .337400
2.55212         .345133
2.55338         .350567
2.55464         .354400
2.55589         .358033
2.55716         .362733
2.55842         .367700
2.55968         .373067
2.56094         .375333
2.56221         .379567
2.56348         .383300
2.56474         .385700
2.56601         .388000
2.56728         .391367
2.56855         .395067
2.56983         .399500
2.5711         .403433
2.57238         .406600
2.57365         .407900
2.57493         .409367
2.57621         .411833
2.57749         .413367
2.57877         .413733
2.58005         .416667
2.58134         .418000
2.58262         .420000
2.58391         .421333
2.5852         .419400
2.58649         .419700
2.58778         .423533
2.58907         .424200
2.59036         .424867
2.59166         .425667
2.59295         .428600
2.59425         .431333
2.59555         .432267
2.59685         .429933
2.59815         .429133
2.59945         .429400
2.60076         .430733
2.60206         .429933
2.60337         .430433
2.60467         .430900
2.60598         .431500
2.60729         .431867
2.6086         .431033
2.60992         .429400
2.61123         .428600
2.61255         .428867
2.61386         .429000
2.61518         .427367
2.6165         .428433
2.61782         .426967
2.61914         .426467
2.62047         .425567
2.62179         .423533
2.62312         .421233
2.62445         .419400
2.62577         .418967
2.6271         .420300
2.62844         .419133
2.62977         .418100
2.6311         .416100
2.63244         .414433
2.63378         .413867
2.63511         .412733
2.63645         .410000
2.63779         .409167
2.63914         .408967
2.64048         .408833
2.64183         .406600
2.64317         .403467
2.64452         .401633
2.64587         .402233
2.64722         .401633
2.64857         .401000
2.64992         .399133
2.65128         .396367
2.65264         .393800
2.65399         .392200
2.65535         .389700
2.65671         .386567
2.65807         .384400
2.65944         .383233
2.6608         .379200
2.66217         .377267
2.66353         .375733
2.6649         .372933
2.66627         .368833
2.66764         .363600
2.66902         .359600
2.67039         .359900
2.67177         .355500
2.67314         .350733
2.67452         .348067
2.6759         .343567
2.67728         .338367
2.67867         .334400
2.68005         .329567
2.68144         .324333
2.68282         .319300
2.68421         .314300
2.6856         .309933
2.68699         .306133
2.68839         .301000
2.68978         .297833
2.69118         .294300
2.69257         .290367
2.69397         .286867
2.69537         .283467
2.69677         .279067
2.69818         .274033
2.69958         .269467
2.70099         .265700
2.7024         .260533
2.7038         .254267
2.70522         .249267
2.70663         .245467
2.70804         .241433
2.70945         .237900
2.71087         .232933
2.71229         .226900
2.71371         .220700
2.71513         .215067
2.71655         .208500
2.71797         .200067
2.7194         .192633
2.72083         .191700
2.72225         .192133
2.72368         .192867
2.72512         .190800
2.72655         .187833
2.72798         .185100
2.72942         .182233
2.73086         .178333
2.73229         .176433
2.73373         .174333
2.73518         .171200
2.73662         .167733
2.73806         .166000
2.73951         .163300
2.74096         .160400
2.74241         .157267
2.74386         .154467
2.74531         .151933
2.74677         .149700
2.74822         .147167
2.74968         .145933
2.75114         .144733
2.7526         .143033
2.75406         .140300
2.75552         .139567
2.75699         .137600
2.75845         .134900
2.75992         .132833
2.76139         .131800
2.76286         .129800
2.76433         .128267
2.76581         .127533
2.76728         .127567
2.76876         .126800
2.77024         .124833
2.77172         .124367
2.7732         .125433
2.77469         .124567
2.77617         .123333
2.77766         .122700
2.77915         .123000
2.78064         .122900
2.78213         .122800
2.78362         .122200
2.78512         .122267
2.78661         .122267
2.78811         .121700
2.78961         .120167
2.79111         .118933
2.79262         .117367
2.79412         .117600
2.79563         .117700
2.79714         .117200
2.79864         .116133
2.80016         .116267
2.80167         .115900
2.80318         .115133
2.8047         .115167
2.80622         .115533
2.80774         .114300
2.80926         .113967
2.81078         .112867
2.8123         .112733
2.81383         .112633
2.81536         .111967
2.81689         .111033
2.81842         .109667
2.81995         .109233
2.82148         .109433
2.82302         .107867
2.82456         .107167
2.8261         .106800
2.82764         .106900
2.82918         .106633
2.83072         .105733
2.83227         .104500
2.83382         .104333
2.83537         .103967
2.83692         .103633
2.83847         .103667
2.84002         .102833
2.84158         .101567
2.84314         .102500
2.8447         .102467
2.84626         .101467
2.84782         .100333
2.84939         .099733
2.85095         .099267
2.85252         .098867
2.85409         .097633
2.85566         .097167
2.85724         .096800
2.85881         .097300
2.86039         .097833
2.86197         .097833
2.86355         .095800
2.86513         .094400
2.86671         .094533
2.8683         .095600
2.86988         .095333
2.87147         .094767
2.87306         .093733
2.87466         .093533
2.87625         .093200
2.87785         .093800
2.87945         .094033
2.88104         .092633
2.88265         .090933
2.88425         .091567
2.88585         .091733
2.88746         .091233
2.88907         .090033
2.89068         .090333
2.89229         .090200
2.89391         .089533
2.89552         .089167
2.89714         .089733
2.89876         .088700
2.90038         .088200
2.902         .089000
2.90363         .089733
2.90525         .089500
2.90688         .088667
2.90851         .086933
2.91014         .086933
2.91178         .087867
2.91341         .088533
2.91505         .087267
2.91669         .087233
2.91833         .087133
2.91998         .086233
2.92162         .085633
2.92327         .086200
2.92492         .086233
2.92657         .086400
2.92822         .086467
2.92987         .086500
2.93153         .085867
2.93319         .085533
2.93485         .085467
2.93651         .085900
2.93817         .085867
2.93984         .086600
2.94151         .086367
2.94318         .086267
2.94485         .086000
2.94652         .085233
2.94819         .085000
2.94987         .085733
2.95155         .085900
2.95323         .085633
2.95491         .085133
2.9566         .085867
2.95828         .086067
2.95997         .086300
2.96166         .085367
2.96336         .084833
2.96505         .084833
2.96675         .085800
2.96844         .086367
2.97014         .086000
2.97185         .085400
2.97355         .085800
2.97526         .086033
2.97696         .086767
2.97867         .086233
2.98039         .085500
2.9821         .086133
2.98382         .087433
2.98553         .086833
2.98725         .086433
2.98897         .086633
2.9907         .086700
2.99242         .086833
2.99415         .086633
2.99588         .086200
2.99761         .087033
2.99935         .087533
3.00108         .087500
3.00282         .087567
3.00456         .088200
3.0063         .088367
3.00804         .088800
3.00979         .088367
3.01154         .087933
3.01329         .087633
3.01504         .088333
3.01679         .088433
3.01855         .088433
3.02031         .087933
3.02207         .088233
3.02383         .088767
3.02559         .088500
3.02736         .088133
3.02913         .088300
3.0309         .088100
3.03267         .088433
3.03444         .088900
3.03622         .088500
3.038         .088267
3.03978         .089133
3.04156         .089300
3.04335         .089633
3.04514         .089433
3.04692         .089233
3.04872         .089267
3.05051         .089300
3.0523         .088767
3.0541         .089900
3.0559         .090200
3.0577         .090000
3.05951         .089833
3.06131         .090233
3.06312         .090033
3.06493         .090000
3.06674         .090000
3.06856         .090733
3.07037         .090900
3.07219         .091067
3.07401         .091167
3.07584         .091367
3.07766         .090800
3.07949         .090633
3.08132         .090567
3.08315         .090933
3.08499         .091267
3.08682         .091733
3.08866         .092067
3.0905         .092600
3.09234         .092833
3.09419         .092833
3.09604         .093033
3.09789         .094100
3.09974         .093933
3.10159         .093967
3.10345         .094433
3.10531         .094933
3.10717         .095200
3.10903         .095867
3.11089         .096000
3.11276         .096467
3.11463         .096833
3.1165         .097167
3.11838         .097167
3.12025         .097733
3.12213         .098133
3.12401         .098400
3.12589         .098467
3.12778         .099133
3.12967         .099633
3.13156         .100333
3.13345         .100733
3.13534         .101033
3.13724         .101200
3.13914         .101433
3.14104         .101500
3.14294         .102733
3.14485         .103733
3.14676         .104733
3.14867         .105000
3.15058         .105633
3.1525         .106833
3.15441         .107333
3.15633         .107400
3.15825         .108933
3.16018         .109933
3.16211         .110067
3.16404         .110500
3.16597         .111433
3.1679         .111967
3.16984         .112267
3.17178         .112367
3.17372         .113000
3.17566         .113067
3.17761         .113500
3.17955         .113900
3.1815         .113933
3.18346         .114133
3.18541         .115033
3.18737         .115900
3.18933         .116467
3.19129         .116833
3.19326         .116933
3.19523         .116367
3.1972         .116300
3.19917         .116933
3.20114         .117700
3.20312         .118333
3.2051         .118933
3.20708         .118667
3.20907         .118433
3.21105         .118500
3.21304         .119067
3.21503         .119133
3.21703         .118800
3.21903         .118300
3.22102         .119067
3.22303         .119167
3.22503         .119367
3.22704         .119100
3.22905         .118867
3.23106         .118667
3.23307         .118800
3.23509         .119033
3.23711         .118700
3.23913         .118000
3.24115         .117733
3.24318         .117767
3.24521         .117833
3.24724         .117267
3.24928         .116933
3.25131         .116000
3.25335         .115633
3.2554         .115100
3.25744         .114367
3.25949         .113733
3.26154         .113100
3.26359         .111933
3.26565         .110500
3.2677         .109200
3.26976         .108400
3.27183         .107633
3.27389         .106433
3.27596         .104667
3.27803         .103200
3.2801         .101133
3.28218         .098833
3.28426         .096000
3.28634         .092433
3.28842         .087667
3.29051         .082333
3.2926         .076333
3.29469         .070867
3.29678         .066233
3.29888         .063167
3.30098         .060900
3.30308         .059533
3.30519         .058433
3.3073         .057900
3.30941         .057633
3.31152         .058600
3.31364         .059233
3.31575         .059733
3.31788         .060467
3.32         .061600
3.32213         .061833
3.32426         .061733
3.32639         .061333
3.32852         .061300
3.33066         .061367
3.3328         .061000
3.33494         .060333
3.33709         .059567
3.33924         .058667
3.34139         .058067
3.34354         .057567
3.3457         .057867
3.34786         .058000
3.35002         .058733
3.35219         .058633
3.35436         .058967
3.35653         .059833
3.3587         .060767
3.36088         .061700
3.36306         .062367
3.36524         .062967
3.36743         .063767
3.36961         .063933
3.3718         .064033
3.374         .063933
3.37619         .063333
3.37839         .062100
3.3806         .061267
3.3828         .060967
3.38501         .060833
3.38722         .060067
3.38943         .059600
3.39165         .058967
3.39387         .058933
3.39609         .058400
3.39832         .058033
3.40055         .058067
3.40278         .058167
3.40501         .057733
3.40725         .057233
3.40949         .056667
3.41173         .056433
3.41398         .055833
3.41623         .055500
3.41848         .054767
3.42073         .054433
3.42299         .054200
3.42525         .053867
3.42751         .053000
3.42978         .052467
3.43205         .052000
3.43432         .051233
3.4366         .050167
3.43888         .050033
3.44116         .049200
3.44345         .047967
3.44573         .047467
3.44802         .048300
3.45032         .049367
3.45261         .049367
3.45491         .048767
3.45722         .049567
3.45952         .049267
3.46183         .048567
3.46415         .048833
3.46646         .049833
3.46878         .050267
3.4711         .050400
3.47343         .050433
3.47575         .050800
3.47809         .051167
3.48042         .052467
3.48276         .053533
3.4851         .054467
3.48744         .056000
3.48979         .057800
3.49214         .059500
3.49449         .061733
3.49685         .064300
3.49921         .066967
3.50157         .070100
3.50393         .073600
3.5063         .076500
3.50868         .080767
3.51105         .085300
3.51343         .089667
3.51581         .094033
3.5182         .098500
3.52058         .102500
3.52298         .107100
3.52537         .110900
3.52777         .114400
3.53017         .117633
3.53257         .120567
3.53498         .123000
3.53739         .124500
3.53981         .124667
3.54223         .123600
3.54465         .122333
3.54707         .123333
3.5495         .126400
3.55193         .131267
3.55436         .136200
3.5568         .141267
3.55924         .145600
3.56169         .149200
3.56414         .151667
3.56659         .153867
3.56904         .155467
3.5715         .157133
3.57396         .158800
3.57642         .160767
3.57889         .163200
3.58136         .165567
3.58384         .167133
3.58632         .168700
3.5888         .170033
3.59128         .170733
3.59377         .171467
3.59626         .172967
3.59876         .173700
3.60126         .174200
3.60376         .174967
3.60627         .175500
3.60878         .176167
3.61129         .176933
3.61381         .177633
3.61633         .178367
3.61885         .178333
3.62138         .178533
3.62391         .179100
3.62644         .179700
3.62898         .179633
3.63152         .179600
3.63406         .179800
3.63661         .180033
3.63916         .180100
3.64172         .180300
3.64428         .180133
3.64684         .179433
3.64941         .178767
3.65198         .178800
3.65455         .178567
3.65713         .178233
3.65971         .177767
3.66229         .177333
3.66488         .176533
3.66747         .176200
3.67007         .175367
3.67267         .174367
3.67527         .173400
3.67788         .172700
3.68049         .171033
3.6831         .169767
3.68572         .168200
3.68834         .165733
3.69096         .163500
3.69359         .161833
3.69623         .159800
3.69886         .158133
3.7015         .156533
3.70415         .155100
3.70679         .153400
3.70944         .151800
3.7121         .149967
3.71476         .147833
3.71742         .145633
3.72009         .144133
3.72276         .142200
3.72543         .140033
3.72811         .137600
3.73079         .135100
3.73348         .131933
3.73617         .127733
3.73886         .122567
3.74156         .117000
3.74426         .111633
3.74697         .106167
3.74967         .101000
3.75239         .096533
3.7551         .092167
3.75783         .088700
3.76055         .084867
3.76328         .081833
3.76601         .079333
3.76875         .076667
3.77149         .074233
3.77423         .072333
3.77698         .070333
3.77974         .068033
3.78249         .065767
3.78525         .063633
3.78802         .061733
3.79079         .060167
3.79356         .058400
3.79634         .057400
3.79912         .056400
3.8019         .055800
3.80469         .055633
3.80748         .056067
3.81028         .056633
3.81308         .057667
3.81589         .058933
3.8187         .060367
3.82151         .061600
3.82433         .062867
3.82715         .063733
3.82998         .064300
3.83281         .064367
3.83564         .064467
3.83848         .064100
3.84133         .063333
3.84417         .062000
3.84703         .060133
3.84988         .057933
3.85274         .056100
3.85561         .054067
3.85847         .052633
3.86135         .052000
3.86422         .051600
3.86711         .050800
3.86999         .050500
3.87288         .050333
3.87578         .050300
3.87867         .050067
3.88158         .049967
3.88448         .049633
3.8874         .049333
3.89031         .049167
3.89323         .048700
3.89616         .047600
3.89909         .046867
3.90202         .046100
3.90496         .045400
3.9079         .044367
3.91085         .043767
3.9138         .043367
3.91676         .043267
3.91972         .042733
3.92268         .042033
3.92565         .041600
3.92862         .041900
3.9316         .041167
3.93458         .040733
3.93757         .040800
3.94056         .040600
3.94356         .040200
3.94656         .039933
3.94957         .039500
3.95258         .039167
3.95559         .039233
3.95861         .039433
3.96163         .039133
3.96466         .039167
3.9677         .039600
3.97073         .040967
3.97378         .042467
3.97682         .043767
3.97988         .045167
3.98293         .047133
3.98599         .048900
3.98906         .050267
3.99213         .051567
3.99521         .053967
3.99829         .056133
4.00137         .058100
4.00446         .060633
4.00755         .063167
4.01065         .066067
4.01376         .068800
4.01687         .071533
4.01998         .074800
4.0231         .077800
4.02622         .080467
4.02935         .082967
4.03248         .085567
4.03562         .088300
4.03876         .091567
4.04191         .094800
4.04506         .097567
4.04822         .100333
4.05138         .103500
4.05455         .106267
4.05772         .108633
4.0609         .111000
4.06408         .113600
4.06727         .115667
4.07046         .118167
4.07366         .120433
4.07686         .122533
4.08007         .124433
4.08328         .126600
4.0865         .128733
4.08972         .130600
4.09295         .132400
4.09618         .133867
4.09942         .135033
4.10266         .136200
4.10591         .137033
4.10916         .137967
4.11242         .138967
4.11569         .139900
4.11896         .141000
4.12223         .141933
4.12551         .142667
4.12879         .143400
4.13208         .143700
4.13538         .144100
4.13868         .144133
4.14198         .144367
4.14529         .144633
4.14861         .145500
4.15193         .147200
4.15526         .149467
4.15859         .151600
4.16193         .153467
4.16527         .155000
4.16862         .156600
4.17197         .157667
4.17533         .159000
4.17869         .160167
4.18206         .160900
4.18544         .161567
4.18882         .162167
4.19221         .162133
4.1956         .161667
4.19899         .160400
4.2024         .158633
4.2058         .156733
4.20922         .154867
4.21264         .153133
4.21606         .152433
4.21949         .151800
4.22293         .151267
4.22637         .150433
4.22982         .149100
4.23327         .147733
4.23673         .146633
4.24019         .145667
4.24366         .145267
4.24714         .144467
4.25062         .143200
4.2541         .141267
4.2576         .138567
4.26109         .135333
4.2646         .132767
4.26811         .131800
4.27162         .132267
4.27514         .133233
4.27867         .134633
4.2822         .135933
4.28574         .137267
4.28929         .138200
4.29284         .139000
4.2964         .139367
4.29996         .139533
4.30353         .140067
4.3071         .141367
4.31068         .142700
4.31427         .144533
4.31786         .146133
4.32146         .147667
4.32506         .149267
4.32867         .150933
4.33229         .153133
4.33591         .156433
4.33954         .160867
4.34317         .166367
4.34681         .171167
4.35046         .174400
4.35411         .175300
4.35777         .174833
4.36143         .173467
4.3651         .171767
4.36878         .169800
4.37246         .167467
4.37615         .165267
4.37985         .163100
4.38355         .160367
4.38726         .157733
4.39097         .155233
4.39469         .152800
4.39842         .150100
4.40216         .147433
4.4059         .144667
4.40964         .141667
4.41339         .139300
4.41715         .137100
4.42092         .134733
4.42469         .132567
4.42847         .131033
4.43225         .130333
4.43604         .129967
4.43984         .129833
4.44365         .130433
4.44746         .131800
4.45127         .133467
4.4551         .135667
4.45893         .138400
4.46277         .140800
4.46661         .142800
4.47046         .144633
4.47432         .145967
4.47818         .146667
4.48205         .146567
4.48593         .145600
4.48981         .143700
4.4937         .141100
4.4976         .137733
4.5015         .134400
4.50541         .131100
4.50933         .128500
4.51325         .126500
4.51718         .124767
4.52112         .123033
4.52507         .122167
4.52902         .121167
4.53298         .119900
4.53694         .118567
4.54092         .117300
4.5449         .115833
4.54888         .114267
4.55288         .112733
4.55688         .111167
4.56088         .109333
4.5649         .107700
4.56892         .105867
4.57295         .103733
4.57698         .101467
4.58103         .099500
4.58508         .097400
4.58913         .095300
4.5932         .093267
4.59727         .091500
4.60135         .089933
4.60544         .088700
4.60953         .087900
4.61363         .087500
4.61774         .087200
4.62185         .087033
4.62597         .087233
4.6301         .087000
4.63424         .086867
4.63839         .086967
4.64254         .087167
4.6467         .087700
4.65087         .088700
4.65504         .090300
4.65922         .092567
4.66341         .095700
4.66761         .099600
4.67181         .103600
4.67603         .107300
4.68025         .111100
4.68447         .114467
4.68871         .117667
4.69295         .120833
4.6972         .123767
4.70146         .127367
4.70573         .130733
4.71         .133867
4.71428         .137167
4.71857         .140067
4.72287         .142767
4.72717         .145000
4.73149         .146867
4.73581         .148167
4.74013         .149600
4.74447         .150767
4.74882         .151433
4.75317         .151967
4.75753         .152800
4.7619         .153600
4.76627         .154100
4.77066         .154500
4.77505         .154733
4.77945         .154867
4.78386         .155133
4.78828         .155400
4.7927         .155433
4.79713         .155233
4.80158         .155467
4.80603         .156000
4.81048         .156300
4.81495         .156367
4.81942         .156733
4.82391         .156500
4.8284         .156267
4.8329         .156267
4.8374         .156200
4.84192         .156233
4.84645         .156367
4.85098         .156133
4.85552         .156067
4.86007         .156033
4.86463         .155733
4.8692         .155600
4.87377         .155133
4.87836         .154500
4.88295         .154233
4.88755         .154000
4.89216         .153700
4.89678         .153500
4.90141         .153200
4.90605         .152800
4.91069         .152200
4.91535         .151733
4.92001         .151167
4.92468         .150667
4.92936         .150367
4.93405         .150133
4.93875         .149500
4.94346         .148800
4.94818         .148333
4.9529         .147900
4.95764         .147367
4.96238         .146833
4.96713         .146233
4.97189         .145633
4.97667         .145000
4.98145         .144567
4.98623         .143933
4.99103         .143167
4.99584         .142467
5.00066         .141700
5.00549         .140467
5.01032         .139233
5.01517         .137767
5.02002         .135933
5.02488         .133667
5.02976         .130333
5.03464         .125933
5.03953         .121033
5.04443         .114900
5.04935         .108100
5.05427         .102467
5.0592         .100167
5.06414         .102300
5.06909         .107633
5.07405         .113000
5.07902         .116433
5.084         .117200
5.08898         .115533
5.09398         .114100
5.09899         .114467
5.10401         .115733
5.10904         .116833
5.11408         .117033
5.11912         .116500
5.12418         .115533
5.12925         .114667
5.13433         .113733
5.13942         .112767
5.14451         .111567
5.14962         .110133
5.15474         .108467
5.15987         .106700
5.16501         .105033
5.17016         .103433
5.17532         .101800
5.18049         .100267
5.18567         .098667
5.19086         .097133
5.19606         .095800
5.20127         .094600
5.20649         .093167
5.21172         .091367
5.21696         .089433
5.22222         .088000
5.22748         .086533
5.23276         .084567
5.23804         .082600
5.24334         .080933
5.24864         .079400
5.25396         .077833
5.25929         .076200
5.26463         .074500
5.26998         .072867
5.27534         .071500
5.28071         .070167
5.28609         .069033
5.29149         .067900
5.29689         .066800
5.30231         .065633
5.30773         .064900
5.31317         .064267
5.31862         .063267
5.32408         .062300
5.32955         .061500
5.33503         .060800
5.34053         .059833
5.34603         .058467
5.35155         .057167
5.35708         .056033
5.36262         .054600
5.36817         .053233
5.37373         .052233
5.3793         .051033
5.38489         .049533
5.39049         .047900
5.39609         .046400
5.40171         .044767
5.40735         .042900
5.41299         .040967
5.41865         .039233
5.42431         .037433
5.42999         .035300
5.43568         .033167
5.44139         .031333
5.4471         .029533
5.45283         .028033
5.45857         .026767
5.46432         .025300
5.47008         .024200
5.47586         .023733
5.48165         .023500
5.48745         .023300
5.49326         .023200
5.49908         .023067
5.50492         .022900
5.51077         .022900
5.51663         .022933
5.52251         .022867
5.52839         .022700
5.53429         .022700
5.54021         .022567
5.54613         .022500
5.55207         .022567
5.55802         .022733
5.56398         .023033
5.56996         .023400
5.57595         .023667
5.58195         .024233
5.58796         .024900
5.59399         .025400
5.60003         .025733
5.60608         .026233
5.61215         .026467
5.61823         .026567
5.62432         .026667
5.63043         .026867
5.63655         .027200
5.64268         .027133
5.64883         .026767
5.65499         .026367
5.66116         .026133
5.66735         .026400
5.67355         .026300
5.67976         .025733
5.68599         .025400
5.69223         .025300
5.69848         .025133
5.70475         .024767
5.71103         .024167
5.71733         .023900
5.72364         .023833
5.72996         .023533
5.7363         .023100
5.74265         .023067
5.74902         .022967
5.7554         .022867
5.76179         .022833
5.7682         .023033
5.77462         .022867
5.78106         .022433
5.78751         .022200
5.79398         .022033
5.80046         .021933
5.80695         .022167
5.81346         .022033
5.81998         .021900
5.82652         .021533
5.83308         .021200
5.83964         .021033
5.84623         .021000
5.85283         .020633
5.85944         .020400
5.86607         .020100
5.87271         .020167
5.87937         .020033
5.88604         .019800
5.89273         .019467
5.89943         .018700
5.90615         .018567
5.91288         .018567
5.91963         .018300
5.9264         .018333
5.93318         .018067
5.93997         .017633
5.94678         .017467
5.95361         .017433
5.96045         .017133
5.96731         .016900
5.97418         .016633
5.98107         .016567
5.98798         .016600
5.9949         .016533
6.00184         .016400
6.00879         .016533
6.01576         .016333
6.02275         .016533
6.02975         .016500
6.03677         .016600
6.04381         .016733
6.05086         .016433
6.05793         .016567
6.06501         .016967
6.07211         .017133
6.07923         .017367
6.08636         .017667
6.09351         .018367
6.10068         .019000
6.10787         .019733
6.11507         .020300
6.12229         .020833
6.12952         .021700
6.13678         .022800
6.14405         .023967
6.15134         .025467
6.15864         .026800
6.16596         .028233
6.1733         .029900
6.18066         .031767
6.18803         .033367
6.19543         .035267
6.20284         .037400
6.21026         .039433
6.21771         .041400
6.22517         .044133
6.23265         .047833
6.24015         .051967
6.24767         .056100
6.25521         .060867
6.26276         .066567
6.27033         .073900
6.27792         .082500
6.28553         .091867
6.29316         .102533
6.3008         .115233
6.30847         .129733
6.31615         .144967
6.32385         .161867
6.33157         .181600
6.33931         .204067
6.34707         .225267
6.35485         .242833
6.36265         .255833
6.37046         .263333
6.3783         .267867
6.38615         .271133
6.39402         .274433
6.40192         .279067
6.40983         .282067
6.41776         .282000
6.42571         .282433
6.43368         .283133
6.44167         .283267
6.44969         .282367
6.45772         .280967
6.46577         .279300
6.47384         .277233
6.48193         .274933
6.49004         .271600
6.49817         .266467
6.50633         .262467
6.5145         .258900
6.52269         .254433
6.53091         .250100
6.53914         .246400
6.5474         .242667
6.55567         .239300
6.56397         .235967
6.57229         .231933
6.58063         .227833
6.58899         .223733
6.59737         .219700
6.60577         .216000
6.6142         .212233
6.62265         .209267
6.63111         .205467
6.6396         .200467
6.64811         .196033
6.65665         .193167
6.6652         .190767
6.67378         .188233
6.68238         .185267
6.691         .183067
6.69964         .180933
6.70831         .178600
6.717         .176300
6.72571         .174167
6.73444         .172167
6.7432         .170600
6.75198         .168767
6.76078         .167533
6.76961         .166600
6.77845         .165767
6.78732         .163733
6.79622         .161633
6.80514         .160333
6.81408         .159600
6.82304         .158300
6.83203         .156867
6.84104         .155667
6.85008         .155300
6.85914         .154400
6.86822         .152633
6.87733         .151767
6.88646         .151433
6.89562         .150967
6.9048         .150433
6.91401         .149900
6.92324         .149800
6.93249         .149533
6.94177         .149867
6.95107         .150667
6.9604         .150800
6.96976         .150700
6.97914         .151033
6.98854         .151100
6.99797         .151000
7.00743         .150333
7.01691         .147933
7.02641         .142633
7.03595         .135733
7.04551         .127367
7.05509         .120433
7.0647         .114833
7.07434         .110767
7.084         .108100
7.09369         .106233
7.10341         .103200
7.11315         .099767
7.12292         .096700
7.13271         .094300
7.14254         .092100
7.15239         .090500
7.16227         .088533
7.17217         .086900
7.1821         .085267
7.19206         .083967
7.20205         .082200
7.21207         .081100
7.22211         .080100
7.23218         .079367
7.24228         .078267
7.25241         .077667
7.26257         .077300
7.27275         .076700
7.28296         .075967
7.29321         .076067
7.30348         .075733
7.31378         .075533
7.3241         .075100
7.33446         .074567
7.34485         .074300
7.35527         .074367
7.36571         .073767
7.37619         .073833
7.3867         .073633
7.39723         .073267
7.4078         .072800
7.41839         .072700
7.42902         .072000
7.43968         .071500
7.45037         .070967
7.46108         .070667
7.47183         .070267
7.48261         .070133
7.49343         .070000
7.50427         .070167
7.51514         .069800
7.52605         .069867
7.53699         .069833
7.54796         .070133
7.55896         .070100
7.56999         .069933
7.58106         .069400
7.59215         .069467
7.60328         .069000
7.61445         .068500
7.62564         .067633
7.63687         .067300
7.64814         .067033
7.65943         .066967
7.67076         .066767
7.68212         .066667
7.69352         .066433
7.70495         .066600
7.71641         .066367
7.72791         .066500
7.73944         .066367
7.75101         .066200
7.76261         .066367
7.77425         .067167
7.78592         .067433
7.79763         .067600
7.80937         .067500
7.82115         .067833
7.83296         .067767
7.84481         .067667
7.85669         .067233
7.86861         .066967
7.88057         .066100
7.89256         .065600
7.90459         .064900
7.91666         .064900
7.92876         .064600
7.9409         .064700
7.95308         .064300
7.96529         .064100
7.97755         .063533
7.98984         .063067
8.00217         .062600
8.01453         .062700
8.02694         .062033
8.03938         .061567
8.05186         .061067
8.06438         .061233
8.07694         .060733
8.08954         .060033
8.10218         .059533
8.11486         .060000
8.12757         .059967
8.14033         .060533
8.15313         .060700
8.16596         .061733
8.17884         .062733
8.19176         .063700
8.20472         .064200
8.21772         .064567
8.23076         .064167
8.24385         .064467
8.25697         .064633
8.27014         .064933
8.28335         .064467
8.2966         .063967
8.30989         .062500
8.32323         .061167
8.33661         .059833
8.35003         .058933
8.3635         .058333
8.37701         .057967
8.39056         .057600
8.40416         .057933
8.4178         .057367
8.43148         .057500
8.44521         .057833
8.45899         .058533
8.47281         .058667
8.48667         .059400
8.50058         .059533
8.51454         .059967
8.52854         .059733
8.54259         .060133
8.55668         .060300
8.57083         .060933
8.58501         .061067
8.59925         .060867
8.61353         .060533
8.62786         .061500
8.64224         .061700
8.65666         .061467
8.67114         .060733
8.68566         .061000
8.70023         .061033
8.71485         .061133
8.72952         .061467
8.74424         .062567
8.75901         .063400
8.77383         .064733
8.78869         .065700
8.80361         .065933
8.81858         .064700
8.8336         .064033
8.84868         .063700
8.8638         .064300
8.87897         .064467
8.8942         .064800
8.90948         .064600
8.92481         .065067
8.9402         .065267
8.95564         .066267
8.97113         .066867
8.98667         .067500
9.00227         .066933
9.01793         .066600
9.03364         .064300
9.0494         .061733
9.06522         .058867
9.08109         .058800
9.09702         .060867
9.113         .063800
9.12904         .065300
9.14514         .066867
9.1613         .066400
9.17751         .065767
9.19378         .064500
9.21011         .064533
9.22649         .064733
9.24294         .065000
9.25944         .064567
9.276         .065467
9.29262         .065067
9.3093         .064900
9.32604         .064733
9.34284         .065833
9.3597         .066633
9.37663         .067633
9.39361         .067533
9.41066         .067233
9.42776         .066767
9.44493         .067600
9.46217         .067900
9.47946         .067967
9.49682         .067300
9.51424         .066833
9.53173         .065700
9.54928         .065600
9.56689         .065100
9.58458         .065133
9.60232         .064467
9.62013         .064733
9.63801         .064300
9.65596         .064033
9.67397         .063567
9.69205         .064067
9.71019         .063800
9.72841         .063967
9.74669         .063600
9.76504         .064600
9.78347         .064967
9.80196         .064733
9.82052         .063800
9.83915         .063433
9.85785         .062900
9.87662         .062833
9.89547         .062167
9.91439         .061933
9.93338         .061600
9.95244         .062000
9.97158         .061633
9.99078         .061367
10.01007         .061300
10.02943         .062200
10.04886         .061633
10.06837         .061933
10.08795         .062633
10.10761         .063533
10.12735         .063600
10.14717         .063867
10.16706         .063700
10.18703         .064300
10.20708         .064767
10.22721         .065600
10.24742         .065700
10.26771         .066033
10.28807         .066500
10.30852         .067467
10.32906         .067467
10.34967         .068167
10.37036         .068667
10.39114         .069367
10.412         .069500
10.43295         .069900
10.45398         .069100
10.4751         .069133
10.4963         .068867
10.51758         .069000
10.53896         .069000
10.56042         .069367
10.58196         .069467
10.6036         .070500
10.62532         .071133
10.64714         .071400
10.66904         .071067
10.69103         .071800
10.71312         .072100
10.7353         .072767
10.75756         .072900
10.77993         .073200
10.80238         .073833
10.82493         .075500
10.84757         .076300
10.8703         .077267
10.89314         .078100
10.91606         .079900
10.93909         .080800
10.96221         .082533
10.98543         .085000
11.00875         .089633
11.03217         .096633
11.05569         .108867
11.07931         .128767
11.10303         .155733
11.12685         .171767
11.15077         .171000
11.1748         .162533
11.19893         .153367
11.22317         .144867
11.24751         .136633
11.27195         .125400
11.2965         .113933
11.32116         .103500
11.34593         .094567
11.37081         .085467
11.39579         .077733
11.42089         .070867
11.4461         .065800
11.47141         .061300
11.49684         .059667
11.52239         .059067
11.54804         .059267
11.57382         .059167
11.5997         .059500
11.62571         .058500
11.65183         .055400
11.67806         .049467
11.70442         .049000
11.73089         .052367
11.75749         .055433
11.7842         .058300
11.81104         .061667
11.838         .062900
11.86509         .063633
11.89229         .063533
11.91963         .063967
11.94709         .063700
11.97467         .064067
12.00238         .063467
12.03023         .063067
12.0582         .062267
12.0863         .062200
12.11453         .061900
12.1429         .062267
12.17139         .061533
12.20003         .061300
12.22879         .060533
12.2577         .060433
12.28674         .059833
12.31592         .059567
12.34523         .058600
12.37469         .058833
12.40429         .058400
12.43403         .058233
12.46391         .057000
12.49394         .057000
12.52411         .056167
12.55443         .055967
12.58489         .054900
12.6155         .054333
12.64627         .053300
12.67718         .053167
12.70824         .052467
12.73946         .052433
12.77083         .051500
12.80236         .051633
12.83404         .050967
12.86588         .050867
12.89788         .050300
12.93003         .050133
12.96235         .048733
12.99483         .048067
13.02747         .046767
13.06028         .046133
13.09325         .044800
13.12639         .043667
13.1597         .042033
13.19318         .041267
13.22682         .039467
13.26064         .038600
13.29464         .036700
13.32881         .035200
13.36315         .033033
13.39767         .031533
13.43237         .029367
13.46725         .027400
13.50232         .024367
13.53756         .022467
13.57299         .020233
13.60861         .021200
13.64441         .026200
13.6804         .032800
13.71659         .033200
13.75296         .033067
13.78953         .031833
13.82629         .030667
13.86325         .029167
13.90041         .029500
13.93777         .028733
13.97532         .030800
14.01309         .032767
