Name:  Hemimorphite Zn4Si2O7(OH)2.H2O
Type:  Mineral
Class:   Silicates
Subclass:  Sorosilicates (Two isolated tetrahydra)
Particle Size:  Solid (010 crystal face)
Sample No.: hemimor.1
Owner: JHU
Wavelength Range:  IR
Origin: Mapimi, Durango, Mexico via the Smithsonian (sample 
no.NMNH 161931). 
Description: The sample consisted of two white, translucent 
fragments about 1 cm long.  One fragment had some iron staining 
which was removed by picking.  Microscopic examination indicated a 
pure and unaltered sample.


Measurement:  Bidirectional reflectance 
First Column:  X
Second Column:  Y  
X Units:  Wavelength (micrometers)
Y Units:  Reflectance (percent)
First X Value:  25.0442
Last X Value:  2.079
Number of X Values:  2287
Additional Information: hemimo1a.txt

25.04420302	16.6289
24.9237955	15.8535
24.80454022	15.5039
24.68642074	15.5468
24.5694209	15.5
24.45358465	15.5605
24.3387763	15.7431
24.22504094	15.8984
24.11236361	15.997
24.00072962	16.2304
23.89012454	16.7343
23.78053421	16.9609
23.67194472	17.0752
23.56434244	17.3056
23.45771395	17.4257
23.35204611	17.5625
23.24732598	17.6816
23.14354087	17.3603
23.04067832	17.0019
22.93872607	16.8828
22.83767211	16.5752
22.7375046	16.4267
22.63821194	16.8525
22.53978272	17.7314
22.44220571	17.4238
22.3454699	17.1777
22.24956446	17.7636
22.15447875	18.6386
22.06020229	19.9453
21.96677306	21.0292
21.87408402	21.9843
21.7821739	22.6445
21.69103293	21.3671
21.60065148	17.9126
21.5110201	14.6665
21.42212949	13.58
21.33397051	13.9726
21.24653416	14.477
21.15981159	15.1093
21.0737941	15.3906
20.98847313	15.5317
20.90384024	15.8017
20.81988716	16.1196
20.73660571	16.2011
20.65398787	16.4091
20.57202575	16.5742
20.49071156	16.6821
20.41003766	16.8735
20.3299965	17.102
20.25058069	17.0468
20.1717829	17.1328
20.09359597	17.3696
20.01601281	17.5048
19.93906621	17.6279
19.8626695	17.8115
19.78685599	17.8671
19.71161901	17.9179
19.63695203	18.0336
19.56284859	18.1738
19.48930232	18.2016
19.41630698	18.4165
19.34385639	18.6855
19.27194448	18.7387
19.20056526	18.7465
19.12971284	18.9209
19.05938141	19.0317
18.98956523	19.0727
18.92025868	19.1816
18.85145618	19.2978
18.78315226	19.2951
18.71534153	19.4267
18.64801865	19.5744
18.58117838	19.5947
18.51481556	19.6252
18.44892507	19.7685
18.38350191	19.9072
18.31854111	20.0673
18.25407111	20.383
18.19002023	21.0246
18.12641726	21.9055
18.06325753	23.3046
18.00053642	25.1464
17.93824937	26.8762
17.8763919	28.382
17.81495958	29.5529
17.75394803	30.3908
17.69335296	30.9924
17.63317011	31.5868
17.57339529	32.0146
17.51402436	32.2509
17.45505324	32.3507
17.39647791	32.4074
17.3382944	32.297
17.28049878	32.0331
17.2230872	31.4738
17.16605584	30.7961
17.10940093	30.3412
17.05311876	30.0204
16.99720566	29.7082
16.94165801	29.7519
16.88647225	29.9648
16.83167317	30.0539
16.77720046	30.3058
16.72307919	30.8349
16.66930597	31.1737
16.61587747	31.3742
16.56279037	31.6564
16.51004141	31.9062
16.45762737	31.8227
16.40554507	31.8202
16.35379138	31.8302
16.30236319	31.5851
16.25125744	31.1584
16.20047111	30.7258
16.15000121	29.9289
16.0998448	28.8937
16.04999896	27.7472
16.00048641	26.2775
15.95125297	24.1503
15.90232158	21.8137
15.85368947	19.4501
15.80535391	17.0468
15.75731218	14.7688
15.70956162	12.8772
15.6620996	11.3742
15.61492349	10.2824
15.56803074	9.6621
15.52141878	9.3391
15.47508511	9.25
15.42902725	9.261
15.38324273	9.3723
15.33772913	9.498
15.29248405	9.7265
15.24750513	9.9697
15.20279002	10.1767
15.1583364	10.4299
15.114142	10.7112
15.07020455	10.9905
15.02652181	11.3237
14.98309158	11.8657
14.93991168	12.7685
14.89700213	13.1977
14.85431629	14.0107
14.81187438	15.0595
14.76967431	16.038
14.72771402	16.8869
14.68599147	17.4482
14.64450465	17.4477
14.60325156	17.2639
14.56223023	16.967
14.52143873	16.4748
14.48087511	15.9533
14.44053748	15.6738
14.40042395	15.4602
14.36053266	15.2255
14.32086177	15.0693
14.28140946	15.0542
14.24217393	14.9746
14.20315338	14.9279
14.16434607	14.9707
14.12575025	14.9492
14.0873642	14.9101
14.0491862	14.9604
14.01121458	15.0127
13.97344765	15.0029
13.93590321	15.0405
13.89854065	15.1479
13.8613779	15.1799
13.82441336	15.1965
13.78764544	15.2473
13.75107258	15.2832
13.71469324	15.3376
13.67850587	15.4072
13.64250897	15.4138
13.60670103	15.4668
13.57108057	15.5434
13.53564612	15.5761
13.50039624	15.6115
13.46532947	15.7158
13.4304444	15.7834
13.39573962	15.7727
13.36121373	15.8637
13.32686536	15.9592
13.29269314	15.9567
13.25869572	16.0019
13.22487175	16.0957
13.19121992	16.1235
13.15773892	16.1069
13.12442745	16.2155
13.09130135	16.3283
13.05832501	16.3242
13.02551438	16.3974
12.99286821	16.5468
12.96038529	16.5576
12.92806437	16.5444
12.89590426	16.6565
12.86390376	16.7592
12.83206168	16.7697
12.80037684	16.8459
12.7688481	16.9348
12.73747429	16.9357
12.70625427	16.9877
12.67518693	17.1396
12.64427113	17.198
12.61350579	17.2172
12.58290562	17.3171
12.55243781	17.4043
12.52211719	17.4279
12.4919427	17.5185
12.46191328	17.5927
12.43202789	17.6355
12.40228549	17.7138
12.37268507	17.812
12.34322561	17.8635
12.31390609	17.925
12.28472554	18.0114
12.25568296	18.0651
12.22677738	18.1389
12.19800782	18.2702
12.16937334	18.3212
12.14087298	18.3562
12.1125058	18.4782
12.08427087	18.5944
12.05616727	18.6518
12.02819409	18.7797
12.00035041	18.9362
11.97263534	18.9953
11.945048	19.0764
11.9175875	19.2773
11.8902671	19.4006
11.86305761	19.4951
11.83597236	19.7221
11.80901051	19.9392
11.78217122	20.0275
11.75545365	20.2568
11.72885698	20.5532
11.70238038	20.7199
11.67602305	20.9377
11.64978419	21.3095
11.62366299	21.6762
11.59765866	22.0461
11.57177043	22.5505
11.54599752	23.1245
11.52033916	23.6025
11.49479458	24.0724
11.46936304	24.5161
11.44404378	24.8464
11.41883606	25.1103
11.39373914	25.3925
11.3687523	25.5185
11.34387482	25.235
11.31910597	24.3896
11.29444505	22.9243
11.26990406	21.2565
11.24545684	20.1015
11.22111545	19.6357
11.19687921	19.674
11.17274743	19.9672
11.14871946	20.3906
11.12479461	20.8388
11.10097222	21.3076
11.07725165	21.8378
11.05363222	22.3823
11.03011331	22.9579
11.00669427	23.6503
10.98337447	24.4003
10.96015327	25.1952
10.93703005	26.1572
10.9140042	27.3232
10.89107509	28.6728
10.86824213	30.3573
10.8455047	32.3891
10.82286221	34.6327
10.80031407	37.1444
10.77785969	39.9208
10.75549848	42.5077
10.73322986	44.6058
10.71106474	46.2745
10.68897956	47.3475
10.66698525	47.4838
10.64508128	46.849
10.62326708	45.6237
10.6015421	43.9052
10.5799058	42.3012
10.55835763	41.6059
10.53689705	41.8759
10.51552354	42.809
10.49423657	44.328
10.4730356	46.0668
10.45192012	47.524
10.43088962	48.8187
10.40994358	50.0704
10.38908149	51.1053
10.36830285	51.9259
10.34760717	52.7489
10.32699394	53.4501
10.30646267	53.8666
10.28601287	54.1737
10.26564407	54.4569
10.24535578	54.4828
10.22514752	54.3827
10.20502924	54.2999
10.1849796	54.121
10.16500858	53.8495
10.14511574	53.6918
10.12530059	53.4877
10.10556271	53.1395
10.08590162	52.8553
10.0663169	52.5245
10.04680808	51.8983
10.02737473	51.1083
10.00801642	50.2015
9.98873271	49.0033
9.969523168	47.6151
9.950387369	46.3275
9.931324888	45.0223
9.912335307	43.7245
9.893427994	42.6251
9.874582922	41.589
9.855809507	40.4462
9.83710734	39.3595
9.818476015	38.3124
9.799915133	37.1188
9.781424293	35.8593
9.7630031	34.6698
9.744651161	33.3554
9.726368087	31.924
9.70815349	30.5361
9.690006986	29.1054
9.671928196	27.4863
9.653916739	25.8674
9.635972241	24.2626
9.618094328	22.5046
9.600282632	20.6542
9.582536785	18.8398
9.564856422	16.9939
9.547241181	15.1411
9.529690704	13.4853
9.512204634	12.082
9.494782617	10.9599
9.477424301	10.2324
9.460138288	9.9013
9.4429063	9.8012
9.425736975	9.8896
9.408629972	10.1386
9.391584952	10.4135
9.374601579	10.6811
9.35767952	11.0356
9.340818443	11.385
9.324018018	11.6975
9.307277919	12.0591
9.290597822	12.445
9.273977405	12.7929
9.257416348	13.187
9.240914333	13.6533
9.224471046	14.0915
9.208086173	14.5371
9.191759404	15.0879
9.17549043	15.6699
9.159278945	16.2607
9.143124645	16.9672
9.127027227	17.7441
9.110986392	18.489
9.095001842	19.2307
9.079073281	20.02
9.06320863	20.7363
9.04739114	21.4038
9.031628764	22.1796
9.015921215	23.0092
9.000268208	23.8544
8.984669459	24.8134
8.969124685	25.7568
8.953633608	26.4401
8.93819595	26.8451
8.922811435	27.0304
8.907479789	26.8679
8.89220074	26.4482
8.876974017	25.9028
8.861799353	25.132
8.846676481	24.0976
8.831605135	22.9599
8.816585054	21.705
8.801615977	20.2597
8.786697643	18.7294
8.771829795	17.1772
8.757012178	15.5488
8.742244536	13.9443
8.727526619	12.4931
8.712858175	11.2085
8.69824652	10.1552
8.683676252	9.4231
8.669154714	8.9946
8.654681663	8.7827
8.640256858	8.7593
8.625880055	8.8227
8.611551018	8.8813
8.597269507	8.9275
8.583035287	9.0107
8.568848124	9.0888
8.554707784	9.1704
8.540614036	9.3125
8.52656665	9.4697
8.512565398	9.5874
8.498610052	9.7314
8.484700388	9.8894
8.470836182	9.9978
8.45701721	10.1059
8.443243252	10.2392
8.429514089	10.3501
8.415829502	10.4389
8.402189274	10.5505
8.388593191	10.6782
8.375041038	10.7614
8.361539594	10.8579
8.348074642	10.9795
8.334652987	11.0512
8.32127442	11.1133
8.307938734	11.2187
8.294645723	11.2951
8.281395183	11.3374
8.268186911	11.4177
8.255020704	11.4997
8.241896361	11.5393
8.228813685	11.5903
8.215772476	11.6596
8.202772537	11.7092
8.189813674	11.7446
8.176895691	11.8169
8.164018395	11.8674
8.151188239	11.886
8.138391724	11.9526
8.125635323	12.0068
8.11291885	12.0149
8.100242116	12.0595
8.087604937	12.1176
8.075007126	12.1311
8.062448501	12.1594
8.049928879	12.2395
8.037448078	12.2829
8.025005918	12.2932
8.012602221	12.3501
8.000236807	12.3962
7.9879095	12.4072
7.975620124	12.4577
7.963368505	12.521
7.951154468	12.5385
7.938977841	12.5781
7.926838452	12.6501
7.914736131	12.6635
7.902670708	12.665
7.890642014	12.7251
7.878649883	12.7856
7.866694148	12.7988
7.854780812	12.8308
7.842897355	12.8706
7.831049799	12.8857
7.819237984	12.9035
7.807461747	12.9604
7.795720929	12.9799
7.784015369	12.9839
7.772344909	13.0332
7.760709391	13.0749
7.749108659	13.0642
7.737542556	13.0852
7.726010929	13.1247
7.714513623	13.1399
7.703050485	13.1516
7.691621363	13.1919
7.680226106	13.2077
7.668864563	13.2068
7.657536586	13.2568
7.646242025	13.302
7.634980733	13.2944
7.623752563	13.3186
7.61255737	13.3852
7.601395008	13.3943
7.590265333	13.4109
7.579173946	13.4819
7.568109199	13.4807
7.557076711	13.4485
7.546076342	13.4758
7.535107952	13.5073
7.524171401	13.4997
7.51326655	13.5197
7.502393263	13.5617
7.491551403	13.5688
7.480740833	13.5993
7.469961418	13.7126
7.459213023	13.7573
7.448495516	13.6687
7.437808762	13.6567
7.42715263	13.6865
7.416526989	13.6892
7.405931707	13.7256
7.395366655	13.7465
7.384831703	13.7573
7.374326724	13.7817
7.363851589	13.8103
7.353406171	13.8354
7.342990345	13.9087
7.332603984	13.9756
7.322252325	13.8999
7.311924506	13.8806
7.30162578	13.9445
7.291356025	13.9375
7.281115117	13.9731
7.270902937	14.0588
7.260719363	14.018
7.250564275	13.9968
7.240437554	13.9663
7.230339081	13.9846
7.220268738	14.0312
7.210226408	14.1045
7.200211974	14.1311
7.19022532	14.0766
7.18026633	14.0761
7.17033489	14.2148
7.160436013	14.31
7.150559317	14.2736
7.140709829	14.24
7.130887439	14.1718
7.121092034	14.218
7.111323503	14.2229
7.101581735	14.1938
7.091866622	14.237
7.082178053	14.2641
7.07251592	14.2412
7.062880115	14.3071
7.053270531	14.4375
7.04368706	14.55
7.034129597	14.4631
7.024598035	14.458
7.01509227	14.4301
7.005612196	14.3745
6.99615771	14.4663
6.986728709	14.4985
6.977325089	14.4643
6.967946748	14.5051
6.958593585	14.6328
6.949265497	14.5507
6.939962385	14.4826
6.930688952	14.4858
6.921435478	14.4821
6.912206681	14.5517
6.903002461	14.6455
6.893822721	14.6079
6.884667364	14.6281
6.875536292	14.708
6.866429409	14.9387
6.857346618	15.2412
6.848287825	14.9223
6.839252935	14.7172
6.830241852	14.7356
6.821254483	14.8591
6.812290735	14.7744
6.803350514	14.7321
6.794433728	14.906
6.785540285	15.2004
6.776670093	15.02
6.767823062	14.863
6.7589991	14.7971
6.750198118	14.8532
6.741420026	14.8186
6.732664735	14.8252
6.723932156	15.0073
6.715226709	15.2329
6.706539278	15.24
6.697874296	15.0207
6.689231675	14.9804
6.680611329	15.1884
6.672013173	15.2695
6.663437121	15.1718
6.654883087	15.0737
6.646350987	15.1052
6.637840737	15.5254
6.629352253	15.8554
6.620885451	15.4228
6.612440248	15.2534
6.604016563	15.2131
6.595614312	15.3479
6.587233415	15.5051
6.578873789	15.4585
6.570535354	15.79
6.56221803	15.6479
6.553921736	15.5351
6.545646392	15.4602
6.537391921	15.29
6.529158241	15.2583
6.520945276	15.4929
6.512757189	15.4531
6.504585407	15.3483
6.496434107	15.622
6.488303211	16.2343
6.480192643	15.9211
6.472102327	15.624
6.464032186	15.3129
6.455982145	15.2575
6.44795213	15.3737
6.439942066	15.3403
6.431951879	15.4795
6.423981494	15.5546
6.416030838	15.7797
6.408099838	15.7539
6.400188422	15.413
6.392296516	15.3496
6.384424048	15.3151
6.376570948	15.2981
6.368737143	15.5175
6.360922563	15.3601
6.353127136	15.2868
6.345350793	15.4863
6.337593464	15.5029
6.329855078	15.2548
6.322139564	15.1941
6.314438848	15.1955
6.30675687	15.1757
6.29909356	15.1672
6.291448851	15.2172
6.283822676	15.226
6.276214965	15.2136
6.268625654	15.2475
6.261054675	15.2258
6.253501961	15.1743
6.245967447	15.2065
6.238451067	15.2475
6.230952756	15.2077
6.223472449	15.207
6.21601008	15.2675
6.208565585	15.2309
6.201142747	15.1709
6.1937338	15.1931
6.186342535	15.3701
6.178968891	15.3603
6.171612803	15.2046
6.164274209	15.2268
6.156953047	15.3149
6.149649255	15.2055
6.14236277	15.2343
6.135093533	15.2375
6.12784148	15.2671
6.120606552	15.4526
6.113388688	16.0793
6.106187828	16.4336
6.099003911	16.1777
6.091836878	16.0507
6.084686669	15.9577
6.077553226	16.0263
6.070436489	16.4445
6.063336399	16.164
6.056252899	15.9323
6.049185931	16.1367
6.042135436	16.1582
6.035101357	15.7851
6.02808727	15.6081
6.021085843	15.6313
6.01410066	15.7968
6.007131667	15.7358
6.000178805	15.6152
5.99324202	15.7492
5.986321256	16.0041
5.979416457	15.8462
5.972527568	15.7182
5.965654534	15.7646
5.9587973	15.6801
5.951955813	15.7275
5.945130017	15.781
5.938319859	16.0009
5.931525286	16.0878
5.924746243	15.8173
5.917982678	15.7592
5.911234538	15.6865
5.904501769	15.6355
5.89778432	15.8344
5.891082139	16.1887
5.884395172	16.1145
5.87772337	16.0795
5.871066679	15.8964
5.864428488	15.9467
5.85780186	15.915
5.851190191	15.7143
5.84459343	15.6997
5.838011527	15.7309
5.831444431	15.9074
5.824892094	16.1142
5.818354465	16.1125
5.811831494	15.7971
5.805323133	15.6772
5.798829332	15.6811
5.792350043	15.6389
5.785885217	15.6577
5.779434806	15.8022
5.772998761	15.9062
5.766577035	16.0962
5.760169579	16.0363
5.753776347	15.8711
5.747397291	15.9511
5.741032364	15.9206
5.734681519	15.9409
5.728344709	15.9614
5.722021888	16.0432
5.715713009	16.1484
5.709421287	16.0542
5.703140149	15.8669
5.696872816	15.7895
5.690619242	15.8899
5.684379382	15.8466
5.678153192	15.8696
5.671940626	15.958
5.66574164	15.8286
5.659556189	15.7963
5.653384229	15.9116
5.647225716	16.018
5.641080605	16.2395
5.634948854	16.0888
5.628830419	15.9423
5.622725256	15.8754
5.616633323	15.9384
5.610557723	15.9404
5.604492113	15.8769
5.598439603	15.8896
5.592400152	15.8601
5.586373717	15.9106
5.580360257	16.1169
5.574359729	16.1499
5.568372092	16.0222
5.562397304	15.9614
5.556435324	16
5.550486112	16.0568
5.544549625	15.9541
5.538625823	15.8984
5.532714665	15.9257
5.526816112	15.9795
5.520930122	16.0087
5.515056656	15.9714
5.509195674	15.914
5.503347136	15.9238
5.497511002	15.9323
5.491687233	15.9482
5.48587579	15.958
5.480076633	16.039
5.474289725	16.0786
5.468518015	16.0986
5.462755479	16.2009
5.457005076	16.0747
5.451266765	15.9961
5.445540511	15.999
5.439826274	16.0188
5.434124016	16.0185
5.428433701	16.03
5.422755291	16.1806
5.417088748	16.2282
5.411434035	16.1123
5.405791116	16.0219
5.400159953	15.9853
5.394540509	15.9975
5.388932749	15.9831
5.383336635	15.9975
5.377752132	16.0166
5.372179203	16.0051
5.366617813	15.9985
5.361067925	16.0275
5.355529504	16.1445
5.350002515	16.2744
5.344486921	16.1491
5.338982689	16.0249
5.333492627	15.9863
5.328011006	15.9921
5.32254064	16.0112
5.317081497	15.9987
5.31163354	15.9946
5.306196736	16.0263
5.30077105	16.0234
5.295356449	16.0361
5.289952898	16.1098
5.284560364	16.0607
5.279178813	16.0478
5.273808212	16.071
5.268448526	16.0322
5.263099724	15.998
5.257761771	15.9961
5.252434635	16.0207
5.247118283	16.0366
5.241812682	16.0532
5.236517799	16.1069
5.231233603	16.0878
5.225960061	16.019
5.220697141	15.9997
5.21544481	16.0727
5.210203036	16.1267
5.204974498	16.0742
5.19975374	16.1381
5.194543444	16.0932
5.189343579	16.0207
5.184154115	16.0139
5.178975019	16.021
5.173806261	16.0249
5.168647809	16.0273
5.163499634	16.0378
5.158361704	16.0263
5.153233989	16.0275
5.148116459	16.1162
5.143009082	16.1215
5.137911829	16.0642
5.13282467	16.0507
5.127747575	16.0283
5.122680514	16.018
5.117623458	16.0268
5.112576376	16.0564
5.107539239	16.0317
5.102512018	16.0161
5.097494683	16.0363
5.092487206	16.038
5.087489558	16.0376
5.082504292	16.0932
5.077526209	16.0742
5.072557868	16.0229
5.06759924	16.0175
5.062650297	16.0327
5.057711011	16.0175
5.052781354	16.0007
5.047861297	16.0158
5.042950812	16.0205
5.038049872	16.0048
5.033158448	16.0334
5.028276513	16.0642
5.023404039	16.0439
5.018541	16.0793
5.013687367	16.0683
5.008843113	16.0109
5.004010715	16.0131
4.999185133	16.0368
4.994368849	16.0373
4.989561837	16.0114
4.984764069	16.0178
4.979975518	16.0346
4.97519616	16.0307
4.970425966	16.0263
4.96566491	16.04
4.960912967	16.0385
4.95617011	16.0651
4.951436313	16.0546
4.94671155	16.0288
4.941995795	16.0188
4.937289023	16.029
4.932591209	16.0341
4.927902325	16.0158
4.923222347	16.0107
4.918551251	16.0334
4.913889009	16.0302
4.909235598	16.0332
4.904590991	16.0522
4.899955165	16.0632
4.895328095	16.059
4.890712146	16.0571
4.886102507	16.0512
4.88150155	16.0463
4.876909249	16.0554
4.87232558	16.0683
4.86775052	16.0612
4.863184043	16.0478
4.858626126	16.0515
4.854076745	16.0666
4.849535875	16.0615
4.845003493	16.0888
4.840479575	16.1137
4.835964098	16.0898
4.831457037	16.0783
4.826958369	16.0776
4.822468072	16.0722
4.81798612	16.0854
4.813512492	16.1079
4.809047164	16.1147
4.804590113	16.0893
4.800141316	16.0854
4.79570075	16.0966
4.791268392	16.101
4.78684422	16.1157
4.782430498	16.1369
4.778022625	16.1323
4.773622869	16.1264
4.769231209	16.1333
4.764847623	16.1474
4.760472086	16.1464
4.756104579	16.1533
4.751745078	16.1523
4.747393562	16.1467
4.743050009	16.1491
4.738714396	16.1728
4.734386703	16.1621
4.730066907	16.1489
4.725754987	16.1652
4.721450921	16.1779
4.717154688	16.1626
4.712866266	16.1743
4.708585635	16.1967
4.704312773	16.2045
4.700047658	16.2048
4.695790271	16.2099
4.691540589	16.2065
4.687298593	16.195
4.68306426	16.2036
4.67883976	16.2153
4.67462069	16.2124
4.670409221	16.2182
4.666205334	16.2158
4.662009009	16.2163
4.657820224	16.2375
4.65363896	16.2644
4.649465195	16.2627
4.645298911	16.2634
4.641140087	16.2797
4.636988702	16.2912
4.632844738	16.2714
4.628708174	16.2795
4.62457899	16.2924
4.620457167	16.2871
4.616342684	16.2949
4.612235523	16.3037
4.608135664	16.2961
4.604043086	16.2961
4.599957772	16.3098
4.595879702	16.3154
4.591808856	16.3046
4.587745215	16.3176
4.58368876	16.3198
4.57964157	16.3081
4.575599426	16.3051
4.571564412	16.3247
4.567536508	16.33
4.563515696	16.3286
4.559501956	16.3374
4.555495271	16.3415
4.551495621	16.3281
4.547502989	16.3435
4.543517355	16.3637
4.539538701	16.3566
4.535567009	16.3559
4.531602261	16.3708
4.527644439	16.3671
4.523693523	16.373
4.519749497	16.3803
4.515814382	16.3852
4.511884077	16.3696
4.507960608	16.3718
4.504043956	16.3698
4.500134104	16.3637
4.496231034	16.3776
4.492334729	16.392
4.488445171	16.3825
4.484562343	16.3894
4.480686226	16.4013
4.476816804	16.3979
4.47295406	16.3911
4.469097975	16.4091
4.465248534	16.4206
4.461405718	16.4223
4.45756951	16.4184
4.453739894	16.4289
4.449916853	16.4267
4.44610037	16.424
4.442290427	16.4375
4.438487009	16.4462
4.434690097	16.4455
4.430899676	16.4592
4.42711573	16.4658
4.423340197	16.4707
4.419569145	16.4731
4.415804518	16.4878
4.412046298	16.4909
4.408294471	16.4819
4.404549018	16.4873
4.400809925	16.4912
4.397077175	16.4848
4.393350752	16.4956
4.389630639	16.4992
4.385916821	16.4919
4.382209282	16.4836
4.378508006	16.4907
4.374812977	16.5014
4.371124179	16.5097
4.367441596	16.5302
4.363765214	16.5473
4.360095015	16.5507
4.356430985	16.5732
4.352773108	16.5976
4.349121369	16.6049
4.345475751	16.6137
4.341836241	16.6445
4.338202821	16.6704
4.334577357	16.7002
4.330956072	16.7399
4.327340832	16.7802
4.323731623	16.7863
4.320128429	16.8212
4.316531235	16.8576
4.312940028	16.9003
4.30935479	16.9697
4.305775509	17.0488
4.302202168	17.1167
4.298634754	17.1748
4.29507325	17.2294
4.291517644	17.2734
4.287967919	17.3012
4.284424062	17.3442
4.280886058	17.3598
4.277353892	17.3691
4.27382755	17.3759
4.270307018	17.4306
4.266792281	17.4404
4.263283325	17.3857
4.259780136	17.1975
4.256282699	17.0549
4.252791	17.1252
4.249306832	17.3715
4.245826565	17.5805
4.242351994	17.7363
4.238883105	17.8457
4.235419885	17.9218
4.231962319	17.8769
4.228510393	17.7954
4.225064094	17.6728
4.221623408	17.5644
4.218188322	17.3984
4.214758821	17.2509
4.211334892	17.0927
4.207916522	16.9555
4.204503696	16.8537
4.201096402	16.7775
4.197694626	16.6894
4.194300114	16.6276
4.190909331	16.5959
4.187524026	16.5795
4.184144186	16.5659
4.180769797	16.5737
4.177400846	16.5786
4.174037321	16.5864
4.170679208	16.5893
4.167326493	16.5893
4.163979165	16.5903
4.16063721	16.5922
4.157300615	16.5986
4.153969367	16.6066
4.150643454	16.5976
4.147322862	16.6025
4.144007579	16.6084
4.140697592	16.6145
4.137392888	16.6259
4.134093455	16.6391
4.130799281	16.6352
4.127510352	16.6235
4.124226656	16.6369
4.120948181	16.6611
4.117674914	16.6528
4.114408535	16.646
4.111145645	16.646
4.107887925	16.6367
4.104635365	16.644
4.101387951	16.6586
4.098145671	16.6601
4.094908514	16.664
4.091676466	16.664
4.088449517	16.6655
4.085227653	16.6562
4.082010864	16.6518
4.078799136	16.6591
4.075592459	16.6669
4.072390819	16.6748
4.069194206	16.6938
4.066002607	16.6982
4.062816011	16.6919
4.059634406	16.6914
4.056457779	16.7045
4.053286121	16.7065
4.050119418	16.7089
4.046957659	16.7094
4.043800833	16.7085
4.040648928	16.7124
4.037503563	16.7297
4.034361463	16.7236
4.031224251	16.7221
4.028091913	16.726
4.024964439	16.7426
4.021841819	16.7451
4.018724039	16.7431
4.01561109	16.749
4.012502959	16.7544
4.009399637	16.7544
4.00630111	16.767
4.00320737	16.7651
4.000118404	16.7592
3.997034201	16.7651
3.99395475	16.767
3.990880041	16.7666
3.987810062	16.7744
3.984744803	16.7778
3.981684252	16.7807
3.9786284	16.7771
3.975577234	16.7988
3.972530744	16.8125
3.96948892	16.809
3.966451751	16.8076
3.963420797	16.8059
3.960392903	16.7981
3.957369631	16.8125
3.954350972	16.8283
3.951336915	16.8374
3.948327449	16.8359
3.945322564	16.8432
3.942322249	16.8432
3.939326493	16.8383
3.936335288	16.8393
3.933348621	16.8457
3.930366483	16.833
3.927388864	16.833
3.924415753	16.8408
3.921447139	16.8442
3.918483014	16.8388
3.915523366	16.8437
3.912568186	16.8461
3.909617463	16.8483
3.906671188	16.8501
3.90372935	16.8569
3.900791939	16.8579
3.897858945	16.8588
3.894930359	16.8637
3.892007684	16.8701
3.889087881	16.8613
3.886172454	16.8637
3.883261396	16.8676
3.880354695	16.854
3.877452343	16.8486
3.874554329	16.8593
3.871660644	16.854
3.868771278	16.8559
3.865886222	16.8669
3.863005465	16.8725
3.860128998	16.8627
3.857256812	16.872
3.854388896	16.8681
3.851525243	16.8581
3.848665841	16.8574
3.845812161	16.8662
3.842961232	16.8654
3.840114528	16.863
3.837272037	16.8711
3.834433752	16.8732
3.831599662	16.8681
3.828769759	16.8647
3.825944033	16.8623
3.823122474	16.853
3.820305074	16.8598
3.817491824	16.8737
3.814682714	16.8662
3.811877735	16.8689
3.809076878	16.8776
3.806280134	16.8701
3.803487494	16.8608
3.800698949	16.8667
3.797914489	16.8642
3.795134107	16.8579
3.792357792	16.8559
3.789585537	16.8681
3.786817332	16.8569
3.784053167	16.8515
3.781293036	16.8608
3.778538356	16.8596
3.77578626	16.851
3.773038171	16.8588
3.770294079	16.864
3.767553976	16.8584
3.764817852	16.8496
3.7620857	16.8588
3.759357511	16.8596
3.756633275	16.8715
3.753912985	16.8779
3.751196632	16.8735
3.748484207	16.8676
3.745775701	16.8691
3.743071107	16.8588
3.740370416	16.8457
3.73767362	16.8501
3.734980709	16.8557
3.732291676	16.8466
3.729606512	16.8457
3.726925208	16.8452
3.724247758	16.8422
3.721574151	16.8393
3.718904381	16.854
3.716238438	16.8515
3.713577694	16.8481
3.71091938	16.8515
3.708264869	16.854
3.705614154	16.8383
3.702967225	16.8403
3.700324074	16.8388
3.697684695	16.8349
3.695049078	16.833
3.692417215	16.8469
3.689789099	16.8427
3.687164722	16.831
3.684544075	16.8427
3.68192715	16.853
3.67931394	16.8466
3.676704437	16.8466
3.674098633	16.8422
3.67149652	16.8481
3.66889809	16.8457
3.666303336	16.8457
3.663712249	16.8408
3.661124822	16.8388
3.658541047	16.8486
3.655960916	16.8593
3.653384422	16.8442
3.65081289	16.8403
3.648243644	16.8349
3.645678012	16.8393
3.643115986	16.8452
3.640557559	16.854
3.638002722	16.8481
3.635451469	16.8454
3.632903791	16.8466
3.630359682	16.8503
3.627819133	16.8354
3.625282138	16.8454
3.622748688	16.8544
3.620218777	16.8603
3.617692397	16.8559
3.615169541	16.8486
3.6126502	16.8501
3.610135673	16.8608
3.607623341	16.8388
3.605114504	16.8374
3.602609154	16.8457
3.600107283	16.8383
3.597608885	16.8281
3.595113953	16.8295
3.592622478	16.8422
3.590134454	16.8476
3.587649874	16.8425
3.585168731	16.8427
3.582691017	16.8418
3.580216725	16.8584
3.577745848	16.8613
3.57527838	16.8584
3.572814313	16.8598
3.57035364	16.8671
3.567896354	16.872
3.565442448	16.8735
3.562991916	16.8667
3.560544749	16.8549
3.558100942	16.8535
3.555660487	16.8647
3.553223378	16.8549
3.550790868	16.8569
3.548360427	16.8671
3.545933311	16.8803
3.543509513	16.8662
3.541089027	16.8754
3.538671844	16.8845
3.53625796	16.8813
3.533847367	16.8837
3.531440058	16.8754
3.529036026	16.8498
3.526635266	16.8667
3.524237769	16.8693
3.52184353	16.8645
3.519452542	16.8674
3.517064798	16.8896
3.514680292	16.8859
3.512299017	16.8706
3.509920967	16.8862
3.507546135	16.8833
3.505174514	16.8588
3.502806098	16.8679
3.500440881	16.8757
3.498078855	16.8735
3.495720015	16.874
3.493365575	16.8757
3.491013085	16.8659
3.488663762	16.872
3.486317598	16.8752
3.483974588	16.8759
3.481634725	16.8684
3.479298003	16.8706
3.476964415	16.8686
3.474633956	16.8684
3.472306619	16.8732
3.469982397	16.8864
3.467661284	16.8828
3.465343275	16.8803
3.463028363	16.8718
3.460716541	16.8745
3.458407804	16.8676
3.456102146	16.8693
3.453799559	16.872
3.451500039	16.8796
3.449203579	16.873
3.446910172	16.8669
3.444619814	16.8627
3.442332497	16.8681
3.440048216	16.8645
3.437768146	16.8686
3.435489916	16.8549
3.433214704	16.842
3.430942504	16.8654
3.428673309	16.8791
3.426407114	16.8772
3.424143913	16.8884
3.421883699	16.8742
3.419626467	16.874
3.417372212	16.8569
3.415120926	16.844
3.412872605	16.8466
3.410627242	16.8466
3.408384831	16.841
3.406145367	16.8391
3.403908845	16.8327
3.401675257	16.8357
3.399444599	16.822
3.397216864	16.8078
3.394992047	16.8088
3.392770143	16.8093
3.390551144	16.7978
3.388335047	16.8044
3.386121844	16.81
3.383912676	16.8134
3.381705245	16.8203
3.379500692	16.8132
3.377299012	16.7832
3.375100198	16.7898
3.372904246	16.8217
3.370711149	16.8154
3.368520903	16.7985
3.366333501	16.7983
3.364148938	16.7976
3.361967208	16.7895
3.359788306	16.7817
3.357612227	16.7863
3.355438965	16.7793
3.353268515	16.7861
3.35110087	16.7832
3.348937148	16.7646
3.346775098	16.7614
3.344615837	16.7644
3.342459362	16.75
3.340305665	16.7597
3.338154741	16.759
3.336006587	16.7558
3.333861195	16.758
3.33171856	16.7495
3.329578678	16.7412
3.327441544	16.7451
3.32530715	16.748
3.323175494	16.7463
3.321046568	16.7492
3.318920368	16.7553
3.31679689	16.7475
3.314676126	16.7441
3.312558073	16.7304
3.310442725	16.7221
3.308330077	16.7168
3.306220124	16.7248
3.304112861	16.7297
3.302008281	16.7299
3.299906382	16.7375
3.297808244	16.7578
3.295711686	16.7473
3.293617792	16.7502
3.291526557	16.7395
3.289437976	16.7141
3.287352045	16.7085
3.285268756	16.7177
3.283188107	16.7058
3.281110091	16.7102
3.279034705	16.7263
3.276961942	16.7238
3.274891798	16.7211
3.272824267	16.7287
3.270759346	16.7348
3.268697029	16.7224
3.26663731	16.7082
3.264580186	16.7131
3.262525652	16.7219
3.260473701	16.7265
3.25842433	16.7231
3.256377534	16.7148
3.254333308	16.7109
3.252291646	16.716
3.250252545	16.7121
3.248217054	16.7131
3.246183057	16.7265
3.244151606	16.7241
3.242122696	16.6967
3.240096322	16.7053
3.238072479	16.7216
3.236051163	16.7165
3.234032369	16.7094
3.232016093	16.7314
3.230002329	16.7561
3.227991073	16.7329
3.22598232	16.716
3.223976065	16.7436
3.221972305	16.7412
3.219971033	16.7375
3.217972246	16.7304
3.215975939	16.7207
3.213982108	16.7202
3.211990747	16.7373
3.210001852	16.7421
3.208015419	16.7353
3.206031443	16.7363
3.204049919	16.7504
3.202070843	16.7482
3.200095235	16.7421
3.19812104	16.7304
3.196149279	16.7348
3.194179949	16.7246
3.192213043	16.7421
3.190248559	16.7307
3.18828649	16.7299
3.186326834	16.7346
3.184369586	16.7248
3.18241474	16.7251
3.180462293	16.7363
3.17851224	16.7251
3.176564577	16.7199
3.1746193	16.717
3.172676403	16.7158
3.170735883	16.7141
3.168797736	16.7168
3.166861956	16.718
3.164928541	16.7302
3.162997484	16.7268
3.161068783	16.727
3.159142432	16.728
3.157218427	16.7375
3.155296765	16.7421
3.153378435	16.749
3.151461443	16.7277
3.14954678	16.75
3.147634443	16.7651
3.145724426	16.7802
3.143816726	16.7583
3.141911338	16.7675
3.140008258	16.7805
3.138107483	16.7736
3.136209007	16.7482
3.134312827	16.7456
3.132418938	16.7622
3.130527337	16.7756
3.128638019	16.7866
3.126750981	16.8105
3.124866217	16.7783
3.122984699	16.7522
3.121104471	16.7602
3.119226507	16.7788
3.1173508	16.7719
3.115477349	16.7988
3.113606148	16.7912
3.111737193	16.7812
3.10987048	16.7736
3.108006006	16.7768
3.106143766	16.7893
3.104283756	16.7951
3.102425973	16.7944
3.100570412	16.7832
3.098717069	16.7583
3.096865941	16.7561
3.095017023	16.7727
3.093170311	16.7807
3.091325802	16.7815
3.089483491	16.8027
3.087643375	16.7944
3.085805449	16.7949
3.08396971	16.791
3.082136155	16.8264
3.080304778	16.8574
3.078476524	16.8413
3.076649492	16.8264
3.074824627	16.8271
3.073001926	16.8273
3.071181385	16.809
3.069363	16.8205
3.067546766	16.8427
3.065732681	16.833
3.06392074	16.8012
3.06211094	16.801
3.060303276	16.7922
3.058497745	16.7883
3.056694344	16.8117
3.054893068	16.8359
3.053093914	16.8457
3.051296877	16.831
3.049501955	16.8183
3.047709144	16.8222
3.045918439	16.8352
3.044129837	16.8276
3.042343335	16.8205
3.040558928	16.8234
3.038776613	16.8313
3.036996386	16.8271
3.035219166	16.8295
3.033443104	16.8254
3.031669119	16.8354
3.029897208	16.8166
3.028127367	16.8391
3.026359592	16.8354
3.02459388	16.8127
3.022830228	16.8212
3.021068631	16.8452
3.019309085	16.8413
3.017551589	16.841
3.015796137	16.8193
3.014042726	16.8203
3.012291354	16.8291
3.010542015	16.842
3.008794707	16.842
3.007049426	16.8559
3.005306169	16.8515
3.003564931	16.8603
3.00182571	16.8613
3.000088503	16.8657
2.998353304	16.8569
2.996620112	16.8623
2.994888923	16.8647
2.993160628	16.8515
2.991433432	16.8496
2.989708228	16.8652
2.987985013	16.8627
2.986263784	16.8544
2.984544536	16.841
2.982827267	16.8674
2.981111973	16.885
2.97939865	16.9025
2.977687296	16.9084
2.975977906	16.9221
2.974270478	16.936
2.972565009	16.9387
2.970861493	16.9502
2.96915993	16.9482
2.967460314	16.9094
2.965763522	16.9213
2.964067792	16.9182
2.962373999	16.935
2.960682141	16.925
2.958992215	16.9182
2.957304216	16.9438
2.955618142	16.9785
2.95393399	16.9804
2.952251756	16.9602
2.950571437	16.9426
2.94889303	16.9553
2.947216531	16.9982
2.945541937	16.9973
2.943869245	16.9953
2.942198452	17.0175
2.940529554	17.0022
2.938862549	16.9992
2.937197432	16.9873
2.935534201	17.0034
2.933872853	17.0246
2.932213384	17.0322
2.930555792	17.0283
2.928900072	17.0283
2.927246222	17.0483
2.925595095	17.0717
2.923944975	17.0991
2.922296715	17.1396
2.920650312	17.1193
2.919005763	17.0949
2.917363066	17.0839
2.915722216	17.094
2.91408321	17.1074
2.912446047	17.1323
2.910810722	17.1242
2.909177232	17.1438
2.907545575	17.1586
2.905915747	17.1743
2.904287745	17.1955
2.902661566	17.1984
2.901037208	17.259
2.899414666	17.2343
2.897793938	17.1176
2.896175022	17.1152
2.894557913	17.1259
2.892942609	17.1318
2.891329106	17.1076
2.889717403	17.1113
2.888107495	17.1447
2.886500214	17.122
2.884893888	17.0969
2.883289349	17.1005
2.881686594	17.0617
2.880085619	17.0546
2.878486423	17.049
2.876889001	17.0451
2.875293352	17.0141
2.873699471	17.0178
2.872107357	17.0717
2.870517006	17.0878
2.868928415	16.9953
2.867341582	17.0097
2.865756502	17.0214
2.864173175	16.9589
2.862591596	16.9086
2.861011762	16.955
2.859433672	16.9746
2.857857321	16.9045
2.856282708	16.8857
2.854709829	16.9936
2.853138681	16.9931
2.851569261	16.8752
2.850001568	16.873
2.848436408	16.9106
2.846872156	16.8115
2.845309621	16.7919
2.8437488	16.7841
2.842189691	16.802
2.840632291	16.8086
2.839076596	16.8369
2.837522604	16.913
2.835970313	16.8901
2.834419719	16.9106
2.83287082	16.8515
2.831323613	16.7241
2.829778094	16.6447
2.828234263	16.643
2.826692114	16.6899
2.825151647	16.6389
2.823612858	16.6193
2.822075744	16.6782
2.820540303	16.8169
2.819006531	16.768
2.817474427	16.6142
2.815943987	16.538
2.81441521	16.6333
2.812888091	16.5322
2.811363418	16.4257
2.809839609	16.4257
2.80831745	16.4785
2.806796939	16.5087
2.805278075	16.5786
2.803760853	16.8169
2.802245271	16.9013
2.800731327	16.5102
2.799219018	16.351
2.797708341	16.3481
2.796199294	16.3847
2.794691874	16.3603
2.793186078	16.3481
2.791681905	16.2773
2.79017935	16.288
2.788678412	16.3715
2.787179865	16.6919
2.785682151	16.5429
2.784186046	16.2431
2.782691547	16.288
2.781198652	16.4179
2.779707358	16.3711
2.778217662	16.3408
2.776729562	16.3457
2.775243056	16.2373
2.77375814	16.0991
2.772274812	16.2099
2.77079307	16.3906
2.769312911	16.2587
2.767834333	16.2446
2.766357333	16.352
2.764881908	16.1762
2.763408056	16.2812
2.761935774	16.3632
2.760465061	16.04
2.758995913	15.8344
2.757528328	15.8847
2.756062304	16.1923
2.754597837	16.582
2.753134926	15.9887
2.751674325	15.8754
2.750214517	15.789
2.748756257	15.7192
2.747299542	15.7168
2.74584437	15.7011
2.74439074	15.7446
2.742938647	15.7871
2.741488091	16.2734
2.740039067	16.9228
2.738591575	16.5839
2.737145611	15.9316
2.735701174	15.7832
2.73425826	15.9516
2.732816867	15.7778
2.731376994	15.7236
2.729938636	15.7255
2.728501793	15.708
2.727066462	15.7187
2.72563264	15.9824
2.724200325	16.6132
2.722769514	16.2402
2.721340206	16.1543
2.719912397	16.875
2.718486086	16.3169
2.717062008	16.0859
2.715638684	15.8691
2.714216851	15.8457
2.712796505	15.916
2.711377646	16.1914
2.709960269	16.6816
2.708544374	16.4326
2.707129958	16.081
2.705717018	15.9716
2.704305552	15.9829
2.702895558	15.9521
2.701487034	16.1093
2.700079976	16.1406
2.698674384	15.9736
2.697270255	15.9541
2.695867585	16.1777
2.694466374	16.7089
2.693066619	16.5878
2.691668318	16.163
2.690271467	15.9868
2.688876066	16.0732
2.687482111	16.164
2.686089602	16.3144
2.684698534	16.3652
2.683309626	16.4218
2.681921436	16.2382
2.680534681	16.104
2.679149359	16.4336
2.677765469	16.7753
2.676383008	17.1025
2.675001973	16.6738
2.673622363	16.3613
2.672244175	16.3461
2.670867407	16.4853
2.669492057	16.8916
2.668118123	16.5429
2.666745602	16.915
2.665374493	17.4668
2.664004793	16.7851
2.6626365	16.2602
2.66127032	16.2421
2.659904834	16.3896
2.658540748	16.3554
2.657178061	16.1298
2.65581677	16.2016
2.654456873	16.2558
2.653098368	16.2226
2.651741253	16.3227
2.650385525	16.1191
2.649031183	16.0332
2.647678224	16.0405
2.646326647	16.1762
2.644976449	16.3613
2.643627628	16.1377
2.642280182	16.1816
2.640934109	16.2275
2.639589407	16.0771
2.638246073	16.0478
2.636904106	16.0849
2.635563503	16.0878
2.634224263	16.2226
2.632886383	16.4008
2.631549862	16.4184
2.630214697	16.9687
2.628881577	16.6796
2.627549117	16.3066
2.626218007	16.5644
2.624888245	16.3071
2.62355983	16.1308
2.622232758	16.1406
2.620907028	16.3984
2.619582638	16.6738
2.618259585	16.4189
2.616937869	16.7392
2.615617486	16.6992
2.614298435	16.375
2.612980713	16.4458
2.61166432	16.3242
2.610349252	16.2661
2.609035507	16.3911
2.607723085	16.4199
2.606411982	16.6455
2.605102197	16.9462
2.603793727	16.9228
2.602486572	16.5839
2.601180728	16.479
2.599876194	16.248
2.598572968	16.1054
2.597271722	16.2778
2.595971105	16.6054
2.59467179	17.5253
2.593373774	16.8593
2.592077057	16.4711
2.590781636	16.2348
2.589487509	16.3071
2.588194675	16.5546
2.58690313	16.7011
2.585612874	16.4165
2.584323905	16.4668
2.58303622	16.7558
2.581749817	16.4472
2.580464695	16.5068
2.579180852	16.2695
2.577898286	16.208
2.576616995	16.5195
2.575336976	16.4848
2.574058229	16.4433
2.572780751	16.5566
2.571504541	16.2211
2.570229596	16.2661
2.568955915	16.6142
2.567683495	16.3813
2.566412994	16.1977
2.565143091	16.3164
2.563874445	16.5273
2.562607053	16.5253
2.561340913	16.6738
2.560076024	16.6328
2.558812384	16.2832
2.55754999	16.1425
2.556288841	16.1704
2.555028936	16.1523
2.553770272	16.1757
2.552512847	16.3501
2.55125666	16.3403
2.550001709	16.2666
2.548747991	16.2309
2.547495506	16.3476
2.546244252	16.2724
2.544994225	16.2114
2.543745426	16.3129
2.542497852	16.3715
2.5412515	16.27
2.54000637	16.1508
2.53876246	16.1679
2.537519767	16.1836
2.536278934	16.3051
2.535038671	16.3364
2.53379962	16.2446
2.53256178	16.2973
2.531325149	16.3271
2.530089725	16.2412
2.528855506	16.2075
2.52762249	16.2285
2.526390677	16.2368
2.525160064	16.206
2.523930648	16.2168
2.52270243	16.2011
2.521475406	16.1933
2.520249575	16.2353
2.519024936	16.2402
2.517801486	16.2387
2.516579857	16.27
2.515358781	16.2461
2.514138889	16.2177
2.512920179	16.1933
2.511702651	16.2324
2.510486301	16.268
2.50927113	16.2519
2.508057134	16.2021
2.506844312	16.1977
2.505632662	16.2265
2.504422183	16.2539
2.503212874	16.2714
2.502004731	16.2509
2.500797754	16.1943
2.499591942	16.1709
2.498387291	16.1821
2.497183801	16.2138
2.49598147	16.2485
2.494780296	16.2973
2.493580278	16.2783
2.492381413	16.2148
2.491183701	16.1977
2.489987139	16.2016
2.488791726	16.2114
2.48759808	16.2324
2.486404959	16.2348
2.485212983	16.2373
2.484022149	16.2519
2.482832455	16.2392
2.4816439	16.2329
2.480456483	16.2251
2.479270202	16.2133
2.478085055	16.2446
2.47690104	16.2426
2.475718156	16.2441
2.474536402	16.205
2.473355775	16.2421
2.472176274	16.2524
2.470997898	16.1997
2.469820644	16.1958
2.468644512	16.2089
2.467469499	16.2119
2.466295604	16.2485
2.465122826	16.2714
2.463951163	16.2656
2.462780612	16.2529
2.461611174	16.2763
2.460442845	16.2812
2.45927623	16.247
2.458110116	16.2226
2.456945108	16.2348
2.455781204	16.2421
2.454618401	16.2363
2.4534567	16.2343
2.452296097	16.2387
2.451136592	16.2192
2.449978183	16.207
2.448820868	16.206
2.447664646	16.2524
2.446509516	16.2998
2.445355475	16.2876
2.444202523	16.2387
2.443050657	16.2329
2.441899876	16.2548
2.440750179	16.2578
2.439601564	16.2617
2.43845403	16.2578
2.437307575	16.2314
2.436162197	16.2744
2.435017895	16.2968
2.433874668	16.2876
2.432732513	16.2661
2.431592022	16.2973
2.430452008	16.2661
2.429313063	16.2836
2.428175185	16.2773
2.427038372	16.2695
2.425902624	16.2368
2.424767938	16.2368
2.423634312	16.2519
2.422501747	16.2773
2.421370239	16.2856
2.420239788	16.3344
2.419110392	16.3339
2.417982049	16.3364
2.416854758	16.3007
2.415728518	16.3134
2.414603328	16.3383
2.413479185	16.3125
2.412356088	16.2832
2.411234036	16.291
2.410113027	16.3286
2.40899306	16.3129
2.407874134	16.2895
2.406756246	16.3183
2.405639396	16.3071
2.40452416	16.331
2.40340938	16.3476
2.402295634	16.3325
2.401182919	16.3286
2.400071234	16.3852
2.398960578	16.3833
2.39785095	16.3808
2.396742348	16.3574
2.39563477	16.3222
2.394528216	16.3149
2.393422683	16.3281
2.392318171	16.331
2.391214677	16.3261
2.390112201	16.3476
2.389010742	16.3671
2.387910297	16.3676
2.386811435	16.3671
2.385713014	16.3715
2.384615605	16.3398
2.383519204	16.3051
2.382423811	16.3603
2.381329425	16.3891
2.380236043	16.3789
2.379143665	16.3916
2.37805229	16.3847
2.376961915	16.3735
2.375872539	16.4126
2.374784162	16.4106
2.373696781	16.3774
2.372610396	16.4082
2.371525004	16.4301
2.370440606	16.3657
2.369357198	16.3891
2.368274781	16.3984
2.367193351	16.4336
2.366112909	16.4492
2.365033453	16.4653
2.363954982	16.4633
2.362877493	16.4536
2.361800987	16.4336
2.360726018	16.4492
2.35965147	16.4296
2.3585779	16.4668
2.357505307	16.4511
2.356433688	16.4785
2.355363044	16.4829
2.354293372	16.4804
2.353224671	16.4707
2.35215694	16.4726
2.351090177	16.4912
2.350024382	16.497
2.348959552	16.4912
2.347895687	16.5263
2.346832785	16.541
2.345770845	16.5205
2.344709866	16.5322
2.343649846	16.5478
2.342590784	16.5048
2.341532678	16.4892
2.340475528	16.5351
2.339419333	16.5625
2.33836409	16.5459
2.337309798	16.5761
2.336256457	16.6005
2.335204611	16.5966
2.334153166	16.5947
2.333102667	16.6113
2.332053114	16.5625
2.331004504	16.5459
2.329956838	16.5654
2.328910112	16.582
2.327864326	16.6044
2.32681948	16.6337
2.325775571	16.6191
2.324732598	16.6064
2.32369056	16.5664
2.322649456	16.5878
2.321609284	16.6425
2.320570043	16.6875
2.319531733	16.6894
2.318494351	16.6582
2.317457897	16.6269
2.316422369	16.6689
2.315387766	16.663
2.314354087	16.6318
2.31332133	16.6162
2.312289495	16.6679
2.31125858	16.6601
2.310229117	16.6367
2.309200038	16.6748
2.308171875	16.6845
2.307144627	16.6425
2.306118293	16.6533
2.305092872	16.6416
2.304068363	16.6543
2.303044763	16.6367
2.302022073	16.6318
2.301000291	16.6191
2.299979415	16.6552
2.298959445	16.6503
2.297940379	16.666
2.296922216	16.6181
2.295904955	16.5869
2.294888595	16.625
2.29387366	16.707
2.292859097	16.7461
2.291845431	16.7431
2.29083266	16.6953
2.289820785	16.6796
2.288809803	16.665
2.287799713	16.6953
2.286790515	16.7353
2.285782206	16.748
2.284774786	16.7207
2.283768254	16.706
2.282762608	16.6953
2.281757848	16.6757
2.280753972	16.666
2.279750978	16.6875
2.278748867	16.706
2.277747636	16.7119
2.276747284	16.7002
2.275747811	16.6757
2.274749215	16.6621
2.273751494	16.7187
2.272754649	16.7451
2.271758677	16.7334
2.270763578	16.7519
2.269769866	16.7421
2.268776508	16.7324
2.267784019	16.789
2.266792398	16.8056
2.265801644	16.7793
2.264811756	16.7128
2.263822732	16.7246
2.262834571	16.6738
2.261847273	16.6767
2.260860836	16.708
2.259875259	16.7021
2.258890541	16.7519
2.257906681	16.7275
2.256923678	16.6787
2.25594153	16.7392
2.254960236	16.7461
2.253979796	16.7168
2.253000208	16.7294
2.252021471	16.7568
2.251043584	16.7627
2.250066546	16.7617
2.249090355	16.7793
2.248115012	16.7949
2.247140514	16.8164
2.246167365	16.8388
2.245194554	16.7627
2.244222586	16.6865
2.243251458	16.7392
2.242281171	16.7998
2.241311723	16.7968
2.240343113	16.7998
2.23937534	16.7812
2.238408402	16.7666
2.237442299	16.7402
2.23647703	16.7617
2.235512593	16.7656
2.234548988	16.7753
2.233586213	16.8339
2.232624267	16.8378
2.231663149	16.7558
2.230702859	16.7783
2.229743394	16.7793
2.228784755	16.7666
2.22782694	16.8144
2.226869947	16.872
2.225913777	16.832
2.224958427	16.8173
2.224003896	16.8525
2.223050679	16.8711
2.222097785	16.8027
2.221145707	16.7978
2.220194445	16.8066
2.219243997	16.7705
2.218294362	16.7597
2.21734554	16.7929
2.21639753	16.7539
2.215450329	16.7656
2.214503938	16.8203
2.213558355	16.8808
2.212613579	16.8711
2.211669609	16.9121
2.210726445	16.8847
2.209784084	16.7949
2.208842527	16.8437
2.207901771	16.9541
2.206961817	16.8496
2.206022662	16.789
2.205084307	16.8261
2.204146749	16.8535
2.203209989	16.8066
2.202274024	16.8027
2.201338854	16.8252
2.200404963	16.8759
2.199471379	16.7861
2.198538587	16.8105
2.197606587	16.8105
2.196675376	16.8964
2.195744954	16.914
2.194815319	16.8418
2.193886472	16.8144
2.192958411	16.9238
2.192031134	16.9492
2.191104641	16.916
2.190178931	16.9218
2.189254003	16.955
2.188329856	16.8632
2.187406488	16.8408
2.1864839	16.8984
2.185562567	16.9902
2.184641533	17.0234
2.183721275	16.997
2.182801792	16.8837
2.181883083	16.8711
2.180965147	16.9277
2.180047983	16.9336
2.17913159	17.0097
2.178215967	16.998
2.177301113	16.8398
2.176387028	16.8564
2.175473709	17.0156
2.174561157	17.0546
2.17364937	16.955
2.172738348	16.9541
2.171828089	17.0009
2.170918592	17.0761
2.170009856	17.041
2.169101881	17.0586
2.168194666	17.0488
2.167288209	17.0634
2.166382509	17.0429
2.165477567	17.0117
2.16457338	17.0156
2.163670416	17.0791
2.162767737	17.1132
2.161865811	17.08
2.160964637	17.04
2.160064214	17.0546
2.159164542	17.0742
2.158265618	17.1015
2.157367442	17.0234
2.156470014	17.0586
2.155573332	17.1689
2.154677395	17.1308
2.153782203	16.9853
2.152887754	17.0908
2.151994048	17.1523
2.151101084	17.1875
2.150208861	17.1757
2.149317377	17.0937
2.148426632	17.0253
2.147536625	17.0908
2.146647355	17.1298
2.145758822	17.2109
2.144871024	17.2089
2.14398396	17.1259
2.143097629	17.1132
2.14221249	17.2246
2.141327623	17.1933
2.140443487	17.1406
2.139560081	17.1894
2.138677403	17.2627
2.137795454	17.2353
2.136914232	17.2539
2.136033736	17.1611
2.135153965	17.0449
2.134274919	17.1484
2.133396596	17.25
2.132518995	17.1835
2.131642117	17.1152
2.130765959	17.1777
2.129890521	17.2548
2.129015803	17.1738
2.128141802	17.0986
2.127268519	17.1416
2.126395952	17.2587
2.125524101	17.1914
2.124652964	17.1738
2.123782542	17.2832
2.122912832	17.2939
2.122043834	17.207
2.121175997	17.1953
2.12030842	17.2089
2.119441553	17.2558
2.118575394	17.2793
2.117709942	17.2236
2.116845198	17.2861
2.115981159	17.3085
2.115117826	17.2109
2.114255197	17.1699
2.113393271	17.2226
2.112532047	17.3291
2.111671525	17.2627
2.110811704	17.248
2.109952583	17.2627
2.109094161	17.2949
2.108236437	17.3085
2.107379855	17.2939
2.106523524	17.2783
2.105667889	17.3095
2.104812949	17.2109
2.103958703	17.2197
2.103105151	17.33
2.10225229	17.3378
2.101400121	17.2109
2.100548642	17.2861
2.099697853	17.2929
2.098847754	17.2783
2.097998342	17.2929
2.097149617	17.2627
2.096301579	17.2753
2.095454226	17.3291
2.094607559	17.3515
2.093761575	17.3261
2.092916274	17.2949
2.092071655	17.3593
2.091227718	17.3916
2.090384461	17.2587
2.089541885	17.2285
2.088699987	17.3671
2.087858767	17.29
2.08701866	17.2627
2.086178794	17.3769
2.085339604	17.372
2.084501088	17.4033
2.083663247	17.4023
2.082826078	17.3681
2.081989583	17.4101
2.081153758	17.3281
2.080318605	17.3242
2.079484122	17.33
