Name: Zincite (Zn,Mn)O
Type: Mineral
Class: Oxides
Subclass: 
Particle Size: 0-45um
Sample No.: O-13A
Owner: JPL
Wavelength range: IR
Origin: 
Collected by JPL
Description:  Synthetic zincite. 





Measurement: Hemispherical reflectance
First Column: X
Second Column: Y
X Units:  Wavelength (micrometers)
Y Units:  Reflectance (percent)
First X Value: 15.3853
Last X Value: 2.00032
Number of X Values: 2256
Additional information: o13aa.txt
 
15.3853	0.117828
15.3397	0.381654
15.2945	0.404297
15.2495	0.18607
15.2048	0.20671
15.1603	0.312771
15.1161	0.157934
15.0722	0.125789
15.0285	0.318552
14.9851	0.253415
14.9419	0.312859
14.8989	0.456994
14.8563	0.394325
14.8138	0.249969
14.7716	0.268371
14.7296	0.353154
14.6879	0.563652
14.6464	0.69411
14.6052	0.700877
14.5641	0.524445
14.5233	0.389727
14.4828	0.324124
14.4424	0.408771
14.4023	0.570361
14.3624	0.47851
14.3227	0.247035
14.2833	0.360244
14.244	0.727203
14.205	0.740167
14.1662	0.686736
14.1276	0.622782
14.0892	0.706487
14.051	0.952378
14.0131	0.916186
13.9753	0.853093
13.9377	1.05403
13.9004	1.11783
13.8632	1.11957
13.8262	1.10785
13.7895	1.07592
13.7529	1.05956
13.7165	1.13139
13.6803	1.24385
13.6443	1.41748
13.6085	1.53758
13.5729	1.63299
13.5374	1.72271
13.5022	1.83785
13.4671	1.99158
13.4322	2.07764
13.3975	2.22963
13.363	2.49044
13.3286	2.95438
13.2944	3.43247
13.2604	3.61835
13.2266	3.66627
13.193	3.80883
13.1595	3.74446
13.1262	3.70898
13.093	3.83195
13.06	3.7969
13.0272	3.49665
12.9946	3.35435
12.9621	3.46736
12.9298	3.62616
12.8976	3.66295
12.8656	3.62622
12.8337	3.6842
12.8021	3.75863
12.7705	3.89617
12.7391	3.94271
12.7079	3.95448
12.6769	4.17858
12.6459	4.41036
12.6152	4.52684
12.5845	4.73175
12.5541	4.91528
12.5238	5.05811
12.4936	5.22532
12.4635	5.49144
12.4337	5.71579
12.4039	5.71265
12.3743	5.71161
12.3448	5.7583
12.3155	5.75029
12.2863	5.84156
12.2573	5.92017
12.2284	5.95431
12.1996	5.9329
12.171	5.63187
12.1425	5.48264
12.1141	5.32338
12.0859	5.01234
12.0578	4.73507
12.0298	4.53929
12.0019	4.57897
11.9742	4.73237
11.9466	4.9073
11.9192	4.99061
11.8918	4.9117
11.8646	4.76495
11.8375	4.59005
11.8106	4.45041
11.7837	4.33596
11.757	4.32936
11.7304	4.24341
11.7039	4.03934
11.6776	4.00633
11.6513	4.04497
11.6252	3.91848
11.5992	3.69312
11.5733	3.6254
11.5475	3.59981
11.5219	3.66068
11.4963	3.72834
11.4709	3.72791
11.4455	3.76325
11.4203	3.77201
11.3952	3.81493
11.3702	3.91689
11.3454	3.85717
11.3206	3.94415
11.2959	4.12446
11.2714	4.21216
11.2469	4.46922
11.2226	4.63923
11.1983	4.73879
11.1742	5.04498
11.1502	5.14784
11.1263	5.14209
11.1024	5.21255
11.0787	5.28064
11.0551	5.41341
11.0316	5.5229
11.0081	5.53063
10.9848	5.65515
10.9616	5.77973
10.9385	5.84688
10.9154	6.03631
10.8925	6.12516
10.8697	6.37851
10.8469	6.71044
10.8243	6.87147
10.8017	7.24463
10.7793	7.67655
10.7569	7.99374
10.7346	8.11987
10.7125	8.35192
10.6904	8.67379
10.6684	8.79779
10.6465	9.05747
10.6247	9.45135
10.6029	9.83157
10.5813	10.1596
10.5597	10.3889
10.5383	10.6605
10.5169	10.9031
10.4956	11.0991
10.4744	11.2879
10.4533	11.4466
10.4323	11.4371
10.4113	11.3763
10.3904	11.3341
10.3697	11.3067
10.349	11.0179
10.3284	10.5744
10.3078	10.2456
10.2874	10.063
10.267	9.77596
10.2467	9.48681
10.2265	9.28515
10.2064	9.01121
10.1863	8.76804
10.1663	8.60999
10.1464	8.63274
10.1266	8.88102
10.1069	9.07198
10.0872	9.25321
10.0676	9.48912
10.0481	9.72511
10.0287	9.95644
10.0093	10.2459
9.99005	10.681
9.97084	11.0416
9.95169	11.1984
9.93263	11.2223
9.91364	11.2125
9.89472	11.3474
9.87587	11.5322
9.8571	11.6433
9.83839	11.7662
9.81976	11.9038
9.80119	12.1529
9.78271	12.483
9.76428	12.804
9.74592	13.2535
9.72764	13.6312
9.70943	13.7988
9.69128	14.0248
9.6732	14.5079
9.65518	15.0384
9.63724	15.5545
9.61935	16.0627
9.60155	16.5486
9.5838	17.1407
9.56611	18.0893
9.5485	19.2837
9.53094	20.5365
9.51345	21.6592
9.49604	22.5421
9.47867	23.1537
9.46137	23.5634
9.44414	23.8122
9.42697	24.0439
9.40986	24.3101
9.39281	24.4284
9.37583	24.4504
9.35891	24.5214
9.34204	24.5401
9.32524	24.6535
9.3085	24.7516
9.29182	24.8724
9.27519	24.975
9.25863	24.9752
9.24213	24.9422
9.22568	24.8555
9.2093	24.9237
9.19297	25.1521
9.17669	25.2669
9.16048	25.4882
9.14433	25.8255
9.12823	26.1044
9.11218	26.4269
9.0962	26.9376
9.08027	27.4687
9.06439	28.072
9.04858	28.8125
9.03281	29.5413
9.0171	30.2482
9.00145	30.9743
8.98585	31.6256
8.9703	32.2876
8.9548	32.9848
8.93937	33.49
8.92398	34.017
8.90865	34.505
8.89337	34.8626
8.87814	35.3941
8.86296	35.9085
8.84784	36.3268
8.83277	36.9216
8.81774	37.5124
8.80277	37.8235
8.78786	38.1951
8.77298	38.7559
8.75816	39.2605
8.7434	39.7056
8.72868	40.1983
8.714	40.6815
8.69938	41.18
8.68481	41.8004
8.67029	42.4375
8.65581	42.9297
8.64139	43.458
8.62701	43.9377
8.61268	44.3148
8.5984	44.7206
8.58416	45.1597
8.56997	45.5852
8.55583	46.018
8.54174	46.522
8.52769	46.9048
8.51368	47.2524
8.49973	47.6904
8.48582	48.0792
8.47195	48.4121
8.45813	48.7537
8.44436	49.0676
8.43062	49.4542
8.41693	49.8557
8.4033	50.1031
8.3897	50.2872
8.37614	50.5836
8.36264	50.8665
8.34917	51.0475
8.33574	51.2215
8.32236	51.5236
8.30903	51.8227
8.29573	52.0722
8.28248	52.1716
8.26927	52.2186
8.2561	52.3831
8.24298	52.617
8.2299	52.7223
8.21685	52.9288
8.20385	53.0621
8.19089	53.184
8.17797	53.4313
8.16509	53.5967
8.15225	53.6516
8.13946	53.8212
8.1267	53.9166
8.11398	53.9611
8.10131	54.1608
8.08867	54.4082
8.07606	54.5018
8.0635	54.5309
8.05099	54.6508
8.0385	54.8407
8.02606	54.9726
8.01366	55.1166
8.00129	55.261
7.98896	55.3217
7.97667	55.2803
7.96442	55.3549
7.9522	55.4648
7.94002	55.6128
7.92788	55.7564
7.91578	55.8416
7.90371	55.8737
7.89168	55.8548
7.87969	55.8128
7.86773	55.8133
7.85581	55.7191
7.84392	55.593
7.83207	55.4163
7.82026	55.1221
7.80849	54.7606
7.79674	54.3577
7.78503	53.917
7.77337	53.5255
7.76173	53.2491
7.75012	52.9955
7.73856	52.6607
7.72703	52.2635
7.71553	51.884
7.70406	51.4951
7.69263	50.9909
7.68123	50.3336
7.66987	49.5888
7.65855	48.7479
7.64725	47.7396
7.63598	46.6125
7.62475	45.3639
7.61356	44.0938
7.60239	43.0643
7.59126	42.5377
7.58017	42.5185
7.5691	42.6667
7.55806	42.8102
7.54707	42.7123
7.5361	42.3663
7.52516	41.8917
7.51425	41.436
7.50338	41.1617
7.49253	41.0287
7.48172	40.9877
7.47094	41.0411
7.46019	41.1179
7.44947	40.9569
7.43879	40.6379
7.42813	40.368
7.4175	40.003
7.4069	39.5924
7.39634	39.1456
7.3858	38.5764
7.37529	38.0301
7.36482	37.428
7.35437	36.8247
7.34396	36.2233
7.33357	35.5239
7.32321	34.7862
7.31288	34.1306
7.30258	33.596
7.29231	32.8949
7.28207	32.088
7.27185	31.3369
7.26167	30.5187
7.25152	29.7416
7.24139	29.0603
7.23129	28.4536
7.22122	28.0231
7.21117	27.8714
7.20116	27.862
7.19117	27.9491
7.18121	28.2342
7.17128	28.5031
7.16137	28.7513
7.1515	29.0473
7.14164	29.1419
7.13182	29.1082
7.12203	29.1362
7.11225	29.1231
7.10251	29.0301
7.0928	28.942
7.08311	28.923
7.07344	28.9
7.06381	28.9749
7.0542	29.1902
7.04461	29.4442
7.03506	29.509
7.02552	29.7088
7.01601	30.0367
7.00653	30.4105
6.99708	30.9862
6.98765	31.7179
6.97824	32.473
6.96886	33.4417
6.95951	34.4546
6.95018	35.0938
6.94087	35.6652
6.9316	36.1943
6.92234	36.5571
6.91311	36.8068
6.90391	36.91
6.89473	36.8995
6.88557	36.8537
6.87644	36.6933
6.86733	36.568
6.85824	36.1028
6.84918	35.2849
6.84015	34.6257
6.83114	34.0926
6.82215	33.387
6.81319	32.7136
6.80424	32.1547
6.79532	31.7446
6.78643	31.3293
6.77756	30.8285
6.76871	30.3733
6.75989	29.9317
6.75109	29.6124
6.74231	29.271
6.73355	28.9232
6.72482	28.6703
6.71611	28.5174
6.70742	28.2568
6.69875	27.8398
6.69011	27.5116
6.68149	27.2432
6.67289	26.7898
6.66431	26.2257
6.65576	25.7591
6.64722	25.4561
6.63871	25.1367
6.63022	24.6211
6.62175	24.2889
6.61331	24.1551
6.60488	24.1233
6.59648	24.1528
6.5881	24.1514
6.57974	24.1726
6.5714	24.2703
6.56308	24.3091
6.55478	24.5078
6.54651	24.8012
6.53825	25.2728
6.53001	25.8578
6.5218	26.4752
6.51361	26.9356
6.50544	27.417
6.49729	27.9809
6.48915	28.0536
6.48104	27.7003
6.47295	27.2201
6.46488	26.7147
6.45683	26.2461
6.4488	25.9021
6.44079	25.6306
6.4328	25.3484
6.42482	25.0582
6.41687	24.9285
6.40894	24.4796
6.40103	23.9415
6.39314	23.8283
6.38526	24.2401
6.37741	25.1446
6.36957	26.2605
6.36176	27.3873
6.35396	28.7509
6.34618	30.2538
6.33843	31.4648
6.33069	32.4679
6.32297	33.5293
6.31527	34.3987
6.30758	35.1312
6.29992	35.7652
6.29227	36.5022
6.28465	37.19
6.27704	37.9328
6.26945	38.6076
6.26188	39.3235
6.25432	40.0366
6.24679	40.81
6.23927	41.593
6.23177	42.4409
6.22429	43.2182
6.21683	44.046
6.20938	44.8945
6.20195	45.7571
6.19454	46.5873
6.18715	47.5738
6.17978	48.2888
6.17242	48.9308
6.16508	49.6819
6.15776	50.4176
6.15045	51.0116
6.14317	51.5611
6.1359	52.0246
6.12864	52.5067
6.12141	53.2016
6.11419	53.9567
6.10699	54.1373
6.0998	54.3323
6.09263	54.7544
6.08549	55.1941
6.07835	55.7299
6.07123	56.2228
6.06413	56.3979
6.05705	56.867
6.04998	57.5943
6.04293	57.5841
6.0359	57.5059
6.02888	57.7591
6.02187	58.1079
6.01489	58.6104
6.00792	58.9005
6.00096	59.2192
5.99403	59.6977
5.98711	60.1327
5.9802	60.433
5.97331	60.8095
5.96644	61.1087
5.95958	61.3165
5.95274	61.7047
5.94591	62.1481
5.9391	62.7959
5.9323	62.9824
5.92552	62.9288
5.91876	63.1407
5.91201	63.3455
5.90528	63.6239
5.89856	64.1126
5.89186	64.3648
5.88517	64.7409
5.8785	65.0456
5.87184	64.8935
5.8652	65.1061
5.85857	65.2887
5.85196	65.4572
5.84536	65.6059
5.83878	65.8503
5.83221	66.1717
5.82566	66.5724
5.81912	66.706
5.81259	66.593
5.80608	66.5742
5.79959	66.6421
5.79311	66.778
5.78665	66.8863
5.78019	66.9163
5.77376	67.0883
5.76734	67.2883
5.76093	67.0823
5.75453	66.9226
5.74815	67.0117
5.74179	66.8845
5.73543	66.7796
5.7291	66.8061
5.72277	66.9515
5.71646	67.0736
5.71017	67.1659
5.70389	67.1083
5.69762	67.1501
5.69136	67.2161
5.68513	67.2121
5.6789	67.349
5.67268	67.5038
5.66648	67.5172
5.6603	67.641
5.65413	67.7468
5.64797	67.8682
5.64182	68.0853
5.63569	68.0481
5.62957	68.0066
5.62347	68.0349
5.61737	68.0953
5.61129	68.1801
5.60522	68.2168
5.59917	68.2887
5.59313	68.3163
5.5871	68.4204
5.58109	68.5903
5.57509	68.6613
5.5691	68.6283
5.56312	68.7174
5.55716	68.8314
5.55121	68.9017
5.54528	68.9483
5.53935	69.009
5.53344	69.0245
5.52754	69.0497
5.52166	69.0934
5.51578	69.1192
5.50992	69.1694
5.50407	69.2366
5.49823	69.2526
5.49241	69.3179
5.4866	69.4051
5.4808	69.4902
5.47501	69.5141
5.46923	69.5237
5.46347	69.5448
5.45772	69.5522
5.45198	69.5852
5.44625	69.6362
5.44054	69.6461
5.43484	69.716
5.42914	69.8086
5.42347	69.9426
5.4178	69.9041
5.41214	69.8767
5.4065	69.8742
5.40087	69.8566
5.39525	69.9055
5.38964	69.9375
5.38404	69.9434
5.37846	69.9808
5.37288	70.0483
5.36732	70.0786
5.36177	70.1033
5.35623	70.1516
5.35071	70.1818
5.34519	70.1539
5.33968	70.1392
5.33419	70.1935
5.32871	70.1671
5.32324	70.1512
5.31778	70.2387
5.31233	70.2976
5.30689	70.301
5.30147	70.2308
5.29605	70.2464
5.29065	70.3221
5.28525	70.3179
5.27987	70.2954
5.2745	70.2848
5.26914	70.3055
5.26379	70.3215
5.25845	70.3281
5.25312	70.291
5.24781	70.2677
5.2425	70.2541
5.23721	70.2882
5.23192	70.3304
5.22665	70.333
5.22138	70.2832
5.21613	70.3095
5.21089	70.3292
5.20566	70.3204
5.20044	70.3113
5.19522	70.2942
5.19002	70.2516
5.18483	70.2107
5.17965	70.2098
5.17448	70.25
5.16933	70.2457
5.16418	70.2415
5.15904	70.1886
5.15391	70.1823
5.14879	70.21
5.14368	70.2033
5.13859	70.2215
5.1335	70.2272
5.12842	70.2392
5.12335	70.2278
5.1183	70.159
5.11325	70.1564
5.10821	70.2061
5.10318	70.1912
5.09817	70.1082
5.09316	70.0574
5.08816	70.1039
5.08317	70.1348
5.07819	70.0627
5.07322	70.0069
5.06826	70.0085
5.06331	69.9917
5.05837	69.9687
5.05344	69.9742
5.04852	69.9831
5.04361	69.9757
5.03871	69.9492
5.03382	69.8951
5.02894	69.8917
5.02406	69.8965
5.0192	69.8573
5.01435	69.8239
5.0095	69.7344
5.00467	69.7489
4.99984	69.839
4.99502	69.8405
4.99021	69.7527
4.98542	69.7104
4.98063	69.6872
4.97585	69.6289
4.97108	69.6098
4.96632	69.6378
4.96156	69.685
4.95682	69.6649
4.95209	69.5816
4.94736	69.5103
4.94264	69.532
4.93794	69.5552
4.93324	69.4824
4.92855	69.4295
4.92387	69.4725
4.9192	69.5097
4.91453	69.4485
4.90988	69.3846
4.90524	69.3517
4.9006	69.3094
4.89597	69.2991
4.89135	69.2871
4.88674	69.26
4.88214	69.2104
4.87755	69.2144
4.87296	69.2203
4.86839	69.1611
4.86382	69.0967
4.85926	69.0596
4.85471	69.0089
4.85017	68.9855
4.84564	68.9519
4.84111	68.9108
4.8366	68.8538
4.83209	68.794
4.82759	68.7715
4.8231	68.7753
4.81862	68.7356
4.81415	68.6626
4.80968	68.631
4.80522	68.6685
4.80077	68.5986
4.79633	68.4893
4.7919	68.4579
4.78747	68.4333
4.78306	68.4251
4.77865	68.4351
4.77425	68.4844
4.76986	68.4994
4.76547	68.5119
4.7611	68.488
4.75673	68.4371
4.75237	68.4816
4.74802	68.5857
4.74367	68.6483
4.73934	68.628
4.73501	68.6179
4.73069	68.6703
4.72638	68.7979
4.72207	68.9274
4.71777	68.9484
4.71348	68.9643
4.7092	69.0445
4.70493	69.1516
4.70066	69.249
4.69641	69.3398
4.69216	69.3801
4.68791	69.4732
4.68368	69.617
4.67945	69.6954
4.67523	69.7514
4.67102	69.8448
4.66682	69.9181
4.66262	69.9241
4.65843	69.9755
4.65425	70.0942
4.65007	70.1867
4.64591	70.2245
4.64175	70.291
4.6376	70.4117
4.63345	70.4854
4.62932	70.5598
4.62519	70.6028
4.62106	70.6448
4.61695	70.7325
4.61284	70.8149
4.60874	70.8594
4.60465	70.9363
4.60056	70.9799
4.59648	71.0067
4.59241	71.0623
4.58835	71.1414
4.58429	71.26
4.58024	71.3155
4.5762	71.4065
4.57216	71.4839
4.56814	71.5325
4.56411	71.6264
4.5601	71.7166
4.55609	71.7783
4.55209	71.8452
4.5481	71.9873
4.54411	72.1058
4.54013	72.1501
4.53616	72.1785
4.5322	72.265
4.52824	72.3077
4.52429	72.3445
4.52034	72.4105
4.51641	72.4858
4.51247	72.5414
4.50855	72.5968
4.50463	72.7022
4.50072	72.8549
4.49682	72.8957
4.49292	72.9227
4.48903	73.0407
4.48515	73.0882
4.48127	73.1167
4.4774	73.1417
4.47354	73.1657
4.46968	73.2471
4.46584	73.3126
4.46199	73.4177
4.45815	73.4466
4.45432	73.5312
4.4505	73.5929
4.44668	73.6257
4.44287	73.7114
4.43907	73.7113
4.43527	73.7347
4.43148	73.8103
4.4277	73.7972
4.42392	73.8553
4.42015	73.9505
4.41638	74.0284
4.41262	74.0593
4.40887	74.1402
4.40513	74.2547
4.40139	74.3251
4.39765	74.3397
4.39393	74.3442
4.39021	74.4008
4.38649	74.4876
4.38278	74.6208
4.37908	74.6797
4.37539	74.6537
4.3717	74.671
4.36801	74.7269
4.36434	74.7527
4.36067	74.7765
4.357	74.8593
4.35335	74.9046
4.34969	74.927
4.34605	74.9821
4.34241	75.0475
4.33877	75.1195
4.33514	75.1329
4.33152	75.1502
4.32791	75.2071
4.3243	75.2469
4.32069	75.3166
4.3171	75.2833
4.31351	75.2655
4.30992	75.2315
4.30634	75.2438
4.30277	75.3602
4.2992	75.3188
4.29564	75.237
4.29208	75.3342
4.28853	75.4592
4.28499	75.507
4.28145	75.5019
4.27792	75.4477
4.27439	75.4693
4.27087	75.5039
4.26735	75.4592
4.26384	75.4423
4.26034	75.4949
4.25684	75.5861
4.25335	75.5842
4.24986	75.5715
4.24638	75.5497
4.24291	75.525
4.23944	75.534
4.23598	75.5642
4.23252	75.5366
4.22906	75.5203
4.22562	75.5852
4.22218	75.6835
4.21874	75.7047
4.21531	75.7504
4.21189	75.8517
4.20847	75.9092
4.20506	75.9123
4.20165	75.9362
4.19825	75.9825
4.19485	75.9643
4.19146	75.9507
4.18807	76.0401
4.18469	76.0582
4.18132	76.0136
4.17795	76.025
4.17458	76.1331
4.17123	76.1396
4.16787	76.0767
4.16453	76.0256
4.16118	75.9996
4.15785	76.0438
4.15451	76.0631
4.15119	76.0985
4.14787	76.1219
4.14455	76.115
4.14124	76.1075
4.13794	76.0882
4.13464	76.0968
4.13134	76.101
4.12805	76.0901
4.12477	76.105
4.12149	76.0837
4.11822	76.096
4.11495	76.1285
4.11168	76.1232
4.10843	76.1043
4.10517	76.0619
4.10192	75.9942
4.09868	75.9571
4.09545	75.959
4.09221	76.0114
4.08899	76.0263
4.08576	75.9925
4.08255	76.0729
4.07933	76.1211
4.07613	76.0989
4.07292	76.1417
4.06973	76.127
4.06654	76.0938
4.06335	76.1648
4.06017	76.1955
4.05699	76.1955
4.05382	76.1537
4.05065	76.1738
4.04749	76.2197
4.04433	76.2372
4.04118	76.2413
4.03803	76.2142
4.03489	76.2077
4.03175	76.1939
4.02862	76.2293
4.02549	76.231
4.02237	76.223
4.01925	76.2335
4.01614	76.2747
4.01303	76.2503
4.00993	76.2015
4.00683	76.2174
4.00373	76.2011
4.00064	76.1764
3.99756	76.2091
3.99448	76.246
3.9914	76.2443
3.98833	76.2182
3.98527	76.1631
3.98221	76.1377
3.97915	76.1198
3.9761	76.109
3.97305	76.0733
3.97001	76.0511
3.96697	75.988
3.96394	75.9281
3.96091	75.8863
3.95789	75.8543
3.95487	75.8293
3.95186	75.7575
3.94885	75.7257
3.94584	75.7294
3.94284	75.7519
3.93984	75.6783
3.93685	75.5116
3.93386	75.4182
3.93088	75.3899
3.9279	75.3375
3.92493	75.2845
3.92196	75.289
3.919	75.307
3.91604	75.2498
3.91308	75.1068
3.91013	75.0369
3.90718	75.0947
3.90424	75.0797
3.9013	75.0063
3.89837	74.9434
3.89544	74.9523
3.89252	74.9403
3.8896	74.8836
3.88668	74.9181
3.88377	74.9361
3.88086	74.9201
3.87796	74.9032
3.87506	74.9066
3.87217	74.875
3.86928	74.8364
3.86639	74.8416
3.86351	74.8201
3.86064	74.7579
3.85776	74.7057
3.8549	74.6768
3.85203	74.5978
3.84917	74.5525
3.84631	74.5446
3.84346	74.5305
3.84062	74.5484
3.83777	74.5484
3.83494	74.4871
3.8321	74.4783
3.82927	74.4981
3.82644	74.4039
3.82362	74.3453
3.82081	74.3862
3.81799	74.4257
3.81518	74.4822
3.81238	74.5372
3.80958	74.5047
3.80678	74.4471
3.80399	74.3819
3.8012	74.384
3.79841	74.4053
3.79563	74.38
3.79286	74.3457
3.79008	74.268
3.78731	74.284
3.78455	74.2627
3.78179	74.2661
3.77903	74.2784
3.77628	74.1644
3.77353	74.1225
3.77079	74.136
3.76805	74.0952
3.76531	74.0876
3.76258	74.0578
3.75985	73.9629
3.75713	73.9567
3.7544	73.8857
3.75169	73.733
3.74898	73.7382
3.74627	73.7873
3.74356	73.7648
3.74086	73.6797
3.73816	73.6434
3.73547	73.581
3.73278	73.5277
3.7301	73.5184
3.72741	73.4953
3.72474	73.4247
3.72206	73.3607
3.71939	73.2761
3.71673	73.155
3.71406	73.0835
3.71141	73.0363
3.70875	72.9852
3.7061	72.9276
3.70345	72.8777
3.70081	72.8189
3.69817	72.688
3.69553	72.5833
3.6929	72.5434
3.69027	72.5543
3.68765	72.5611
3.68503	72.4778
3.68241	72.4106
3.6798	72.42
3.67719	72.3913
3.67458	72.3808
3.67198	72.3481
3.66938	72.2746
3.66678	72.1852
3.66419	72.1312
3.66161	72.1131
3.65902	72.0565
3.65644	71.9767
3.65387	71.8944
3.65129	71.794
3.64872	71.7214
3.64616	71.6732
3.64359	71.5945
3.64103	71.5343
3.63848	71.5028
3.63593	71.4897
3.63338	71.4283
3.63084	71.3366
3.6283	71.3252
3.62576	71.2679
3.62322	71.1949
3.62069	71.1273
3.61817	71.0225
3.61564	70.8891
3.61312	70.7946
3.61061	70.7801
3.6081	70.7468
3.60559	70.6473
3.60308	70.5188
3.60058	70.4489
3.59808	70.3392
3.59558	70.2213
3.59309	70.1362
3.59061	70.0326
3.58812	69.8678
3.58564	69.76
3.58316	69.6774
3.58069	69.6115
3.57822	69.5142
3.57575	69.358
3.57328	69.2103
3.57082	69.0943
3.56836	69.0201
3.56591	68.9344
3.56346	68.823
3.56101	68.816
3.55857	68.7498
3.55613	68.6181
3.55369	68.4956
3.55126	68.3981
3.54883	68.273
3.5464	68.2428
3.54397	68.1881
3.54155	68.0437
3.53914	67.818
3.53672	67.6665
3.53431	67.5905
3.5319	67.4405
3.5295	67.2378
3.5271	67.0862
3.5247	66.8691
3.52231	66.5431
3.51991	66.2556
3.51753	66.0185
3.51514	65.7152
3.51276	65.4868
3.51038	65.4436
3.50801	65.4439
3.50563	65.3592
3.50327	65.2256
3.5009	65.2332
3.49854	65.3238
3.49618	65.367
3.49382	65.4176
3.49147	65.4155
3.48912	65.3564
3.48677	65.2894
3.48443	65.2695
3.48209	65.2417
3.47975	65.1483
3.47742	65.0434
3.47509	65.0344
3.47276	65.0463
3.47044	64.9821
3.46812	64.9534
3.4658	64.9954
3.46348	65.0592
3.46117	65.0284
3.45886	64.9276
3.45656	64.8981
3.45425	64.8688
3.45195	64.8067
3.44966	64.7208
3.44736	64.6461
3.44507	64.5999
3.44279	64.5364
3.4405	64.4467
3.43822	64.4055
3.43594	64.3387
3.43367	64.2553
3.43139	64.1734
3.42912	64.1036
3.42686	64.0333
3.42459	63.8535
3.42233	63.6469
3.42007	63.4976
3.41782	63.4289
3.41557	63.326
3.41332	63.3237
3.41108	63.3238
3.40883	63.2716
3.40659	63.3355
3.40435	63.3932
3.40212	63.4469
3.39989	63.5157
3.39766	63.6482
3.39544	63.7789
3.39322	63.8508
3.391	63.8104
3.38878	63.7593
3.38657	63.6632
3.38436	63.5953
3.38215	63.5105
3.37994	63.4641
3.37774	63.4694
3.37554	63.4301
3.37335	63.3253
3.37115	63.3076
3.36896	63.3722
3.36678	63.456
3.36459	63.5545
3.36241	63.6654
3.36023	63.7609
3.35805	63.7815
3.35588	63.8358
3.35371	63.8996
3.35154	63.946
3.34938	63.9963
3.34721	63.9771
3.34505	63.9324
3.3429	63.929
3.34074	63.9637
3.33859	63.9992
3.33644	64.0006
3.3343	63.9273
3.33215	63.9027
3.33001	63.8783
3.32788	63.8161
3.32574	63.8082
3.32361	63.8046
3.32148	63.7338
3.31936	63.6974
3.31723	63.6398
3.31511	63.6025
3.31299	63.599
3.31088	63.4999
3.30876	63.4628
3.30665	63.4068
3.30455	63.365
3.30244	63.3465
3.30034	63.3061
3.29824	63.2023
3.29614	63.0607
3.29405	62.9494
3.29196	62.8782
3.28987	62.855
3.28778	62.8148
3.2857	62.7271
3.28362	62.6216
3.28154	62.5513
3.27946	62.521
3.27739	62.432
3.27532	62.3223
3.27325	62.2828
3.27119	62.35
3.26913	62.3134
3.26707	62.1561
3.26501	61.9681
3.26295	61.8048
3.2609	61.7577
3.25885	61.6385
3.2568	61.4785
3.25476	61.3345
3.25272	61.1873
3.25068	61.1148
3.24864	61.1072
3.24661	61.1106
3.24458	61.118
3.24255	61.1088
3.24052	61.0811
3.2385	60.8899
3.23648	60.6879
3.23446	60.6512
3.23244	60.6144
3.23043	60.4855
3.22841	60.3592
3.2264	60.3438
3.2244	60.3673
3.22239	60.2355
3.22039	60.0474
3.21839	59.9978
3.2164	59.9431
3.2144	59.8302
3.21241	59.8014
3.21042	59.7323
3.20844	59.639
3.20645	59.5199
3.20447	59.3963
3.20249	59.2737
3.20051	59.1201
3.19854	59.0185
3.19657	58.992
3.1946	58.9155
3.19263	58.7808
3.19067	58.6868
3.1887	58.6139
3.18674	58.5472
3.18479	58.4687
3.18283	58.3723
3.18088	58.2576
3.17893	58.1565
3.17698	58.032
3.17504	57.92
3.17309	57.8207
3.17115	57.7341
3.16921	57.676
3.16728	57.546
3.16534	57.366
3.16341	57.2208
3.16148	57.1538
3.15956	57.05
3.15763	56.9468
3.15571	56.9045
3.15379	56.7644
3.15187	56.6801
3.14996	56.6158
3.14805	56.5068
3.14614	56.4323
3.14423	56.384
3.14232	56.2461
3.14042	56.0445
3.13852	55.9145
3.13662	55.8431
3.13472	55.7545
3.13283	55.642
3.13094	55.4724
3.12905	55.3084
3.12716	55.3237
3.12528	55.2672
3.12339	55.1082
3.12151	54.9505
3.11964	54.8091
3.11776	54.688
3.11589	54.6187
3.11401	54.5482
3.11214	54.4686
3.11028	54.2822
3.10841	54.123
3.10655	54.0543
3.10469	54.0078
3.10283	53.9029
3.10098	53.7506
3.09912	53.6124
3.09727	53.4915
3.09542	53.3812
3.09358	53.3359
3.09173	53.3623
3.08989	53.2155
3.08805	53.0482
3.08621	52.902
3.08437	52.7471
3.08254	52.7452
3.08071	52.7215
3.07888	52.6702
3.07705	52.4687
3.07523	52.1894
3.0734	52.1443
3.07158	52.0438
3.06977	51.8793
3.06795	51.7893
3.06613	51.6182
3.06432	51.5562
3.06251	51.5201
3.0607	51.4346
3.0589	51.2821
3.0571	51.1014
3.05529	50.9996
3.05349	50.8625
3.0517	50.7454
3.0499	50.6086
3.04811	50.4941
3.04632	50.3816
3.04453	50.1825
3.04274	49.9641
3.04096	49.7742
3.03918	49.6598
3.0374	49.6054
3.03562	49.4914
3.03384	49.3188
3.03207	49.2749
3.03029	49.1173
3.02852	48.8165
3.02676	48.6499
3.02499	48.5421
3.02323	48.4538
3.02146	48.3486
3.0197	48.1214
3.01795	47.7901
3.01619	47.643
3.01444	47.5023
3.01269	47.3517
3.01094	47.2189
3.00919	46.9682
3.00744	46.7496
3.0057	46.5934
3.00396	46.4534
3.00222	46.3858
3.00048	46.1884
2.99875	45.8941
2.99701	45.765
2.99528	45.6542
2.99355	45.5154
2.99183	45.4046
2.9901	45.2956
2.98838	45.1714
2.98666	44.9825
2.98494	44.7411
2.98322	44.5293
2.9815	44.3574
2.97979	44.2674
2.97808	44.2646
2.97637	44.2827
2.97466	44.1785
2.97295	44.0632
2.97125	44.2089
2.96955	44.2039
2.96785	44.1396
2.96615	44.0787
2.96446	44.0068
2.96276	44.0519
2.96107	43.9917
2.95938	43.9769
2.95769	44.0417
2.95601	44.0607
2.95432	44.1702
2.95264	44.3417
2.95096	44.4689
2.94928	44.4394
2.9476	44.5303
2.94593	44.5636
2.94425	44.5883
2.94258	44.6723
2.94092	44.7757
2.93925	44.7946
2.93758	44.7582
2.93592	44.8002
2.93426	44.8676
2.9326	44.8922
2.93094	44.8751
2.92928	44.792
2.92763	44.8124
2.92598	44.9491
2.92433	44.974
2.92268	44.8835
2.92103	44.8074
2.91939	44.8988
2.91775	44.8622
2.9161	44.822
2.91447	44.8253
2.91283	44.956
2.91119	45.0995
2.90956	45.1453
2.90793	45.105
2.9063	45.23
2.90467	45.376
2.90304	45.4509
2.90142	45.4465
2.89979	45.5227
2.89817	45.7142
2.89656	45.8883
2.89494	46.0571
2.89332	46.2809
2.89171	46.4351
2.8901	46.5335
2.88849	46.6678
2.88688	46.7836
2.88527	46.9777
2.88367	47.1928
2.88206	47.3639
2.88046	47.4578
2.87886	47.5004
2.87727	47.5592
2.87567	47.6983
2.87408	47.8593
2.87248	48.0174
2.87089	48.1383
2.8693	48.2118
2.86772	48.3644
2.86613	48.4627
2.86455	48.5757
2.86297	48.7215
2.86139	48.7853
2.85981	48.7568
2.85823	48.8219
2.85666	48.9834
2.85508	49.145
2.85351	49.1534
2.85194	49.156
2.85038	49.2786
2.84881	49.4576
2.84724	49.6767
2.84568	49.6632
2.84412	49.6878
2.84256	49.8265
2.841	49.8453
2.83945	49.8172
2.83789	49.9521
2.83634	50.1308
2.83479	50.2375
2.83324	50.2236
2.83169	50.1067
2.83015	50.1132
2.82861	50.3215
2.82706	50.4114
2.82552	50.2779
2.82398	50.228
2.82245	50.2454
2.82091	50.2061
2.81938	50.1405
2.81784	50.0492
2.81631	49.9327
2.81479	49.8263
2.81326	49.7963
2.81173	49.7389
2.81021	49.686
2.80869	49.7137
2.80716	49.9577
2.80565	50.3414
2.80413	50.7291
2.80261	51.0401
2.8011	51.2619
2.79959	51.5565
2.79808	51.9079
2.79657	52.2237
2.79506	52.6592
2.79355	53.1274
2.79205	53.3412
2.79055	53.7065
2.78904	54.2926
2.78754	54.7623
2.78605	55.036
2.78455	55.3906
2.78306	55.9601
2.78156	56.3061
2.78007	56.6295
2.77858	57.0626
2.77709	57.4536
2.77561	57.6701
2.77412	57.9026
2.77264	58.2686
2.77116	58.836
2.76968	59.4061
2.7682	59.9471
2.76672	60.6151
2.76524	61.2396
2.76377	61.8927
2.7623	62.6642
2.76083	63.3865
2.75936	64.0112
2.75789	64.6276
2.75642	65.4884
2.75496	66.3412
2.7535	66.7209
2.75203	67.1981
2.75057	67.6638
2.74912	68.0683
2.74766	68.5459
2.7462	68.9456
2.74475	69.0878
2.7433	69.1634
2.74185	69.3082
2.7404	69.1479
2.73895	68.4803
2.7375	67.5585
2.73606	67.1249
2.73462	67.3094
2.73318	67.4994
2.73174	67.8111
2.7303	68.305
2.72886	68.8281
2.72742	69.2167
2.72599	69.5744
2.72456	69.8334
2.72313	69.6834
2.7217	69.6602
2.72027	69.6925
2.71884	69.1442
2.71742	68.8724
2.71599	68.9539
2.71457	69.325
2.71315	70.0296
2.71173	71.0685
2.71032	72.0319
2.7089	72.821
2.70748	73.7285
2.70607	74.6654
2.70466	75.5554
2.70325	76.5843
2.70184	77.607
2.70043	78.5014
2.69903	79.4482
2.69762	80.3953
2.69622	81.308
2.69482	82.1071
2.69342	82.6463
2.69202	82.9325
2.69062	83.2803
2.68923	83.6352
2.68783	84.057
2.68644	84.4369
2.68505	84.7778
2.68366	84.9958
2.68227	85.1856
2.68089	85.4372
2.6795	85.8158
2.67812	85.9852
2.67673	86.1302
2.67535	86.2143
2.67397	86.2109
2.6726	86.3615
2.67122	86.803
2.66984	86.9644
2.66847	86.8791
2.6671	87.1562
2.66572	87.2381
2.66435	87.091
2.66299	86.9759
2.66162	87.1064
2.66025	87.2534
2.65889	87.3189
2.65753	87.1767
2.65616	87.377
2.65481	87.5733
2.65345	87.6161
2.65209	87.6234
2.65073	87.5027
2.64938	87.5569
2.64803	87.6832
2.64667	87.7963
2.64532	87.9165
2.64397	87.9557
2.64263	87.9723
2.64128	88.0218
2.63994	88.0319
2.63859	88.0541
2.63725	88.1731
2.63591	88.264
2.63457	88.3579
2.63323	88.2979
2.6319	88.4669
2.63056	88.6881
2.62923	88.5214
2.62789	88.5567
2.62656	88.8027
2.62523	88.7268
2.6239	88.5531
2.62258	88.4982
2.62125	88.7397
2.61993	88.7843
2.6186	88.7438
2.61728	89.0522
2.61596	89.0321
2.61464	88.8621
2.61332	88.9509
2.61201	88.9843
2.61069	89.0524
2.60938	89.1831
2.60807	89.2429
2.60675	89.4031
2.60544	89.6469
2.60414	89.6069
2.60283	89.6003
2.60152	89.5519
2.60022	89.4739
2.59891	89.5326
2.59761	89.7235
2.59631	90.0763
2.59501	90.4279
2.59371	90.147
2.59242	89.9328
2.59112	89.9583
2.58983	90.0353
2.58853	90.1629
2.58724	90.247
2.58595	90.2088
2.58466	90.3148
2.58338	90.3245
2.58209	90.242
2.5808	90.2615
2.57952	90.2793
2.57824	90.3853
2.57695	90.4254
2.57567	90.3008
2.5744	90.3471
2.57312	90.5031
2.57184	90.5568
2.57057	90.6775
2.56929	90.623
2.56802	90.4102
2.56675	90.383
2.56548	90.5306
2.56421	90.5744
2.56294	90.5854
2.56168	90.61
2.56041	90.5337
2.55915	90.4978
2.55789	90.5503
2.55662	90.5589
2.55536	90.5858
2.5541	90.6757
2.55285	90.7678
2.55159	90.7108
2.55034	90.5539
2.54908	90.5071
2.54783	90.5479
2.54658	90.5802
2.54533	90.6113
2.54408	90.6275
2.54283	90.6899
2.54159	90.6854
2.54034	90.7212
2.5391	90.7954
2.53785	90.7909
2.53661	90.8486
2.53537	90.8043
2.53413	90.6793
2.53289	90.677
2.53166	90.6747
2.53042	90.6509
2.52919	90.6741
2.52795	90.7202
2.52672	90.7523
2.52549	90.7353
2.52426	90.7388
2.52303	90.7739
2.52181	90.8115
2.52058	90.8165
2.51936	90.7068
2.51813	90.8235
2.51691	90.9465
2.51569	90.8694
2.51447	90.8749
2.51325	90.8774
2.51203	90.852
2.51082	90.802
2.5096	90.6965
2.50839	90.6328
2.50717	90.6627
2.50596	90.8089
2.50475	90.8978
2.50354	90.9396
2.50233	90.8842
2.50113	90.7567
2.49992	90.7703
2.49872	90.7793
2.49751	90.8127
2.49631	90.8505
2.49511	90.7723
2.49391	90.758
2.49271	90.7669
2.49151	90.8058
2.49031	90.7535
2.48912	90.7176
2.48792	90.8096
2.48673	90.8104
2.48554	90.8302
2.48435	90.8231
2.48316	90.7123
2.48197	90.6974
2.48078	90.7421
2.4796	90.7525
2.47841	90.7664
2.47723	90.7425
2.47604	90.8137
2.47486	90.8645
2.47368	90.7757
2.4725	90.6961
2.47132	90.6307
2.47014	90.6736
2.46897	90.7988
2.46779	90.7783
2.46662	90.7761
2.46545	90.8748
2.46427	90.9313
2.4631	90.7606
2.46193	90.6756
2.46077	90.6628
2.4596	90.6426
2.45843	90.7388
2.45727	90.7198
2.4561	90.6042
2.45494	90.6649
2.45378	90.7737
2.45262	90.8405
2.45146	90.7575
2.4503	90.7264
2.44914	90.7847
2.44799	90.8012
2.44683	90.7366
2.44568	90.7129
2.44452	90.7126
2.44337	90.6806
2.44222	90.683
2.44107	90.7057
2.43992	90.6397
2.43877	90.6549
2.43763	90.7953
2.43648	90.719
2.43534	90.6022
2.43419	90.6187
2.43305	90.5517
2.43191	90.5102
2.43077	90.5731
2.42963	90.5509
2.42849	90.4541
2.42736	90.3633
2.42622	90.3454
2.42509	90.4739
2.42395	90.6021
2.42282	90.6518
2.42169	90.5471
2.42056	90.5386
2.41943	90.5962
2.4183	90.5831
2.41717	90.5168
2.41605	90.5558
2.41492	90.5537
2.4138	90.5617
2.41267	90.6761
2.41155	90.7004
2.41043	90.7067
2.40931	90.7019
2.40819	90.6722
2.40707	90.6164
2.40595	90.6258
2.40484	90.6619
2.40372	90.6219
2.40261	90.6181
2.4015	90.6231
2.40039	90.7168
2.39928	90.9034
2.39817	91.0419
2.39706	91.0123
2.39595	90.9821
2.39484	90.9028
2.39374	90.7919
2.39263	90.8802
2.39153	90.9315
2.39043	90.9872
2.38932	91.0222
2.38822	91.036
2.38712	91.1588
2.38603	91.1264
2.38493	90.9748
2.38383	91.0335
2.38274	91.2012
2.38164	91.2059
2.38055	91.2211
2.37946	91.2795
2.37836	91.2296
2.37727	91.2276
2.37618	91.3477
2.3751	91.4348
2.37401	91.4092
2.37292	91.5216
2.37184	91.6125
2.37075	91.5188
2.36967	91.4431
2.36859	91.5207
2.3675	91.679
2.36642	91.6808
2.36534	91.6923
2.36427	91.7352
2.36319	91.7236
2.36211	91.6938
2.36104	91.7697
2.35996	91.8577
2.35889	91.898
2.35781	91.8591
2.35674	91.9189
2.35567	92.0333
2.3546	92.0839
2.35353	92.0135
2.35247	91.9771
2.3514	91.95
2.35033	92.0118
2.34927	92.1291
2.3482	92.277
2.34714	92.2782
2.34608	92.3042
2.34502	92.3391
2.34396	92.288
2.3429	92.226
2.34184	92.3278
2.34078	92.3557
2.33973	92.2359
2.33867	92.3491
2.33762	92.4987
2.33656	92.4405
2.33551	92.4394
2.33446	92.4587
2.33341	92.4698
2.33236	92.5239
2.33131	92.486
2.33026	92.4446
2.32922	92.4728
2.32817	92.5403
2.32712	92.5353
2.32608	92.4926
2.32504	92.5119
2.324	92.5597
2.32295	92.5616
2.32191	92.6133
2.32087	92.6278
2.31984	92.6456
2.3188	92.6002
2.31776	92.557
2.31673	92.5878
2.31569	92.7278
2.31466	92.7605
2.31362	92.694
2.31259	92.6771
2.31156	92.7373
2.31053	92.8098
2.3095	92.7128
2.30847	92.6746
2.30745	92.6826
2.30642	92.7084
2.3054	92.8048
2.30437	92.8278
2.30335	92.6813
2.30232	92.6072
2.3013	92.5588
2.30028	92.5263
2.29926	92.5636
2.29824	92.6279
2.29722	92.6566
2.29621	92.6231
2.29519	92.603
2.29417	92.7727
2.29316	92.7855
2.29215	92.778
2.29113	92.7323
2.29012	92.5831
2.28911	92.4744
2.2881	92.5023
2.28709	92.4911
2.28608	92.5245
2.28507	92.5504
2.28407	92.427
2.28306	92.429
2.28206	92.4104
2.28105	92.5105
2.28005	92.5982
2.27905	92.5547
2.27805	92.5097
2.27705	92.5191
2.27605	92.4522
2.27505	92.3791
2.27405	92.3984
2.27305	92.4775
2.27206	92.4378
2.27106	92.4324
2.27007	92.4877
2.26907	92.3977
2.26808	92.3909
2.26709	92.4727
2.2661	92.5893
2.26511	92.613
2.26412	92.5354
2.26313	92.3965
2.26214	92.363
2.26116	92.5171
2.26017	92.6893
2.25919	92.5574
2.2582	92.4589
2.25722	92.481
2.25624	92.444
2.25526	92.4791
2.25428	92.5083
2.2533	92.5692
2.25232	92.6655
2.25134	92.7469
2.25036	92.7208
2.24939	92.5623
2.24841	92.4702
2.24744	92.5222
2.24646	92.6211
2.24549	92.6426
2.24452	92.571
2.24355	92.5526
2.24257	92.7023
2.24161	92.8529
2.24064	92.9347
2.23967	92.8227
2.2387	92.7594
2.23774	92.8915
2.23677	93.0815
2.23581	93.1479
2.23484	93.0511
2.23388	93.0885
2.23292	93.2027
2.23196	93.2428
2.231	93.2511
2.23004	93.3396
2.22908	93.3058
2.22812	93.327
2.22716	93.5352
2.22621	93.687
2.22525	93.6691
2.2243	93.6263
2.22334	93.715
2.22239	93.8144
2.22144	93.7146
2.22049	93.6689
2.21953	93.6515
2.21859	93.6392
2.21764	93.6837
2.21669	93.6489
2.21574	93.6644
2.21479	93.7202
2.21385	93.6979
2.2129	93.7175
2.21196	93.9188
2.21102	94.0165
2.21007	93.9492
2.20913	93.9853
2.20819	94.0385
2.20725	93.9445
2.20631	93.901
2.20537	93.9625
2.20444	94.0781
2.2035	94.0745
2.20256	94.2019
2.20163	94.2667
2.20069	94.1753
2.19976	94.063
2.19883	93.9735
2.19789	94.1563
2.19696	94.396
2.19603	94.3459
2.1951	94.2083
2.19417	94.0868
2.19325	94.0101
2.19232	94.0075
2.19139	94.1923
2.19047	94.4101
2.18954	94.3854
2.18862	94.3048
2.18769	94.3493
2.18677	94.3651
2.18585	94.3121
2.18493	94.4493
2.18401	94.5133
2.18309	94.4931
2.18217	94.3973
2.18125	94.4464
2.18033	94.5311
2.17942	94.4748
2.1785	94.3282
2.17759	94.212
2.17667	94.3327
2.17576	94.3851
2.17485	94.355
2.17393	94.3254
2.17302	94.4159
2.17211	94.5556
2.1712	94.5686
2.17029	94.5239
2.16939	94.4256
2.16848	94.3446
2.16757	94.1631
2.16667	94.2239
2.16576	94.5158
2.16486	94.5672
2.16395	94.4837
2.16305	94.4245
2.16215	94.4558
2.16125	94.4156
2.16035	94.4189
2.15945	94.5279
2.15855	94.5878
2.15765	94.5908
2.15675	94.4434
2.15586	94.4996
2.15496	94.5978
2.15406	94.472
2.15317	94.4945
2.15228	94.4952
2.15138	94.4366
2.15049	94.5699
2.1496	94.7003
2.14871	94.608
2.14782	94.6232
2.14693	94.6751
2.14604	94.5723
2.14515	94.4548
2.14427	94.4122
2.14338	94.4638
2.14249	94.5581
2.14161	94.5125
2.14072	94.4375
2.13984	94.5038
2.13896	94.6722
2.13808	94.7573
2.13719	94.7685
2.13631	94.6558
2.13543	94.5594
2.13455	94.642
2.13368	94.6164
2.1328	94.6646
2.13192	94.7078
2.13105	94.6687
2.13017	94.6606
2.1293	94.7294
2.12842	94.8024
2.12755	94.8582
2.12668	94.9499
2.1258	94.8094
2.12493	94.8339
2.12406	94.8402
2.12319	94.6535
2.12232	94.6346
2.12145	94.6732
2.12059	94.6739
2.11972	94.7106
2.11885	94.6153
2.11799	94.6065
2.11712	94.76
2.11626	94.7742
2.1154	94.9704
2.11453	94.8723
2.11367	94.64
2.11281	94.6356
2.11195	94.7019
2.11109	94.8012
2.11023	94.8761
2.10937	94.8463
2.10851	94.6894
2.10766	94.602
2.1068	94.7231
2.10594	94.8084
2.10509	94.8656
2.10423	94.9811
2.10338	95.1642
2.10253	95.0007
2.10168	94.7754
2.10082	94.83
2.09997	94.8219
2.09912	94.8388
2.09827	94.8477
2.09742	94.839
2.09658	94.7614
2.09573	94.7692
2.09488	95.0159
2.09404	95.0544
2.09319	95.038
2.09235	94.957
2.0915	94.9414
2.09066	94.9465
2.08982	94.8414
2.08897	94.7642
2.08813	94.7715
2.08729	94.9616
2.08645	94.9048
2.08561	94.711
2.08477	94.8132
2.08394	94.8066
2.0831	94.8232
2.08226	94.6835
2.08143	94.4003
2.08059	94.6151
2.07976	94.7893
2.07892	94.9198
2.07809	95.2094
2.07726	95.3601
2.07643	94.9876
2.07559	94.8601
2.07476	94.861
2.07393	94.8712
2.0731	94.939
2.07228	94.7756
2.07145	94.6943
2.07062	95.0716
2.06979	95.2072
2.06897	94.9649
2.06814	94.6975
2.06732	94.6581
2.06649	94.6771
2.06567	94.8007
2.06485	94.7921
2.06403	94.9357
2.0632	95.0145
2.06238	94.8367
2.06156	94.6444
2.06074	94.907
2.05993	95.0333
2.05911	94.7244
2.05829	94.6438
2.05747	94.9638
2.05666	94.9438
2.05584	94.963
2.05503	95.0519
2.05421	95.143
2.0534	95.1469
2.05259	95.1063
2.05177	95.0395
2.05096	94.8366
2.05015	94.8605
2.04934	95.013
2.04853	95.0157
2.04772	94.9593
2.04691	94.9338
2.04611	94.9876
2.0453	94.8892
2.04449	94.8569
2.04369	94.9685
2.04288	94.9012
2.04208	94.8071
2.04127	94.8141
2.04047	94.8968
2.03967	95.0268
2.03886	95.0313
2.03806	94.9338
2.03726	94.9659
2.03646	94.9576
2.03566	94.9534
2.03486	95.1215
2.03407	95.2398
2.03327	95.2109
2.03247	95.0065
2.03167	94.9351
2.03088	95.1963
2.03008	95.2267
2.02929	95.1247
2.0285	95.0148
2.0277	94.8943
2.02691	94.7123
2.02612	94.8307
2.02533	94.984
2.02453	95.0387
2.02374	95.0662
2.02295	95.0449
2.02217	95.1905
2.02138	95.1993
2.02059	94.95
2.0198	94.8223
2.01902	94.8945
2.01823	94.7838
2.01744	94.7463
2.01666	94.983
2.01588	95.1391
2.01509	95.0505
2.01431	94.9517
2.01353	95.0822
2.01275	95.0662
2.01196	94.8799
2.01118	95.0291
2.0104	95.0279
2.00963	94.9461
2.00885	94.9316
2.00807	95.0749
2.00729	95.2077
2.00651	95.1845
2.00574	95.1324
2.00496	95.0293
2.00419	94.7976
2.00341	94.8116
2.00264	94.9606
2.00187	95.1615
2.00109	95.0539
2.00032	95.0102
