Name: Corundum Al_2O_3
Type: Mineral
Class: Oxides
Subclass: 
Particle Size: 0-45um
Sample No.: O-15A
Owner: JPL
Wavelength range: IR
Origin: 
Collected by JPL
Description:  Synthetic corundum. 





Measurement: Hemispherical reflectance
First Column: X
Second Column: Y
X Units:  Wavelength (micrometers)
Y Units:  Reflectance (percent)
First X Value: 15.3853
Last X Value: 2.00032
Number of X Values: 2256
Additional information: o15aa.txt
 
15.3853	4.75263
15.3397	4.90497
15.2945	5.0356
15.2495	4.86149
15.2048	4.70301
15.1603	4.67585
15.1161	4.57703
15.0722	4.68818
15.0285	4.83196
14.9851	4.72327
14.9419	4.50809
14.8989	4.5709
14.8563	4.63211
14.8138	4.55048
14.7716	4.44155
14.7296	4.4626
14.6879	4.53981
14.6464	4.3105
14.6052	4.30659
14.5641	4.61554
14.5233	4.63965
14.4828	4.48434
14.4424	4.38896
14.4023	4.15413
14.3624	4.08803
14.3227	4.06429
14.2833	4.12966
14.244	4.26383
14.205	4.31348
14.1662	4.26619
14.1276	4.16355
14.0892	3.98487
14.051	4.03698
14.0131	4.06174
13.9753	4.17505
13.9377	4.30669
13.9004	4.3044
13.8632	4.14971
13.8262	4.02736
13.7895	3.92912
13.7529	3.92113
13.7165	3.83706
13.6803	3.89276
13.6443	4.00877
13.6085	3.97645
13.5729	3.96724
13.5374	3.97783
13.5022	3.9587
13.4671	3.98936
13.4322	3.91254
13.3975	3.78575
13.363	3.79619
13.3286	3.82047
13.2944	3.87416
13.2604	3.91413
13.2266	3.98236
13.193	3.92661
13.1595	3.76507
13.1262	3.87233
13.093	3.9727
13.06	3.91197
13.0272	3.91354
12.9946	4.04678
12.9621	4.15782
12.9298	4.17824
12.8976	4.06777
12.8656	3.97804
12.8337	3.91541
12.8021	3.96085
12.7705	3.93394
12.7391	3.91682
12.7079	3.93892
12.6769	3.93561
12.6459	3.91888
12.6152	3.8648
12.5845	3.97595
12.5541	4.02314
12.5238	3.89774
12.4936	3.89982
12.4635	3.9304
12.4337	3.88418
12.4039	4.00377
12.3743	4.15314
12.3448	4.07395
12.3155	3.98774
12.2863	3.9522
12.2573	4.01791
12.2284	4.03986
12.1996	4.00985
12.171	3.97133
12.1425	4.01445
12.1141	4.06232
12.0859	3.98044
12.0578	3.99724
12.0298	4.2254
12.0019	4.33094
11.9742	4.28977
11.9466	4.15096
11.9192	3.94658
11.8918	3.94201
11.8646	4.1922
11.8375	4.38033
11.8106	4.41698
11.7837	4.33975
11.757	4.37968
11.7304	4.39604
11.7039	4.28888
11.6776	4.37863
11.6513	4.2478
11.6252	4.18287
11.5992	4.42768
11.5733	4.63796
11.5475	4.68405
11.5219	4.61936
11.4963	4.65364
11.4709	4.76876
11.4455	4.81203
11.4203	4.78645
11.3952	4.81061
11.3702	4.81049
11.3454	4.87747
11.3206	4.86297
11.2959	4.6948
11.2714	4.55051
11.2469	4.45738
11.2226	4.47403
11.1983	4.57963
11.1742	4.6522
11.1502	4.5805
11.1263	4.36484
11.1024	4.25255
11.0787	4.02601
11.0551	3.78969
11.0316	3.71706
11.0081	3.67005
10.9848	3.56961
10.9616	3.38732
10.9385	3.2571
10.9154	3.18855
10.8925	3.06849
10.8697	2.93364
10.8469	2.74112
10.8243	2.56089
10.8017	2.39528
10.7793	2.23729
10.7569	2.22886
10.7346	2.25504
10.7125	2.17388
10.6904	1.94107
10.6684	1.81187
10.6465	1.73387
10.6247	1.61824
10.6029	1.67226
10.5813	1.68271
10.5597	1.56527
10.5383	1.33946
10.5169	1.14349
10.4956	1.09433
10.4744	1.06572
10.4533	1.03129
10.4323	0.964418
10.4113	0.905816
10.3904	0.9158
10.3697	0.951143
10.349	1.04016
10.3284	0.974206
10.3078	0.837067
10.2874	0.772363
10.267	0.615722
10.2467	0.525978
10.2265	0.491042
10.2064	0.54074
10.1863	0.508436
10.1663	0.553818
10.1464	0.530247
10.1266	0.4417
10.1069	0.4217
10.0872	0.38105
10.0676	0.33248
10.0481	0.302837
10.0287	0.319042
10.0093	0.312145
9.99005	0.401148
9.97084	0.443027
9.95169	0.391885
9.93263	0.341355
9.91364	0.240395
9.89472	0.21174
9.87587	0.284857
9.8571	0.254782
9.83839	0.163147
9.81976	0.133272
9.80119	0.0766836
9.78271	0.0461833
9.76428	0.134145
9.74592	0.191933
9.72764	0.186895
9.70943	0.213155
9.69128	0.179948
9.6732	0.160536
9.65518	0.16736
9.63724	0.285639
9.61935	0.330715
9.60155	0.265774
9.5838	0.237594
9.56611	0.276346
9.5485	0.286111
9.53094	0.219213
9.51345	0.212163
9.49604	0.231608
9.47867	0.214446
9.46137	0.296904
9.44414	0.274568
9.42697	0.221856
9.40986	0.289368
9.39281	0.364142
9.37583	0.378528
9.35891	0.358624
9.34204	0.304991
9.32524	0.264396
9.3085	0.370768
9.29182	0.404156
9.27519	0.357703
9.25863	0.352776
9.24213	0.358155
9.22568	0.403123
9.2093	0.38748
9.19297	0.372466
9.17669	0.345548
9.16048	0.517094
9.14433	0.587402
9.12823	0.507791
9.11218	0.442767
9.0962	0.420388
9.08027	0.553139
9.06439	0.646997
9.04858	0.534516
9.03281	0.52179
9.0171	0.705864
9.00145	0.886314
8.98585	0.809828
8.9703	0.77815
8.9548	0.868484
8.93937	0.87971
8.92398	0.88139
8.90865	0.930417
8.89337	1.02714
8.87814	1.09534
8.86296	1.12443
8.84784	1.1061
8.83277	1.05014
8.81774	1.04445
8.80277	1.07577
8.78786	1.14835
8.77298	1.2777
8.75816	1.43403
8.7434	1.4429
8.72868	1.43547
8.714	1.53121
8.69938	1.64305
8.68481	1.72807
8.67029	1.85286
8.65581	1.82801
8.64139	1.75543
8.62701	1.86962
8.61268	1.9671
8.5984	2.02813
8.58416	2.12766
8.56997	2.12043
8.55583	2.10878
8.54174	2.28294
8.52769	2.50852
8.51368	2.58728
8.49973	2.56546
8.48582	2.68775
8.47195	2.8318
8.45813	2.81053
8.44436	2.8667
8.43062	3.06533
8.41693	3.06441
8.4033	3.14
8.3897	3.30573
8.37614	3.40358
8.36264	3.45999
8.34917	3.58914
8.33574	3.71149
8.32236	3.80377
8.30903	3.96941
8.29573	4.06786
8.28248	4.1072
8.26927	4.28527
8.2561	4.4341
8.24298	4.49958
8.2299	4.67881
8.21685	4.89723
8.20385	5.12279
8.19089	5.32495
8.17797	5.44132
8.16509	5.53652
8.15225	5.6138
8.13946	5.77991
8.1267	5.98009
8.11398	6.00596
8.10131	6.12
8.08867	6.11444
8.07606	6.08642
8.0635	6.22656
8.05099	6.29774
8.0385	6.33646
8.02606	6.4121
8.01366	6.43413
8.00129	6.58538
7.98896	6.75031
7.97667	6.66907
7.96442	6.71742
7.9522	6.95481
7.94002	7.0487
7.92788	7.14875
7.91578	7.31204
7.90371	7.32601
7.89168	7.35581
7.87969	7.41297
7.86773	7.44513
7.85581	7.47689
7.84392	7.51282
7.83207	7.62198
7.82026	7.6234
7.80849	7.6353
7.79674	7.70713
7.78503	7.83238
7.77337	7.9276
7.76173	8
7.75012	8.10165
7.73856	8.26635
7.72703	8.38954
7.71553	8.50067
7.70406	8.59353
7.69263	8.75635
7.68123	8.96054
7.66987	9.07954
7.65855	9.16392
7.64725	9.31769
7.63598	9.43932
7.62475	9.44034
7.61356	9.44707
7.60239	9.59026
7.59126	9.7245
7.58017	9.73191
7.5691	9.66424
7.55806	9.70173
7.54707	9.67815
7.5361	9.63169
7.52516	9.6598
7.51425	9.79101
7.50338	9.9815
7.49253	10.0758
7.48172	10.2131
7.47094	10.4093
7.46019	10.4823
7.44947	10.4916
7.43879	10.5047
7.42813	10.5851
7.4175	10.6503
7.4069	10.6886
7.39634	10.8076
7.3858	10.9496
7.37529	10.9225
7.36482	10.8319
7.35437	10.7201
7.34396	10.6809
7.33357	10.5575
7.32321	10.2474
7.31288	9.96763
7.30258	9.77031
7.29231	9.5313
7.28207	9.23577
7.27185	8.88904
7.26167	8.40739
7.25152	7.76065
7.24139	7.0677
7.23129	6.30988
7.22122	5.6033
7.21117	4.91641
7.20116	4.20696
7.19117	3.58926
7.18121	3.28163
7.17128	3.28961
7.16137	3.41723
7.1515	3.6559
7.14164	3.9585
7.13182	4.30462
7.12203	4.68679
7.11225	4.96187
7.10251	5.28233
7.0928	5.74257
7.08311	6.1512
7.07344	6.39457
7.06381	6.81618
7.0542	7.34746
7.04461	7.68569
7.03506	7.91282
7.02552	8.26153
7.01601	8.62161
7.00653	9.0345
6.99708	9.50341
6.98765	10.1285
6.97824	10.8188
6.96886	11.4844
6.95951	12.1338
6.95018	12.6679
6.94087	13.261
6.9316	13.9123
6.92234	14.6261
6.91311	15.3442
6.90391	15.9995
6.89473	16.6058
6.88557	17.1756
6.87644	17.7871
6.86733	18.5637
6.85824	19.0197
6.84918	19.1852
6.84015	19.5403
6.83114	20.0047
6.82215	20.3892
6.81319	20.5519
6.80424	20.8165
6.79532	21.1768
6.78643	21.3375
6.77756	21.2977
6.76871	21.2717
6.75989	21.1803
6.75109	21.0759
6.74231	20.947
6.73355	20.8843
6.72482	20.9695
6.71611	21.0612
6.70742	21.0863
6.69875	21.0612
6.69011	21.2173
6.68149	21.4783
6.67289	21.4192
6.66431	21.2357
6.65576	21.1862
6.64722	21.4363
6.63871	21.7355
6.63022	21.5584
6.62175	21.2838
6.61331	21.3143
6.60488	21.378
6.59648	21.3315
6.5881	21.268
6.57974	21.3069
6.5714	21.1964
6.56308	20.7228
6.55478	20.3559
6.54651	20.0149
6.53825	19.5691
6.53001	19.226
6.5218	18.884
6.51361	18.3434
6.50544	17.8189
6.49729	17.5549
6.48915	17.0796
6.48104	16.2878
6.47295	15.568
6.46488	14.9331
6.45683	14.4113
6.4488	13.887
6.44079	13.431
6.4328	13.0753
6.42482	12.7473
6.41687	12.5225
6.40894	11.9946
6.40103	11.3648
6.39314	10.9472
6.38526	10.5735
6.37741	10.2374
6.36957	9.98907
6.36176	9.68833
6.35396	9.51061
6.34618	9.49369
6.33843	9.2219
6.33069	8.89842
6.32297	8.84427
6.31527	8.85
6.30758	8.85208
6.29992	8.92954
6.29227	9.08201
6.28465	9.19562
6.27704	9.36491
6.26945	9.67827
6.26188	10.1045
6.25432	10.5672
6.24679	11.1061
6.23927	11.7086
6.23177	12.3233
6.22429	12.9667
6.21683	13.7288
6.20938	14.543
6.20195	15.4076
6.19454	16.4757
6.18715	17.7244
6.17978	18.6725
6.17242	19.5141
6.16508	20.5673
6.15776	21.7302
6.15045	22.7308
6.14317	23.7306
6.1359	24.6341
6.12864	25.5127
6.12141	26.6198
6.11419	27.7476
6.10699	28.3936
6.0998	29.106
6.09263	29.8418
6.08549	30.5232
6.07835	31.3676
6.07123	32.182
6.06413	32.628
6.05705	33.3456
6.04998	34.3995
6.04293	34.4157
6.0359	34.2502
6.02888	34.5601
6.02187	35.0391
6.01489	35.6153
6.00792	36.0173
6.00096	36.4043
5.99403	37.0244
5.98711	37.5103
5.9802	37.6962
5.97331	38.2045
5.96644	38.6431
5.95958	38.8652
5.95274	39.4363
5.94591	40.1399
5.9391	41.0705
5.9323	41.3627
5.92552	41.2863
5.91876	41.6641
5.91201	42.0777
5.90528	42.5849
5.89856	43.3642
5.89186	43.6777
5.88517	44.2389
5.8785	44.7208
5.87184	44.4494
5.8652	44.6731
5.85857	44.9018
5.85196	45.0976
5.84536	45.3825
5.83878	45.8913
5.83221	46.4107
5.82566	47.0183
5.81912	47.2732
5.81259	47.0895
5.80608	47.2555
5.79959	47.5384
5.79311	47.7603
5.78665	48.0189
5.78019	48.3132
5.77376	48.804
5.76734	49.428
5.76093	49.3742
5.75453	49.3609
5.74815	49.7574
5.74179	49.8387
5.73543	50.0196
5.7291	50.281
5.72277	50.5945
5.71646	50.8721
5.71017	51.1194
5.70389	51.0292
5.69762	51.0613
5.69136	51.2605
5.68513	51.3687
5.6789	51.5293
5.67268	51.5477
5.66648	51.412
5.6603	51.6261
5.65413	51.8197
5.64797	52.0219
5.64182	52.3534
5.63569	52.2118
5.62957	52.0371
5.62347	52.1015
5.61737	52.175
5.61129	52.2735
5.60522	52.4542
5.59917	52.5901
5.59313	52.6488
5.5871	52.7929
5.58109	53.0624
5.57509	53.133
5.5691	52.9974
5.56312	52.965
5.55716	53.0163
5.55121	53.0651
5.54528	52.9335
5.53935	52.8281
5.53344	52.7038
5.52754	52.5696
5.52166	52.3692
5.51578	52.0811
5.50992	51.8642
5.50407	51.7644
5.49823	51.594
5.49241	51.6101
5.4866	51.7166
5.4808	51.9136
5.47501	52.0997
5.46923	52.4024
5.46347	52.7361
5.45772	52.9061
5.45198	53.1356
5.44625	53.414
5.44054	53.6211
5.43484	53.855
5.42914	54.1405
5.42347	54.5351
5.4178	54.654
5.41214	54.6993
5.4065	54.7899
5.40087	54.8918
5.39525	55.0118
5.38964	55.1631
5.38404	55.3149
5.37846	55.4129
5.37288	55.4821
5.36732	55.6324
5.36177	55.7379
5.35623	55.8885
5.35071	56.049
5.34519	56.0212
5.33968	55.9735
5.33419	55.9606
5.32871	55.963
5.32324	56.0832
5.31778	56.1671
5.31233	56.1682
5.30689	56.1494
5.30147	56.1369
5.29605	56.2691
5.29065	56.4587
5.28525	56.4416
5.27987	56.4768
5.2745	56.5043
5.26914	56.5201
5.26379	56.5922
5.25845	56.7203
5.25312	56.7779
5.24781	56.8133
5.2425	56.8996
5.23721	56.986
5.23192	56.959
5.22665	57.0124
5.22138	57.0854
5.21613	57.2019
5.21089	57.1807
5.20566	57.1154
5.20044	57.1544
5.19522	57.1499
5.19002	57.1314
5.18483	57.1367
5.17965	57.1442
5.17448	57.1631
5.16933	57.1944
5.16418	57.2665
5.15904	57.2686
5.15391	57.2581
5.14879	57.2529
5.14368	57.1306
5.13859	57.074
5.1335	57.0974
5.12842	57.0649
5.12335	57.0545
5.1183	57.0556
5.11325	57.0334
5.10821	56.9335
5.10318	56.8287
5.09817	56.7625
5.09316	56.6395
5.08816	56.5691
5.08317	56.5745
5.07819	56.5454
5.07322	56.4499
5.06826	56.3796
5.06331	56.3512
5.05837	56.3853
5.05344	56.4185
5.04852	56.3916
5.04361	56.3875
5.03871	56.4326
5.03382	56.4761
5.02894	56.5333
5.02406	56.5789
5.0192	56.6267
5.01435	56.6304
5.0095	56.6376
5.00467	56.6778
4.99984	56.7482
4.99502	56.8356
4.99021	56.8645
4.98542	56.8461
4.98063	56.8099
4.97585	56.8517
4.97108	56.919
4.96632	56.8846
4.96156	56.9139
4.95682	56.9911
4.95209	56.9555
4.94736	56.8738
4.94264	56.8624
4.93794	56.8995
4.93324	56.895
4.92855	56.8976
4.92387	56.8713
4.9192	56.8298
4.91453	56.7666
4.90988	56.7608
4.90524	56.7303
4.9006	56.6817
4.89597	56.6522
4.89135	56.6417
4.88674	56.6411
4.88214	56.5894
4.87755	56.5848
4.87296	56.5925
4.86839	56.5693
4.86382	56.5555
4.85926	56.5594
4.85471	56.5466
4.85017	56.5154
4.84564	56.4849
4.84111	56.447
4.8366	56.4277
4.83209	56.4424
4.82759	56.3767
4.8231	56.3514
4.81862	56.3195
4.81415	56.265
4.80968	56.2316
4.80522	56.1839
4.80077	56.1752
4.79633	56.106
4.7919	56.0597
4.78747	56.0483
4.78306	55.952
4.77865	55.8405
4.77425	55.8222
4.76986	55.8318
4.76547	55.8524
4.7611	55.841
4.75673	55.851
4.75237	55.9065
4.74802	56.0076
4.74367	56.0945
4.73934	56.1886
4.73501	56.2383
4.73069	56.2879
4.72638	56.3422
4.72207	56.3448
4.71777	56.3744
4.71348	56.4275
4.7092	56.456
4.70493	56.4265
4.70066	56.4674
4.69641	56.5283
4.69216	56.5761
4.68791	56.6436
4.68368	56.6196
4.67945	56.6383
4.67523	56.7378
4.67102	56.8491
4.66682	56.843
4.66262	56.8654
4.65843	56.9345
4.65425	56.9906
4.65007	57.0618
4.64591	57.1544
4.64175	57.2266
4.6376	57.2975
4.63345	57.391
4.62932	57.4824
4.62519	57.5599
4.62106	57.6945
4.61695	57.8341
4.61284	57.8857
4.60874	57.9188
4.60465	58.0784
4.60056	58.1599
4.59648	58.2201
4.59241	58.2976
4.58835	58.3763
4.58429	58.5458
4.58024	58.6402
4.5762	58.7065
4.57216	58.8115
4.56814	58.9106
4.56411	58.958
4.5601	59.0525
4.55609	59.1828
4.55209	59.3079
4.5481	59.4655
4.54411	59.5695
4.54013	59.5906
4.53616	59.5944
4.5322	59.7152
4.52824	59.7956
4.52429	59.839
4.52034	59.9513
4.51641	60.1068
4.51247	60.1822
4.50855	60.2109
4.50463	60.2022
4.50072	60.2281
4.49682	60.2879
4.49292	60.2786
4.48903	60.3405
4.48515	60.4088
4.48127	60.4853
4.4774	60.5531
4.47354	60.5362
4.46968	60.5434
4.46584	60.6225
4.46199	60.6708
4.45815	60.6416
4.45432	60.6584
4.4505	60.7045
4.44668	60.7679
4.44287	60.8161
4.43907	60.8148
4.43527	60.8315
4.43148	60.8689
4.4277	60.8671
4.42392	60.9007
4.42015	60.909
4.41638	60.9076
4.41262	60.9329
4.40887	60.9562
4.40513	60.9281
4.40139	60.9643
4.39765	60.9868
4.39393	60.9447
4.39021	60.9109
4.38649	60.894
4.38278	60.8529
4.37908	60.8752
4.37539	60.9001
4.3717	60.9231
4.36801	60.9506
4.36434	60.9582
4.36067	60.9089
4.357	60.8566
4.35335	60.8616
4.34969	60.8733
4.34605	60.8696
4.34241	60.8397
4.33877	60.8079
4.33514	60.7883
4.33152	60.7904
4.32791	60.797
4.3243	60.7618
4.32069	60.7844
4.3171	60.7766
4.31351	60.7505
4.30992	60.7287
4.30634	60.7232
4.30277	60.7414
4.2992	60.7376
4.29564	60.7306
4.29208	60.7723
4.28853	60.7784
4.28499	60.7483
4.28145	60.7015
4.27792	60.6516
4.27439	60.6735
4.27087	60.7302
4.26735	60.6593
4.26384	60.5415
4.26034	60.4534
4.25684	60.4703
4.25335	60.6129
4.24986	60.6969
4.24638	60.6467
4.24291	60.5922
4.23944	60.5814
4.23598	60.5789
4.23252	60.5198
4.22906	60.5445
4.22562	60.5548
4.22218	60.5059
4.21874	60.446
4.21531	60.4254
4.21189	60.3952
4.20847	60.3392
4.20506	60.2569
4.20165	60.1877
4.19825	60.1594
4.19485	60.1484
4.19146	60.1085
4.18807	60.0211
4.18469	59.9652
4.18132	59.9162
4.17795	59.8699
4.17458	59.8882
4.17123	59.8797
4.16787	59.8156
4.16453	59.6958
4.16118	59.5983
4.15785	59.5958
4.15451	59.5931
4.15119	59.5229
4.14787	59.4193
4.14455	59.3112
4.14124	59.2172
4.13794	59.1601
4.13464	59.1021
4.13134	59.06
4.12805	58.9543
4.12477	58.8107
4.12149	58.7006
4.11822	58.63
4.11495	58.5387
4.11168	58.424
4.10843	58.278
4.10517	58.1718
4.10192	58.1415
4.09868	58.0395
4.09545	57.9087
4.09221	57.756
4.08899	57.5441
4.08576	57.3255
4.08255	57.1969
4.07933	57.0565
4.07613	56.8733
4.07292	56.7295
4.06973	56.5773
4.06654	56.4002
4.06335	56.2373
4.06017	56.1476
4.05699	56.1371
4.05382	56.04
4.05065	56.0321
4.04749	55.9989
4.04433	55.8789
4.04118	55.7934
4.03803	55.7653
4.03489	55.7326
4.03175	55.7218
4.02862	55.6561
4.02549	55.552
4.02237	55.4877
4.01925	55.4297
4.01614	55.4131
4.01303	55.4295
4.00993	55.3742
4.00683	55.1765
4.00373	55.0824
4.00064	55.1148
3.99756	55.0905
3.99448	54.9976
3.9914	54.9409
3.98833	54.8247
3.98527	54.6331
3.98221	54.5408
3.97915	54.5664
3.9761	54.537
3.97305	54.4322
3.97001	54.3662
3.96697	54.3598
3.96394	54.3624
3.96091	54.2698
3.95789	54.2319
3.95487	54.176
3.95186	54.1699
3.94885	54.1461
3.94584	54.1293
3.94284	54.1862
3.93984	54.2345
3.93685	54.3095
3.93386	54.3496
3.93088	54.4174
3.9279	54.5059
3.92493	54.5815
3.92196	54.6922
3.919	54.8649
3.91604	55.0051
3.91308	55.0566
3.91013	55.1527
3.90718	55.3573
3.90424	55.5601
3.9013	55.6499
3.89837	55.7356
3.89544	55.8985
3.89252	56.0665
3.8896	56.1487
3.88668	56.213
3.88377	56.3294
3.88086	56.4099
3.87796	56.5312
3.87506	56.6764
3.87217	56.7551
3.86928	56.8334
3.86639	56.9683
3.86351	57.0412
3.86064	57.0844
3.85776	57.1453
3.8549	57.1951
3.85203	57.1334
3.84917	57.1712
3.84631	57.3036
3.84346	57.3076
3.84062	57.2788
3.83777	57.3637
3.83494	57.5025
3.8321	57.6319
3.82927	57.6846
3.82644	57.6581
3.82362	57.7307
3.82081	57.837
3.81799	57.8537
3.81518	57.892
3.81238	57.9545
3.80958	57.9668
3.80678	57.9434
3.80399	57.9046
3.8012	57.8903
3.79841	57.8463
3.79563	57.7743
3.79286	57.7237
3.79008	57.7182
3.78731	57.6633
3.78455	57.5915
3.78179	57.5368
3.77903	57.542
3.77628	57.4718
3.77353	57.4208
3.77079	57.4073
3.76805	57.3802
3.76531	57.3633
3.76258	57.2721
3.75985	57.2114
3.75713	57.1797
3.7544	57.0892
3.75169	57.011
3.74898	56.9534
3.74627	56.8649
3.74356	56.8241
3.74086	56.7368
3.73816	56.6341
3.73547	56.6254
3.73278	56.6459
3.7301	56.6512
3.72741	56.5832
3.72474	56.4552
3.72206	56.4175
3.71939	56.3847
3.71673	56.2421
3.71406	56.1394
3.71141	56.1404
3.70875	56.1306
3.7061	56.0787
3.70345	55.9838
3.70081	55.9603
3.69817	55.8897
3.69553	55.7752
3.6929	55.6933
3.69027	55.6675
3.68765	55.6575
3.68503	55.564
3.68241	55.5163
3.6798	55.5114
3.67719	55.5433
3.67458	55.456
3.67198	55.313
3.66938	55.2171
3.66678	55.1639
3.66419	55.1444
3.66161	55.0929
3.65902	54.9386
3.65644	54.8739
3.65387	54.8647
3.65129	54.6986
3.64872	54.514
3.64616	54.4625
3.64359	54.4289
3.64103	54.3462
3.63848	54.2748
3.63593	54.1766
3.63338	54.154
3.63084	54.1226
3.6283	54.0583
3.62576	54.0277
3.62322	53.9825
3.62069	53.916
3.61817	53.82
3.61564	53.7938
3.61312	53.7239
3.61061	53.6285
3.6081	53.626
3.60559	53.5961
3.60308	53.4279
3.60058	53.2477
3.59808	53.1635
3.59558	53.0736
3.59309	52.9768
3.59061	52.9237
3.58812	52.8378
3.58564	52.6975
3.58316	52.5544
3.58069	52.4374
3.57822	52.3209
3.57575	52.2152
3.57328	52.0491
3.57082	51.9354
3.56836	51.7911
3.56591	51.6173
3.56346	51.4867
3.56101	51.4216
3.55857	51.3316
3.55613	51.1318
3.55369	51.0168
3.55126	50.9394
3.54883	50.8132
3.5464	50.7336
3.54397	50.6565
3.54155	50.5557
3.53914	50.438
3.53672	50.2897
3.53431	50.1798
3.5319	50.0649
3.5295	49.8362
3.5271	49.6617
3.5247	49.4433
3.52231	49.1169
3.51991	48.8374
3.51753	48.5997
3.51514	48.3344
3.51276	48.0879
3.51038	47.9621
3.50801	47.8179
3.50563	47.6948
3.50327	47.6046
3.5009	47.5406
3.49854	47.5341
3.49618	47.4992
3.49382	47.5211
3.49147	47.5502
3.48912	47.4876
3.48677	47.4766
3.48443	47.4416
3.48209	47.3685
3.47975	47.356
3.47742	47.3451
3.47509	47.1963
3.47276	47.035
3.47044	46.9748
3.46812	46.9333
3.4658	46.8965
3.46348	46.8494
3.46117	46.7704
3.45886	46.6441
3.45656	46.4604
3.45425	46.3119
3.45195	46.1893
3.44966	46.0944
3.44736	46.0272
3.44507	45.9652
3.44279	45.88
3.4405	45.7239
3.43822	45.6224
3.43594	45.561
3.43367	45.4097
3.43139	45.3364
3.42912	45.2245
3.42686	45.0155
3.42459	44.8027
3.42233	44.6292
3.42007	44.498
3.41782	44.3953
3.41557	44.1935
3.41332	44.039
3.41108	43.9476
3.40883	43.7906
3.40659	43.7134
3.40435	43.6448
3.40212	43.5548
3.39989	43.5159
3.39766	43.5031
3.39544	43.4489
3.39322	43.349
3.391	43.3272
3.38878	43.355
3.38657	43.297
3.38436	43.1236
3.38215	43.0446
3.37994	42.9433
3.37774	42.8237
3.37554	42.7469
3.37335	42.6186
3.37115	42.5186
3.36896	42.5199
3.36678	42.4754
3.36459	42.4468
3.36241	42.4378
3.36023	42.3641
3.35805	42.3228
3.35588	42.3157
3.35371	42.3467
3.35154	42.2839
3.34938	42.2047
3.34721	42.2531
3.34505	42.2404
3.3429	42.1499
3.34074	42.0917
3.33859	41.9934
3.33644	41.899
3.3343	41.9204
3.33215	41.8743
3.33001	41.7903
3.32788	41.6784
3.32574	41.6096
3.32361	41.592
3.32148	41.4877
3.31936	41.282
3.31723	41.1755
3.31511	41.1683
3.31299	41.1713
3.31088	41.0265
3.30876	40.9441
3.30665	40.8817
3.30455	40.7555
3.30244	40.6636
3.30034	40.5116
3.29824	40.3706
3.29614	40.31
3.29405	40.1687
3.29196	40.0476
3.28987	39.9892
3.28778	39.8597
3.2857	39.7356
3.28362	39.6074
3.28154	39.5606
3.27946	39.4534
3.27739	39.3088
3.27532	39.2056
3.27325	39.1008
3.27119	39.017
3.26913	38.9302
3.26707	38.8037
3.26501	38.6796
3.26295	38.5735
3.2609	38.5182
3.25885	38.3628
3.2568	38.0942
3.25476	37.9826
3.25272	37.9564
3.25068	37.8531
3.24864	37.7231
3.24661	37.6549
3.24458	37.5674
3.24255	37.4453
3.24052	37.3335
3.2385	37.2839
3.23648	37.2108
3.23446	37.0995
3.23244	36.995
3.23043	36.8908
3.22841	36.6909
3.2264	36.541
3.2244	36.5301
3.22239	36.3689
3.22039	36.2619
3.21839	36.249
3.2164	36.1324
3.2144	35.9566
3.21241	35.8296
3.21042	35.6778
3.20844	35.6142
3.20645	35.4767
3.20447	35.3005
3.20249	35.2007
3.20051	35.1152
3.19854	35.0034
3.19657	34.9149
3.1946	34.8035
3.19263	34.6886
3.19067	34.5451
3.1887	34.4149
3.18674	34.2641
3.18479	34.1101
3.18283	34.0339
3.18088	33.951
3.17893	33.8074
3.17698	33.5678
3.17504	33.3449
3.17309	33.2856
3.17115	33.1975
3.16921	32.9756
3.16728	32.8585
3.16534	32.7896
3.16341	32.6263
3.16148	32.4412
3.15956	32.2196
3.15763	32.0149
3.15571	31.8893
3.15379	31.7751
3.15187	31.6139
3.14996	31.4594
3.14805	31.321
3.14614	31.1732
3.14423	31.0473
3.14232	30.9124
3.14042	30.8252
3.13852	30.6719
3.13662	30.3771
3.13472	30.1474
3.13283	30.0001
3.13094	29.9008
3.12905	29.7794
3.12716	29.5721
3.12528	29.4287
3.12339	29.2193
3.12151	29.0021
3.11964	28.8686
3.11776	28.6118
3.11589	28.4077
3.11401	28.2867
3.11214	28.0956
3.11028	27.8904
3.10841	27.7443
3.10655	27.5841
3.10469	27.3504
3.10283	27.0492
3.10098	26.8308
3.09912	26.6111
3.09727	26.2943
3.09542	26.1086
3.09358	25.9625
3.09173	25.705
3.08989	25.4394
3.08805	25.1901
3.08621	24.9994
3.08437	24.7681
3.08254	24.4471
3.08071	24.1102
3.07888	23.8993
3.07705	23.6203
3.07523	23.2899
3.0734	23.0475
3.07158	22.7059
3.06977	22.3189
3.06795	21.9894
3.06613	21.6587
3.06432	21.3845
3.06251	21.0151
3.0607	20.6253
3.0589	20.3149
3.0571	19.9395
3.05529	19.7223
3.05349	19.4843
3.0517	19.234
3.0499	19.0512
3.04811	18.7886
3.04632	18.4728
3.04453	18.3271
3.04274	18.3078
3.04096	18.1661
3.03918	18.0695
3.0374	18.0519
3.03562	18.0238
3.03384	18.0454
3.03207	18.1152
3.03029	18.056
3.02852	17.9794
3.02676	17.9956
3.02499	18.0288
3.02323	18.2174
3.02146	18.4686
3.0197	18.7353
3.01795	18.8399
3.01619	18.9913
3.01444	19.1731
3.01269	19.2366
3.01094	19.4844
3.00919	19.8021
3.00744	20.0129
3.0057	20.0132
3.00396	20.0821
3.00222	20.2937
3.00048	20.5587
2.99875	20.8146
2.99701	21.0877
2.99528	21.3289
2.99355	21.4127
2.99183	21.4811
2.9901	21.6202
2.98838	21.7122
2.98666	21.8069
2.98494	22.0561
2.98322	22.1571
2.9815	22.3311
2.97979	22.4695
2.97808	22.5417
2.97637	22.8314
2.97466	22.9952
2.97295	23.0739
2.97125	23.2511
2.96955	23.3333
2.96785	23.4691
2.96615	23.6941
2.96446	23.8953
2.96276	24.0595
2.96107	24.1417
2.95938	24.2646
2.95769	24.465
2.95601	24.6216
2.95432	24.7326
2.95264	24.9918
2.95096	25.2918
2.94928	25.349
2.9476	25.4364
2.94593	25.6011
2.94425	25.837
2.94258	26.058
2.94092	26.248
2.93925	26.3832
2.93758	26.3971
2.93592	26.5038
2.93426	26.6735
2.9326	26.8866
2.93094	26.9835
2.92928	26.9877
2.92763	27.0025
2.92598	27.1353
2.92433	27.1885
2.92268	27.1774
2.92103	27.1633
2.91939	27.3082
2.91775	27.4903
2.9161	27.638
2.91447	27.7136
2.91283	27.7948
2.91119	27.9094
2.90956	28.0011
2.90793	28.0591
2.9063	28.2016
2.90467	28.268
2.90304	28.438
2.90142	28.4871
2.89979	28.4133
2.89817	28.5198
2.89656	28.6946
2.89494	28.5488
2.89332	28.5293
2.89171	28.7318
2.8901	28.7815
2.88849	28.7139
2.88688	28.5108
2.88527	28.3939
2.88367	28.3678
2.88206	28.3621
2.88046	28.3847
2.87886	28.3952
2.87727	28.4119
2.87567	28.4103
2.87408	28.3537
2.87248	28.4844
2.87089	28.5698
2.8693	28.7123
2.86772	28.8205
2.86613	29.0241
2.86455	29.1673
2.86297	29.2129
2.86139	29.2908
2.85981	29.4779
2.85823	29.7564
2.85666	29.9227
2.85508	30.1554
2.85351	30.4164
2.85194	30.5666
2.85038	30.6796
2.84881	30.9924
2.84724	31.2878
2.84568	31.3592
2.84412	31.3179
2.84256	31.5594
2.841	31.9236
2.83945	32.1389
2.83789	32.2888
2.83634	32.3111
2.83479	32.3802
2.83324	32.6163
2.83169	32.9248
2.83015	33.1901
2.82861	33.4485
2.82706	33.6362
2.82552	33.8767
2.82398	33.9689
2.82245	33.9142
2.82091	34.0587
2.81938	34.155
2.81784	34.2457
2.81631	34.4523
2.81479	34.7047
2.81326	35.0939
2.81173	35.3984
2.81021	35.6418
2.80869	35.9691
2.80716	36.2567
2.80565	36.4743
2.80413	36.7866
2.80261	37.1683
2.8011	37.4628
2.79959	37.8783
2.79808	38.3112
2.79657	38.6455
2.79506	39.0235
2.79355	39.6024
2.79205	40.1227
2.79055	40.5022
2.78904	41.0094
2.78754	41.3948
2.78605	41.5295
2.78455	41.7173
2.78306	42.1569
2.78156	42.5709
2.78007	42.9545
2.77858	43.288
2.77709	43.7617
2.77561	44.0447
2.77412	44.2156
2.77264	44.4674
2.77116	44.9149
2.76968	45.3228
2.7682	45.5639
2.76672	45.931
2.76524	46.2114
2.76377	46.5618
2.7623	46.7564
2.76083	46.8126
2.75936	47.1306
2.75789	47.6199
2.75642	48.3841
2.75496	48.8052
2.7535	48.8601
2.75203	49.2983
2.75057	49.6803
2.74912	49.912
2.74766	50.2713
2.7462	50.6017
2.74475	50.8977
2.7433	51.2567
2.74185	51.7475
2.7404	52.0889
2.73895	52.0765
2.7375	51.9396
2.73606	52.1563
2.73462	52.5977
2.73318	52.7199
2.73174	53.1255
2.7303	53.7812
2.72886	54.4609
2.72742	55.0785
2.72599	55.8531
2.72456	56.5135
2.72313	56.6467
2.7217	57.1939
2.72027	57.7492
2.71884	57.4328
2.71742	57.3746
2.71599	57.4799
2.71457	57.6675
2.71315	58.0603
2.71173	58.8451
2.71032	59.2129
2.7089	59.1284
2.70748	59.1791
2.70607	59.5022
2.70466	59.7991
2.70325	60.2513
2.70184	60.9612
2.70043	61.4875
2.69903	61.9808
2.69762	62.81
2.69622	63.7096
2.69482	64.6648
2.69342	65.375
2.69202	65.6442
2.69062	66.0448
2.68923	66.6104
2.68783	67.2257
2.68644	67.8105
2.68505	68.3493
2.68366	68.8834
2.68227	69.3526
2.68089	70.0202
2.6795	71.0333
2.67812	71.6528
2.67673	72.1957
2.67535	72.2902
2.67397	72.2471
2.6726	72.6042
2.67122	73.6616
2.66984	74.219
2.66847	74.0944
2.6671	74.8607
2.66572	75.4664
2.66435	75.5986
2.66299	75.5839
2.66162	76.0104
2.66025	76.4768
2.65889	76.8965
2.65753	77.1316
2.65616	77.6363
2.65481	77.9894
2.65345	78.3146
2.65209	78.5579
2.65073	78.4752
2.64938	78.6173
2.64803	79.0247
2.64667	79.3126
2.64532	79.3962
2.64397	79.3901
2.64263	79.6355
2.64128	79.7786
2.63994	79.7815
2.63859	79.7979
2.63725	79.8986
2.63591	80.0402
2.63457	80.272
2.63323	80.2804
2.6319	80.5197
2.63056	81.0503
2.62923	80.8189
2.62789	80.7266
2.62656	81.0161
2.62523	80.7373
2.6239	80.5705
2.62258	80.6178
2.62125	81.1197
2.61993	81.2658
2.6186	81.1156
2.61728	81.4735
2.61596	81.2966
2.61464	80.9325
2.61332	81.0706
2.61201	81.151
2.61069	81.3473
2.60938	81.4461
2.60807	81.5223
2.60675	81.8402
2.60544	82.1394
2.60414	81.8402
2.60283	81.6342
2.60152	81.655
2.60022	81.5134
2.59891	81.3759
2.59761	81.5505
2.59631	82.1347
2.59501	82.9726
2.59371	82.5882
2.59242	81.8532
2.59112	81.6762
2.58983	81.9244
2.58853	82.1196
2.58724	82.1427
2.58595	82.0295
2.58466	82.26
2.58338	82.2903
2.58209	82.0495
2.5808	81.9905
2.57952	81.9271
2.57824	82.0709
2.57695	82.2138
2.57567	82.081
2.5744	82.2966
2.57312	82.5426
2.57184	82.2798
2.57057	82.3756
2.56929	82.373
2.56802	82.127
2.56675	82.0284
2.56548	82.272
2.56421	82.541
2.56294	82.5565
2.56168	82.57
2.56041	82.4754
2.55915	82.2993
2.55789	82.205
2.55662	82.1263
2.55536	82.1703
2.5541	82.3388
2.55285	82.4797
2.55159	82.3822
2.55034	82.2655
2.54908	82.3241
2.54783	82.4173
2.54658	82.3987
2.54533	82.4011
2.54408	82.426
2.54283	82.4636
2.54159	82.3799
2.54034	82.4597
2.5391	82.6028
2.53785	82.6612
2.53661	82.7304
2.53537	82.5987
2.53413	82.477
2.53289	82.578
2.53166	82.5944
2.53042	82.5122
2.52919	82.4528
2.52795	82.4066
2.52672	82.4821
2.52549	82.5279
2.52426	82.5496
2.52303	82.5696
2.52181	82.6362
2.52058	82.7541
2.51936	82.7506
2.51813	82.7367
2.51691	82.696
2.51569	82.6358
2.51447	82.6964
2.51325	82.7209
2.51203	82.7854
2.51082	82.856
2.5096	82.7826
2.50839	82.7517
2.50717	82.8101
2.50596	82.9383
2.50475	82.8915
2.50354	82.8655
2.50233	82.8966
2.50113	82.8867
2.49992	82.9043
2.49872	82.9771
2.49751	83.0257
2.49631	83.0044
2.49511	83.0988
2.49391	83.1962
2.49271	83.2098
2.49151	83.1652
2.49031	83.1391
2.48912	83.2513
2.48792	83.2938
2.48673	83.1699
2.48554	83.15
2.48435	83.1463
2.48316	83.1813
2.48197	83.3458
2.48078	83.3172
2.4796	83.2377
2.47841	83.3094
2.47723	83.312
2.47604	83.3114
2.47486	83.3731
2.47368	83.4014
2.4725	83.2969
2.47132	83.3339
2.47014	83.4734
2.46897	83.5247
2.46779	83.5063
2.46662	83.5146
2.46545	83.6405
2.46427	83.7462
2.4631	83.6074
2.46193	83.5593
2.46077	83.6083
2.4596	83.573
2.45843	83.6213
2.45727	83.5119
2.4561	83.4631
2.45494	83.5209
2.45378	83.6239
2.45262	83.7191
2.45146	83.7549
2.4503	83.7758
2.44914	83.8177
2.44799	83.8321
2.44683	83.8468
2.44568	83.7637
2.44452	83.6484
2.44337	83.6127
2.44222	83.7526
2.44107	83.8516
2.43992	83.9118
2.43877	83.9843
2.43763	83.9675
2.43648	83.9012
2.43534	83.8495
2.43419	83.8006
2.43305	83.764
2.43191	83.8447
2.43077	83.9943
2.42963	84.0152
2.42849	83.9951
2.42736	84.0077
2.42622	84.0871
2.42509	84.1178
2.42395	84.11
2.42282	84.1166
2.42169	84.1113
2.42056	84.1222
2.41943	84.1545
2.4183	84.1233
2.41717	84.0954
2.41605	84.1782
2.41492	84.2041
2.4138	84.1635
2.41267	84.1412
2.41155	84.1814
2.41043	84.227
2.40931	84.2955
2.40819	84.2503
2.40707	84.2192
2.40595	84.2572
2.40484	84.2419
2.40372	84.2223
2.40261	84.2111
2.4015	84.2052
2.40039	84.2314
2.39928	84.3843
2.39817	84.5624
2.39706	84.5145
2.39595	84.3881
2.39484	84.3758
2.39374	84.3454
2.39263	84.3933
2.39153	84.3559
2.39043	84.3051
2.38932	84.3715
2.38822	84.3593
2.38712	84.3428
2.38603	84.3653
2.38493	84.4117
2.38383	84.4092
2.38274	84.3769
2.38164	84.4291
2.38055	84.4333
2.37946	84.3635
2.37836	84.2955
2.37727	84.2855
2.37618	84.3378
2.3751	84.3828
2.37401	84.3072
2.37292	84.4015
2.37184	84.5145
2.37075	84.369
2.36967	84.2115
2.36859	84.2358
2.3675	84.34
2.36642	84.2584
2.36534	84.2877
2.36427	84.3561
2.36319	84.218
2.36211	84.0986
2.36104	84.1263
2.35996	84.1093
2.35889	84.0461
2.35781	84.0627
2.35674	84.0121
2.35567	84.0303
2.3546	84.0866
2.35353	84.0144
2.35247	84.1031
2.3514	84.2095
2.35033	84.2025
2.34927	84.1932
2.3482	84.3461
2.34714	84.4864
2.34608	84.493
2.34502	84.5304
2.34396	84.5464
2.3429	84.4616
2.34184	84.4949
2.34078	84.5686
2.33973	84.5642
2.33867	84.5757
2.33762	84.7122
2.33656	84.8389
2.33551	84.8885
2.33446	84.7963
2.33341	84.7932
2.33236	84.911
2.33131	84.8785
2.33026	84.8851
2.32922	84.83
2.32817	84.7061
2.32712	84.7515
2.32608	84.8736
2.32504	84.9677
2.324	84.984
2.32295	84.9488
2.32191	84.9227
2.32087	84.9402
2.31984	84.9969
2.3188	85.0539
2.31776	85.068
2.31673	85.1419
2.31569	85.1908
2.31466	85.1364
2.31362	85.0251
2.31259	84.9554
2.31156	85.1271
2.31053	85.3783
2.3095	85.2995
2.30847	85.0951
2.30745	85.0418
2.30642	85.1434
2.3054	85.2876
2.30437	85.2998
2.30335	85.2292
2.30232	85.2412
2.3013	85.2235
2.30028	85.2848
2.29926	85.2914
2.29824	85.1623
2.29722	85.2337
2.29621	85.3256
2.29519	85.3795
2.29417	85.4357
2.29316	85.4075
2.29215	85.4307
2.29113	85.4452
2.29012	85.4316
2.28911	85.3348
2.2881	85.2117
2.28709	85.3045
2.28608	85.4346
2.28507	85.4481
2.28407	85.3741
2.28306	85.3855
2.28206	85.3844
2.28105	85.3983
2.28005	85.461
2.27905	85.5398
2.27805	85.5213
2.27705	85.4035
2.27605	85.3791
2.27505	85.327
2.27405	85.3892
2.27305	85.5051
2.27206	85.5056
2.27106	85.5166
2.27007	85.5047
2.26907	85.3598
2.26808	85.3123
2.26709	85.4953
2.2661	85.6091
2.26511	85.4654
2.26412	85.3428
2.26313	85.3454
2.26214	85.4678
2.26116	85.4926
2.26017	85.5018
2.25919	85.4909
2.2582	85.4693
2.25722	85.4971
2.25624	85.4218
2.25526	85.4117
2.25428	85.3977
2.2533	85.3205
2.25232	85.4186
2.25134	85.5718
2.25036	85.6363
2.24939	85.6598
2.24841	85.5579
2.24744	85.4912
2.24646	85.4947
2.24549	85.4954
2.24452	85.5467
2.24355	85.6104
2.24257	85.7463
2.24161	85.7682
2.24064	85.6822
2.23967	85.5995
2.2387	85.6654
2.23774	85.7439
2.23677	85.7262
2.23581	85.7093
2.23484	85.674
2.23388	85.7416
2.23292	85.7763
2.23196	85.8019
2.231	85.7741
2.23004	85.7309
2.22908	85.7776
2.22812	85.8676
2.22716	86.0094
2.22621	86.0755
2.22525	86.0442
2.2243	85.989
2.22334	85.9048
2.22239	85.9177
2.22144	86.0916
2.22049	86.1232
2.21953	86.0161
2.21859	85.9664
2.21764	85.9667
2.21669	85.8863
2.21574	85.8856
2.21479	86.0605
2.21385	86.1193
2.2129	86.0919
2.21196	86.1262
2.21102	86.1902
2.21007	86.3169
2.20913	86.4307
2.20819	86.4209
2.20725	86.2845
2.20631	86.2155
2.20537	86.3323
2.20444	86.3791
2.2035	86.2967
2.20256	86.4131
2.20163	86.5004
2.20069	86.344
2.19976	86.2812
2.19883	86.2575
2.19789	86.4364
2.19696	86.6406
2.19603	86.6201
2.1951	86.4894
2.19417	86.306
2.19325	86.1824
2.19232	86.2893
2.19139	86.5597
2.19047	86.743
2.18954	86.7002
2.18862	86.6624
2.18769	86.589
2.18677	86.5681
2.18585	86.642
2.18493	86.7058
2.18401	86.707
2.18309	86.72
2.18217	86.6898
2.18125	86.665
2.18033	86.6322
2.17942	86.6002
2.1785	86.5365
2.17759	86.5038
2.17667	86.6917
2.17576	86.792
2.17485	86.736
2.17393	86.8244
2.17302	86.8336
2.17211	86.7142
2.1712	86.7817
2.17029	86.8278
2.16939	86.7311
2.16848	86.6869
2.16757	86.6171
2.16667	86.7004
2.16576	86.8349
2.16486	86.7814
2.16395	86.6653
2.16305	86.7923
2.16215	86.9365
2.16125	86.9027
2.16035	86.869
2.15945	86.8523
2.15855	86.8898
2.15765	87.0194
2.15675	86.9895
2.15586	86.9397
2.15496	86.8614
2.15406	86.7868
2.15317	86.8276
2.15228	86.89
2.15138	86.8636
2.15049	86.9355
2.1496	87.1145
2.14871	87.0136
2.14782	86.8378
2.14693	86.8855
2.14604	86.9785
2.14515	87.0113
2.14427	86.8466
2.14338	86.8428
2.14249	87.0368
2.14161	87.0551
2.14072	87.0042
2.13984	87.0645
2.13896	87.1247
2.13808	87.0854
2.13719	87.1012
2.13631	87.1988
2.13543	87.0877
2.13455	87.0289
2.13368	86.907
2.1328	86.9634
2.13192	87.0472
2.13105	86.9966
2.13017	87.0593
2.1293	87.2245
2.12842	87.4004
2.12755	87.4011
2.12668	87.3511
2.1258	87.1984
2.12493	87.1044
2.12406	87.2865
2.12319	87.1718
2.12232	86.9945
2.12145	87.0422
2.12059	87.1746
2.11972	87.2218
2.11885	87.1699
2.11799	87.1634
2.11712	87.1917
2.11626	87.179
2.1154	87.1787
2.11453	87.0938
2.11367	87.108
2.11281	87.2278
2.11195	87.4526
2.11109	87.556
2.11023	87.391
2.10937	87.1712
2.10851	87.1496
2.10766	87.2183
2.1068	87.3195
2.10594	87.347
2.10509	87.2987
2.10423	87.2861
2.10338	87.3404
2.10253	87.3485
2.10168	87.2581
2.10082	87.3068
2.09997	87.3164
2.09912	87.1926
2.09827	87.2448
2.09742	87.3317
2.09658	87.1318
2.09573	87.2267
2.09488	87.437
2.09404	87.377
2.09319	87.2026
2.09235	87.1919
2.0915	87.2154
2.09066	87.2981
2.08982	87.3459
2.08897	87.2423
2.08813	87.0121
2.08729	87.0264
2.08645	87.2477
2.08561	87.3305
2.08477	87.2366
2.08394	87.1738
2.0831	87.1443
2.08226	87.0616
2.08143	87.0061
2.08059	87.0891
2.07976	87.1975
2.07892	87.2871
2.07809	87.3746
2.07726	87.3949
2.07643	87.2774
2.07559	87.3517
2.07476	87.2094
2.07393	86.9936
2.0731	86.7319
2.07228	86.5024
2.07145	86.7699
2.07062	87.3341
2.06979	87.3444
2.06897	87.2325
2.06814	87.0839
2.06732	87.0517
2.06649	87.1915
2.06567	87.0349
2.06485	86.647
2.06403	86.9417
2.0632	87.3571
2.06238	87.299
2.06156	87.15
2.06074	87.2811
2.05993	87.0943
2.05911	86.8951
2.05829	86.9677
2.05747	86.9641
2.05666	86.9022
2.05584	87.1096
2.05503	87.3008
2.05421	87.3852
2.0534	87.3756
2.05259	87.2423
2.05177	87.0788
2.05096	86.999
2.05015	87.1498
2.04934	87.1765
2.04853	87.207
2.04772	87.2305
2.04691	87.1153
2.04611	87.1435
2.0453	87.0728
2.04449	87.0361
2.04369	87.1124
2.04288	87.0462
2.04208	86.9174
2.04127	86.9628
2.04047	87.0896
2.03967	87.1945
2.03886	87.1846
2.03806	87.0949
2.03726	87.0519
2.03646	87.1461
2.03566	87.1982
2.03486	87.1859
2.03407	87.3327
2.03327	87.3677
2.03247	87.1208
2.03167	87.0683
2.03088	87.1584
2.03008	87.2116
2.02929	87.3319
2.0285	87.2449
2.0277	87.1074
2.02691	86.9893
2.02612	87.0677
2.02533	87.2023
2.02453	87.2195
2.02374	87.2139
2.02295	87.1001
2.02217	87.0338
2.02138	87.0767
2.02059	86.9365
2.0198	86.9075
2.01902	87.0785
2.01823	87.0142
2.01744	87.0905
2.01666	87.2329
2.01588	87.2265
2.01509	87.1948
2.01431	87.129
2.01353	87.2083
2.01275	87.1438
2.01196	87.0064
2.01118	87.1359
2.0104	87.1248
2.00963	87.0016
2.00885	86.8316
2.00807	86.9821
2.00729	87.2939
2.00651	87.2205
2.00574	87.0178
2.00496	87.1502
2.00419	87.2575
2.00341	87.2598
2.00264	87.2912
2.00187	87.1676
2.00109	87.0902
2.00032	87.154
